//Synthetic=Synthetic_00771_J60

J=60
MT=20
Vd=2
Vv=1

p: position coordinates = 
0 0
45.257645 -33.18164
50.588474 3.790217
33.463446 28.975124
50.148097 0.474382
-39.04083 12.868142
-54.238222 39.206691
24.108396 55.80507
65.569734 -54.226939
42.280482 61.59379
64.55219 22.328457
24.430734 -89.597296
-35.889929 43.63235
42.333936 -9.14238
-71.875779 -34.616015
-6.670543 42.784073
-28.862728 53.435441
27.712455 48.596226
32.426654 -36.625991
81.611157 -18.491432
-59.266271 28.672573
42.403128 -5.881011
-49.630938 -74.094613
42.599826 55.901902
54.350106 -1.462546
73.696562 -43.377612
-35.670953 63.575496
19.310087 69.028134
45.508881 71.510255
12.965991 55.055423
71.74985 53.367449
75.068218 8.972224
16.948778 82.360991
81.376821 12.411205
62.804642 15.883456
-49.86967 -15.266809
43.852595 -67.937403
36.803985 -57.518337
37.951167 -62.167327
-40.839731 11.618874
-10.058791 -61.009999
-7.314524 67.553133
10.937709 60.155449
32.029083 -32.69783
-26.423055 -53.300682
23.347061 37.599473
39.244161 -13.741561
-15.854347 47.52525
-93.492731 -1.466916
35.93399 16.89554
41.52576 14.965023
29.009542 61.38113
-48.08954 -63.523221
73.315949 -7.169647
22.960749 55.396018
52.388093 44.564115
-89.750988 -5.258486
36.194246 28.675687
-79.639994 -47.70791
12.153393 36.937345
-18.374761 -63.684772
