//Synthetic=Synthetic_00562_J80

J=80
MT=20
Vd=2
Vv=1

p: position coordinates = 
0 0
40.139863 -7.147628
65.313921 35.60677
-28.623617 14.393736
-23.874546 -26.671957
30.309052 -6.626375
25.218999 16.364194
67.500044 -28.71803
60.493865 -16.061778
69.640246 34.365917
-40.063668 13.694563
45.070512 53.864553
-39.400615 -35.432708
-75.287298 -10.531871
-56.219192 -57.174984
68.982247 42.851797
-71.245771 -15.704146
19.818892 -37.819684
-66.489775 -26.439329
59.989682 -27.091146
33.463287 36.238066
-34.346455 71.028465
-76.602592 24.564854
-68.794696 -1.264325
19.101082 -49.840355
-26.630277 24.902922
46.887186 64.278024
24.464305 74.60642
25.72856 -30.55809
-19.298383 -34.118887
-5.039499 38.337072
80.930612 -1.597716
71.833269 -13.185406
-20.419479 61.880927
-26.002695 46.237173
-55.417806 6.971727
5.940786 -31.996027
40.321673 -50.867461
63.219366 50.193142
29.511755 -25.700508
38.282117 -27.397878
34.297376 -0.233441
67.815533 6.698987
46.506351 -24.847329
-19.267317 75.959775
26.472039 25.926487
27.953349 62.840607
-31.479008 16.899213
-37.264308 -1.198205
42.511323 44.199774
5.39824 -70.336021
28.922017 -43.471016
-60.11632 -14.705903
53.872863 -54.960191
-34.094664 -8.437445
29.82996 -35.778251
23.345807 65.550158
-29.155249 -63.039893
27.403448 -21.237334
39.991999 -24.13673
41.19972 -66.884172
-6.177619 -25.272926
34.140382 -0.769525
53.997553 -37.887404
68.796176 -8.374286
44.080791 53.000915
-2.307072 -55.377053
61.591637 26.280465
68.42861 0.072361
-12.751911 -51.163334
39.366968 -34.11646
-70.971038 3.31237
18.961831 -37.801517
-64.103033 18.779262
14.398731 -16.533046
-60.964126 -45.167224
-35.74718 -24.376729
-50.543168 -61.743802
-18.697326 50.137147
69.254165 -0.156446
-67.565361 -8.960598
