//Synthetic=Synthetic_01026_J40

J=40
MT=1
Vd=5
Vv=1

p: position coordinates = 
0 0
-43.676804 9.59117
-17.027225 39.758248
34.779713 21.228907
28.021836 9.51529
-20.517091 30.011977
26.670348 -6.243457
48.508985 -17.889578
37.565306 -33.434488
23.222105 -4.639102
-35.021781 5.165888
26.65287 39.443931
24.089981 63.794197
34.356457 31.081847
4.096023 0.469946
23.137054 -12.530271
-41.895414 29.082979
21.832316 37.41116
-20.117407 -48.334618
-24.570419 -60.096257
21.90526 -4.253889
-13.371448 -19.32802
16.857494 7.64301
32.522951 16.666888
19.313883 51.589862
-33.743328 -33.590876
-16.642783 -34.007551
51.710578 5.113715
-30.327322 5.688728
-37.118225 -19.066664
-1.188193 -23.148005
21.503272 56.548171
-6.245099 -28.867556
-4.403643 1.542393
3.675937 -35.701586
-7.418436 -31.591253
-18.466878 42.654515
23.59508 -40.652077
-6.565703 21.260481
26.585123 38.130412
15.713845 -40.412437
