//Synthetic=Synthetic_00948_J60

J=60
MT=20
Vd=2
Vv=1

p: position coordinates = 
0 0
16.297468 -36.112446
-83.001199 16.324898
-62.011764 29.464172
-34.3729 25.475068
-65.843048 12.80827
-78.120012 7.815047
-44.573602 9.086385
27.036028 -43.665443
-63.615904 8.738742
-77.93943 12.208904
-70.811423 4.384499
8.919467 -48.271315
-77.496063 9.321917
-62.756178 13.740836
-47.892337 48.934028
16.524687 -38.075086
-83.639226 2.779383
-76.639916 15.359081
34.387182 -25.932767
-29.892555 28.635065
29.732599 -39.311084
-88.32025 12.923013
8.44117 -41.642565
-30.354077 25.964957
-37.754366 24.408571
-74.939942 2.340904
-52.136748 22.938355
-44.026896 34.92002
-41.735354 24.57347
-41.594976 39.048454
-30.625743 7.045146
23.313812 -30.008346
-26.140071 27.774447
-72.444013 16.774801
15.508617 -32.557257
35.97693 -36.471844
-75.071642 4.653107
32.880812 -38.874294
8.407762 -16.980721
-34.87121 30.483847
15.405812 -42.709683
-74.015752 5.564873
-74.466366 13.793833
-87.880031 13.884025
26.48245 -47.475994
21.963548 -49.687258
-58.603104 23.186669
-33.241432 42.304883
-78.855375 17.592592
-46.82527 24.183532
27.747902 -31.831323
-96.773179 16.724268
-26.515305 30.438946
26.084723 -52.501834
-69.930246 -3.445301
-48.794667 19.887218
17.987699 -38.821827
19.019561 -38.019159
13.118241 -38.148694
-39.697209 34.153796
