//Synthetic=Synthetic_00786_J50

J=50
MT=1
Vd=5
Vv=1

p: position coordinates = 
0 0
13.259157 -9.659192
10.120387 39.050207
-7.189847 41.04948
49.148563 -5.820875
-46.300637 13.548614
-26.386333 49.702733
-5.367293 46.797157
26.15805 -19.430921
-12.309704 15.975504
18.297307 48.468541
45.906155 -3.750009
18.752008 20.605686
-31.783557 32.097794
-24.292227 0.562477
-16.711829 35.155771
-48.718598 17.678199
-32.755322 -15.701879
-6.185874 46.88197
-29.095247 -45.97042
-55.894656 30.260491
37.190834 13.545137
24.748808 -0.174386
-22.421677 36.761389
19.776278 41.271779
-33.376262 29.428113
1.546202 -18.39095
-21.099938 5.903608
7.230168 -45.845703
-30.101766 -45.945349
15.411626 16.51086
-5.119638 12.838548
-24.399243 -19.529864
-18.040959 35.77563
-54.451619 19.866651
-41.793752 -39.205828
25.968308 9.246424
-17.911683 36.194843
24.5703 -37.59301
51.708087 -6.297982
-15.151827 39.285978
52.250934 -8.310755
-2.216791 16.044337
43.876863 36.986917
-17.736222 50.383605
33.076153 45.651599
10.105216 -20.269652
13.338053 -22.762551
38.499093 44.753705
38.041598 48.716605
-54.772484 13.983872
