//Synthetic=Synthetic_01007_J20

J=20
MT=20
Vd=2
Vv=1

p: position coordinates = 
0 0
-73.829322 -8.52248
-38.431234 -66.452593
-42.610366 -74.868173
-47.108126 -60.087119
-72.392862 -23.743038
-74.982503 -15.681637
-33.736644 -75.647831
-21.843705 -66.467578
-66.395449 -26.433814
-41.069425 -66.668992
-75.508933 -17.282725
-53.195875 -5.136403
-63.739065 -12.26499
-59.883791 -17.796003
-41.723648 -73.163945
-39.256589 -73.374932
-30.501492 -65.528731
-74.061413 -26.856344
-39.490062 -61.928768
-69.95318 -12.492012
