//Synthetic=Synthetic_01874_J80

J=80
MT=20
Vd=2
Vv=1

p: position coordinates = 
0 0
39.510811 -58.37692
66.67127 14.28542
43.3188 -56.976931
80.975968 5.14678
59.677129 -54.120833
72.029256 -7.290759
56.302729 -54.231401
60.93726 -54.042402
71.166492 5.413043
53.714024 -59.374009
80.834626 1.901773
74.909219 8.109878
58.337929 -52.837485
52.981145 -57.278844
83.236049 13.849212
84.839641 10.433197
58.33755 -60.747524
36.376371 -55.222376
59.623061 -64.086992
75.211394 2.934252
54.769022 -66.641256
58.175602 -55.725709
83.859188 12.74462
82.384876 1.134756
78.198273 16.446202
42.077363 -58.86963
72.366325 7.483878
76.768831 4.912181
69.570034 7.156301
61.88375 15.870063
70.797388 1.418841
72.739349 5.306845
59.396015 -60.827235
47.41124 -52.286271
78.009046 -1.432654
69.498274 6.587396
47.979191 -52.405536
43.049205 -61.91081
78.102879 3.684606
75.031389 6.394196
57.590201 -56.381165
75.163526 14.281407
60.329733 -49.878081
72.301122 0.54856
80.592408 7.521176
49.577469 -59.433556
50.270841 -56.828528
51.631424 -46.814115
44.340841 -51.980338
56.441891 -57.168768
66.075186 0.725755
60.36258 -51.93598
62.311594 -64.880053
81.902385 11.923742
68.890459 6.112062
77.765846 9.253548
50.531567 -45.362378
77.969321 9.956149
42.88204 -59.029845
58.987837 -47.428944
73.737345 2.689316
76.804716 10.494849
75.855884 9.390995
79.921532 -2.225838
57.696652 -41.395789
72.313669 22.164112
56.562981 -55.101713
61.810263 -46.528902
72.329109 -2.413663
59.3762 -57.920417
75.387762 15.438056
49.170517 -49.366614
51.805693 -48.841323
47.229311 -44.04634
47.874903 -54.544657
48.914015 -49.616001
52.690196 -54.641659
54.064411 -67.105755
85.771227 12.779176
78.387145 9.369101
