//Synthetic=Synthetic_01495_J40

J=40
MT=1
Vd=5
Vv=1

p: position coordinates = 
0 0
14.554244 -24.792848
36.161678 -23.604764
-6.635085 -14.919015
41.612605 32.113281
-24.260911 -0.852065
-17.682642 -4.295793
-18.796283 -46.971969
5.045138 10.353034
23.50108 5.096241
-21.08308 15.113305
-17.199701 29.085446
-3.730822 -43.250686
16.274505 -39.160608
34.857431 -30.266073
-17.967413 3.353655
9.207036 4.352836
25.224758 45.47962
15.026645 18.331313
-10.836938 -13.674412
16.836881 -4.980425
-45.724791 19.959606
-0.603339 36.100481
-26.115386 10.879066
39.985547 7.946138
-14.421441 -48.967746
5.575208 -14.284939
-23.438946 -41.964363
60.473048 -31.277838
40.916717 21.792577
-60.137055 13.838294
30.209401 12.896071
-28.750841 -2.014014
43.088901 -27.299299
-37.73878 21.598246
56.876327 -3.676569
-47.443651 15.826829
8.277879 -37.173045
-58.732023 31.592256
14.165623 44.759098
-0.72508 -34.788802
