//Synthetic=Synthetic_01879_J80

J=80
MT=20
Vd=2
Vv=1

p: position coordinates = 
0 0
-24.716283 -34.586546
-24.272645 -32.443684
-60.623275 -0.747631
-63.138955 -9.230036
-61.144373 -17.790531
-19.840147 -37.555434
-22.479248 -36.498757
-63.006567 -13.678313
-78.352214 -9.40109
-37.268332 -48.71944
-38.162524 -37.517283
-40.948137 -27.695394
-60.138739 5.410972
-60.094786 -8.208372
-42.547588 -30.931794
-42.979521 -6.5629
-70.078795 1.996876
-33.233673 -32.276877
-35.203777 -37.015056
-54.157376 -4.093312
-58.228399 -1.888023
-68.563285 -11.902544
-71.459487 1.765875
-29.704677 -35.778366
-31.948049 -40.670538
-42.022355 -45.215316
-25.310732 -31.470562
-28.090099 -53.509501
-64.180781 -18.717073
-63.562749 -19.034171
-74.980188 -9.178196
-31.380627 -36.939017
-21.923316 -39.949649
-31.389238 -28.186306
-40.509745 -36.931946
-31.601108 -31.015069
-18.484295 -42.855303
-57.591511 -14.076138
-14.33505 -35.838743
-25.105202 -28.72551
-57.12605 -13.014849
-64.367409 -7.191285
-66.507185 -4.22461
-21.503952 -44.108028
-25.549975 -21.466824
-28.264871 -46.398749
-37.968345 -29.414888
-26.317129 -36.889792
-68.313124 -19.014531
-69.396181 -12.444405
-31.605536 -37.145157
-26.141302 -31.935189
-69.015093 -15.861281
-67.434973 -5.33395
-22.798905 -42.89548
-65.32322 -3.479643
-20.66185 -38.020446
-81.289793 -11.390405
-77.385189 -6.619389
-19.627471 -45.728383
-31.55962 -40.798849
-58.435009 7.241584
-34.789898 -46.231689
-67.280262 -15.349463
-30.104514 -45.92129
-75.490631 -14.542308
-75.677207 -15.978192
-60.426833 2.926978
-21.378744 -35.932192
-69.627642 7.811181
-75.172907 -8.738312
-61.755634 -30.025968
-28.956291 -29.183318
-59.853773 -8.879448
-75.650018 -8.825519
-66.767155 -4.275738
-43.5659 -30.769097
-30.681825 -42.908203
-35.819706 -36.84421
-25.705209 -61.501172
