//Synthetic=Synthetic_00078_J20

J=20
MT=20
Vd=2
Vv=1

p: position coordinates = 
0 0
-34.859734 23.985758
-4.65068 -54.600838
81.552267 26.452103
8.696417 80.103388
11.809657 42.831881
-27.786577 -89.43197
3.459995 -50.639924
26.94535 -91.500544
55.95464 -37.042203
-72.759656 -71.125171
-42.413351 -7.075015
-39.203699 7.070481
-31.038767 17.273839
-23.967239 -95.572285
-67.736698 25.126881
-47.22373 -88.496683
24.535612 81.193605
-62.049476 -76.221179
-56.561684 -76.380944
-50.415945 37.999025
