//Synthetic=Synthetic_01786_J60

J=60
MT=20
Vd=2
Vv=1

p: position coordinates = 
0 0
14.225908 0.047627
-23.227197 -25.422685
-12.668564 -1.272223
-11.789854 -19.171151
45.032895 -42.718225
5.596911 46.445212
11.056976 3.045149
-24.993286 -24.361842
3.163134 -59.979698
18.599984 -65.489509
32.462739 37.60909
31.565248 -74.628595
15.169045 -65.391036
-32.946269 -10.372067
11.040231 -53.353504
-49.297896 -31.207318
-26.302613 -20.417275
-13.245766 -14.502573
6.987739 -13.699056
12.213627 46.864709
23.133551 -14.903252
6.598489 23.126935
18.410888 -5.514209
7.228185 -64.005159
35.300445 28.598434
7.040672 -67.083002
-5.559168 -14.671073
-7.808296 -47.543377
54.410255 20.361384
37.880516 -72.10615
-3.356248 40.19563
24.071269 -64.3127
-22.428901 -26.844344
-41.453884 -32.434452
19.224439 20.910469
3.932913 41.452101
45.837216 -8.467163
51.060108 20.589138
-31.162227 -3.581844
3.198194 -28.505794
-34.97479 -14.698171
-21.024787 -46.953298
35.935902 0.884676
-23.305407 -18.608613
-21.388094 -37.578121
-29.928575 -17.345194
3.063339 39.138547
48.572369 -49.317309
47.131243 -55.712883
40.969294 2.534541
27.636831 -58.965591
-19.696192 -35.388607
-12.198776 -8.800775
7.884502 -76.153597
17.721477 15.576148
7.947302 47.029544
36.30158 36.606445
-28.247807 -5.671046
10.518056 24.541719
5.35181 -59.006496
