//Synthetic=Synthetic_01856_J40

J=40
MT=1
Vd=5
Vv=1

p: position coordinates = 
0 0
51.412565 26.259356
2.028181 -30.360586
35.874218 -42.485687
20.800769 -34.829853
1.114794 -8.171785
47.400883 -18.912557
-29.658122 65.065314
54.781773 11.310564
-14.157228 50.898966
6.532313 -51.957165
15.23617 54.335523
19.417659 39.076102
-16.932066 13.857622
-18.188246 -28.652211
21.312113 -63.647547
58.657884 30.817616
-16.346657 26.485892
19.699029 -33.039077
-34.081805 -49.38887
-30.875285 -24.527194
39.40296 32.375733
-24.551713 -35.824575
25.245471 36.274262
-14.064287 -35.202412
-18.735886 9.447876
-26.750981 -18.152782
-2.547696 66.467589
52.27755 41.483457
-8.340648 0.076531
26.506958 -28.081103
13.893511 -51.569682
54.463658 6.3609
37.038967 -23.403408
33.437278 -62.077322
-38.815712 42.426977
-19.541731 23.691769
45.686573 -41.788454
13.084419 12.310546
47.004418 15.61088
9.455745 45.832876
