//Synthetic=Synthetic_01839_J40

J=40
MT=1
Vd=5
Vv=1

p: position coordinates = 
0 0
-30.342613 15.143675
-27.957503 9.249623
30.809857 -4.545794
30.244751 -6.875154
-21.909949 -0.247441
22.732732 -2.155489
21.271124 0.004088
33.424302 -4.832479
22.654766 -10.48394
-13.845767 10.981158
-10.709672 -0.74669
-23.050954 0.148166
-31.469692 6.648266
-23.109861 -0.308465
-25.376635 3.061375
25.886472 -5.167621
26.291402 -5.82819
-25.355869 -3.338085
-23.526188 6.90788
28.181474 -0.633053
23.099695 -6.328496
-21.978676 1.990013
32.582858 2.042922
15.950207 -3.416992
-23.927855 -2.026459
26.814371 4.10942
26.733505 -16.530785
27.664893 -0.582819
-11.592261 6.247302
23.884363 -11.896677
-22.828387 -1.658258
31.496762 -7.110525
-20.899746 6.221783
19.205638 -5.930617
39.046395 -8.69873
-19.934119 3.230872
-14.371115 4.184202
-26.645453 8.983247
-20.967494 6.558046
-20.026435 1.708885
