//Synthetic=Synthetic_01749_J60

J=60
MT=20
Vd=2
Vv=1

p: position coordinates = 
0 0
81.788541 28.779855
66.533034 -38.352007
76.961219 -40.260087
71.651981 28.317446
75.836227 -44.726915
90.807698 13.917888
77.938077 -46.310434
81.329639 19.050152
83.581163 25.73207
75.776936 -29.350639
69.426764 -36.940259
69.03018 -44.68113
71.940067 -32.253765
74.09322 -40.662782
82.58542 26.530205
70.496846 -35.188956
74.357635 -39.31581
75.67914 21.235289
70.456307 10.634108
71.32214 -44.295689
73.386546 -44.970752
73.090884 15.465491
76.156832 22.904056
74.053125 -47.701565
77.604402 30.651654
69.846074 -50.009446
76.985969 -31.171464
79.9354 23.974943
69.613139 -44.748093
74.624262 -40.115348
69.839304 -39.537454
72.144695 -33.754988
71.365566 -29.881111
80.662143 -37.084346
75.228147 -34.157762
86.197005 7.060256
70.426057 18.62002
86.565045 1.616147
76.621868 -36.990858
60.933647 -33.562469
83.504175 12.367677
85.116072 7.675844
63.631935 -36.270916
63.837783 -38.460725
73.883027 -35.330082
64.077051 -36.132466
72.226114 -52.422045
80.80388 21.002993
69.721062 -36.783511
87.32926 11.491102
75.500851 -44.556118
72.302389 -43.417046
65.289062 20.786863
64.922644 15.923195
68.466462 -37.099233
72.411074 -35.21059
63.565843 -41.520318
65.718342 -37.895364
72.294233 -37.08615
71.333384 13.697874
