//Synthetic=Synthetic_01471_J80

J=80
MT=20
Vd=2
Vv=1

p: position coordinates = 
0 0
20.419846 41.93803
-6.018643 63.733221
36.718561 -15.77504
-48.474178 49.809745
-57.250738 30.445707
27.969673 -27.037061
-14.024428 60.535054
-36.402081 30.7559
19.61304 -11.299774
27.414975 -60.777623
-11.284215 58.644381
29.634343 -45.127527
25.310462 -6.920661
-7.492859 73.298412
-50.291139 40.298096
-12.448574 59.096377
-40.691542 42.913713
27.716817 -12.895914
28.124789 -19.428699
-10.268949 67.345181
41.619905 37.430228
-40.49959 37.373889
28.439133 -18.092633
32.716308 -55.055161
31.222683 -16.24639
-1.193461 54.876138
25.200959 -63.24964
0.794986 68.637666
21.96618 44.560667
-45.789401 34.913876
0.915779 54.593472
36.179677 27.810845
24.366011 -22.313306
38.68504 38.043404
26.308279 -64.715739
28.232301 -15.495065
-12.558191 67.930113
34.671553 30.822801
26.097218 -58.862436
31.197828 33.41903
23.408033 -74.836652
-3.953892 72.996747
-51.473443 53.815679
18.356046 -45.543245
37.306565 -46.405506
-6.47298 69.255404
-8.191579 50.302106
-53.452272 44.471057
38.492767 -53.042639
31.041925 46.082559
8.297659 46.731408
32.218823 37.918304
22.77551 -58.022013
-45.077769 39.099463
31.052766 -64.636297
38.32127 32.629196
33.471746 -11.215143
27.159654 47.401868
-8.422024 75.393496
28.107181 -14.061357
32.952798 25.228615
-48.136772 42.680607
23.825647 -59.18901
29.191949 -64.530865
32.918788 37.179224
-40.579524 40.758225
33.607898 37.184938
20.118509 -48.79561
38.745543 -24.803684
-3.813493 73.942458
19.540086 -63.345317
18.517218 27.775046
33.623187 33.73692
33.847049 33.866093
23.639493 -9.566533
2.238173 56.77909
30.163705 38.614248
26.384708 33.188355
21.651982 -63.404712
39.792981 35.932479
