//Synthetic=Synthetic_01867_J40

J=40
MT=1
Vd=5
Vv=1

p: position coordinates = 
0 0
-38.665337 22.542103
-7.755177 -23.54583
-9.007117 -42.625931
45.795822 -28.940449
46.473722 13.928118
16.273382 -18.851423
23.086346 -6.126075
-33.373045 15.841688
28.007931 4.231006
-8.590043 16.420699
39.404854 -4.275971
18.897087 11.454077
-50.592052 2.323911
-37.183369 -37.668124
-6.079645 34.822545
-12.746753 16.688069
-46.681163 -18.294119
34.679327 -39.685688
19.343458 -23.480829
8.052485 -20.410715
2.483167 -22.489832
17.575827 -20.458658
6.118092 22.791493
-21.028987 -38.883344
-15.391315 -23.670765
-25.460226 -6.784946
-11.552495 12.365268
34.676361 -29.771786
-21.191602 18.28634
-12.632032 -24.610871
19.86228 -15.318113
-9.136827 48.097197
-6.931385 48.381225
-35.303401 17.936129
16.086823 -14.354628
3.83023 -37.117471
-27.103222 -1.37936
10.272181 -25.058239
-21.361989 7.688709
22.579957 -0.149465
