//Synthetic=Synthetic_01485_J50

J=50
MT=20
Vd=2
Vv=1

p: position coordinates = 
0 0
20.972891 16.884939
36.800753 -3.288854
63.370944 16.829118
-2.088042 -15.426853
-14.820392 -22.93243
20.138311 16.698218
55.062771 -52.305229
76.184332 -27.812104
64.32272 -54.593226
75.81945 -13.215578
78.11401 -36.787918
60.441894 19.641955
66.707005 10.382942
42.533688 -25.745301
78.986241 4.519736
49.637216 18.505984
83.172684 -25.741418
76.01132 -26.455365
54.391914 -9.016665
71.521591 16.052358
46.242438 -54.461075
35.867292 6.272339
53.688381 -10.943323
82.87118 10.355927
51.459803 6.709876
42.965889 -37.3375
26.379477 -17.034797
-8.548796 -33.64649
50.293049 -52.464718
56.090995 -26.864829
41.483924 -6.192789
69.05478 -44.336466
59.82483 -28.244061
4.200926 3.134154
31.286658 10.246794
39.081368 -10.792013
13.032423 25.12082
72.539811 -0.777182
-7.118879 -32.300176
88.731402 5.696168
87.32925 0.849714
27.977502 -26.753645
27.632996 7.061507
36.712228 30.350705
78.752752 3.636462
86.937265 -4.586592
49.066401 -47.456393
21.509887 28.908466
29.386167 -4.967029
61.584176 0.495889
