//Synthetic=Synthetic_00007_J40

J=40
MT=1
Vd=5
Vv=1

p: position coordinates = 
0 0
-49.077656 17.717206
33.516575 -3.577284
26.860523 -2.813622
38.380326 -8.422287
37.043606 -10.582088
25.315234 -8.211041
35.093772 -11.085452
36.13394 -5.147158
35.205134 -5.089157
-41.435447 18.822637
31.811358 -14.237754
-48.848277 19.429676
38.927999 -5.681975
-48.43856 19.283234
38.252653 -7.545734
33.218056 -14.764556
27.275767 -1.748498
40.122639 -4.571119
-45.45581 11.660892
37.249609 -7.261966
-46.18743 23.456603
40.78756 -13.248343
31.810252 -1.229604
-45.170069 18.66289
-49.223426 15.199189
-48.917146 17.669164
-55.444802 29.64492
38.293243 -7.09253
-44.507954 15.33312
-48.520318 14.668716
47.464953 -4.244215
37.262707 -8.763221
-49.257003 12.750448
-39.665179 12.105752
-49.279833 15.829451
38.300273 -14.790136
-44.237815 15.711987
-38.706275 13.079924
37.858093 -8.6326
28.362791 -1.191401
