//Synthetic=Synthetic_02017_J50

J=50
MT=20
Vd=2
Vv=1

p: position coordinates = 
0 0
-0.969942 98.599246
59.81156 62.333887
-1.994967 84.961434
9.57652 97.361071
-3.942663 110.143577
-6.539249 97.535438
55.495626 60.7297
-5.23634 97.605599
55.083787 62.866104
-12.290498 111.437053
6.171402 104.883893
70.444181 64.846866
-2.039585 103.048414
-6.288735 99.005623
3.350158 103.659217
16.459662 105.663416
-6.619181 97.153557
0.390617 96.908306
6.808496 92.408646
50.580924 65.682722
-2.387526 99.348197
-11.2043 97.894842
66.415574 41.358953
-0.244049 86.358441
64.293648 74.549935
66.596362 67.162147
67.854628 66.673519
-8.946562 90.894483
57.788267 61.998254
-0.214246 105.294683
-1.161113 83.81684
45.973074 54.72659
67.09882 70.953166
66.070522 56.924728
4.092983 88.942008
-4.179443 80.064575
65.970637 60.381401
-2.875351 107.217477
-12.528384 70.271608
49.361989 58.572544
-6.849592 99.581048
2.448193 99.046093
53.032395 68.385348
76.100785 65.338057
-12.765264 86.240304
65.636293 70.061047
-5.062928 89.492162
61.833483 68.846522
68.500586 76.286203
54.409451 64.558405
