//Synthetic=Synthetic_00712_J80

J=80
MT=20
Vd=2
Vv=1

p: position coordinates = 
0 0
-9.862086 34.336484
-43.752095 56.844294
46.917358 -61.419152
64.987772 -39.571326
66.416931 46.224052
-62.203374 17.934901
-63.002013 -3.200889
-70.431487 16.758913
14.797241 51.677818
-37.079281 13.040012
-65.804118 -35.230186
13.690696 -39.340585
-31.560915 6.22082
56.903623 41.316061
48.922433 -51.08719
42.349931 -11.065219
-13.3076 -30.243415
26.928753 7.792444
-27.32636 -30.432559
-42.088804 -55.920343
-54.353889 -47.239742
73.403327 -32.282452
20.367739 35.427973
-20.955212 -29.877196
56.078805 -51.775574
-64.153658 -30.637193
11.604128 -41.866289
31.386062 23.983788
77.002118 23.542517
19.775947 -22.453366
-67.255035 -3.112772
-27.768583 10.749548
-24.331084 33.568462
-19.568157 24.344072
-63.651137 33.673087
-7.475064 80.941604
33.906624 48.498914
58.329686 -54.422984
43.986138 -14.629234
-47.586312 -58.749756
-9.124967 -33.473766
29.4605 39.358744
-68.978839 23.236974
17.173053 70.937614
-65.208008 -33.47657
-51.094903 -0.611362
71.433379 0.006849
16.502839 -35.171306
0.953571 42.744984
57.266093 -7.911573
-83.541908 -0.744777
-18.526716 30.364458
13.664442 73.719307
36.938125 -58.364696
-46.065131 28.431459
-79.025629 8.584584
-47.373017 60.841877
-6.515145 73.946949
72.296426 21.623975
50.327753 -32.757924
-39.163408 -23.060749
-50.360424 -53.890825
14.073379 -69.345236
-2.599264 -37.683885
-5.336863 -82.488907
17.362087 -45.359173
52.068784 37.98528
-75.991161 9.011634
-61.101002 36.540693
18.454431 70.352333
-3.621171 -80.902074
43.556253 72.745829
54.175661 33.13936
-2.359726 -73.549736
-28.000358 -28.592486
-57.939123 -15.254117
16.006863 32.396619
-4.60329 85.118568
54.560419 18.703915
-15.409968 53.971757
