//Synthetic=Synthetic_00616_J20

J=20
MT=20
Vd=2
Vv=1

p: position coordinates = 
0 0
-12.750375 -28.847301
-7.766163 -36.969033
-12.81706 -23.257283
54.181892 -13.325615
-15.498724 -35.361973
51.292279 -32.046405
55.17255 -27.114815
-101.027258 11.080957
-85.675337 -12.972184
-69.718744 -12.085652
-84.102561 -9.12116
59.097544 -16.295337
-93.022675 -16.968209
-74.745784 -15.074499
-7.95956 -31.980051
45.467887 -14.759761
47.683693 -15.967559
40.347921 -27.649877
-83.965362 -2.144096
51.354043 -9.197472
