//Synthetic=Synthetic_01863_J30

J=30
MT=20
Vd=2
Vv=1

p: position coordinates = 
0 0
-32.873792 17.445414
-32.990584 117.407238
-11.216159 117.640291
-34.222533 38.05211
13.131162 45.443686
3.469455 27.910414
-24.296998 52.882397
-41.692358 76.510183
2.822932 119.623128
-5.923363 28.201828
-0.080699 14.653536
-1.85432 30.633242
22.644067 68.290771
-18.375159 116.349361
21.150292 44.934811
-23.664026 88.795593
-28.671402 87.694274
-38.2274 82.998488
3.974883 100.282261
-19.960834 139.868967
20.915693 99.25818
-19.609878 37.244264
-0.995147 95.029948
3.727721 79.453587
22.945546 91.502919
-66.197684 60.251938
21.743819 80.637539
-18.490673 29.699865
-37.621294 49.704302
-7.997586 105.757684
