//Synthetic=Synthetic_01338_J60

J=60
MT=20
Vd=2
Vv=1

p: position coordinates = 
0 0
-16.886893 70.388661
33.689035 52.407156
-22.644706 49.932051
-20.871891 67.621876
-20.385266 56.205039
30.704314 68.674315
38.330482 61.033751
-26.215514 67.658753
37.740142 51.652927
56.057785 59.643611
36.685168 66.280041
38.680255 60.005705
51.241035 57.396586
-22.680546 60.800116
42.956078 61.559246
47.73432 67.994896
47.269589 59.629229
-26.468838 67.99377
-28.061731 71.606778
-13.300051 75.8611
45.449634 58.763488
-18.788239 75.845445
49.676428 58.310418
45.562397 66.945412
-32.777331 84.128196
-15.571049 66.100351
47.078906 55.973862
-13.309399 76.045651
-23.13824 68.187256
-20.05306 71.581826
-9.899557 76.105855
50.61645 62.75274
-31.304197 53.869251
-24.087471 73.594383
41.462265 62.907559
-29.053538 80.457668
-20.060383 75.438362
46.542984 68.567895
38.005169 48.591572
50.405538 60.627624
-14.237778 55.084108
-12.319702 66.024203
41.314318 62.859897
33.737575 51.039333
46.183619 63.975896
-18.014163 60.629961
44.372907 70.229891
-16.895147 58.024852
-19.375452 54.527859
51.483624 64.314268
-16.345725 76.7639
-23.178022 58.435338
-14.513859 73.174226
53.216829 65.970625
39.616412 53.684994
42.299767 55.129584
-32.505683 64.63538
47.827687 53.502388
44.477993 69.031318
-26.706241 69.812253
