//Synthetic=Synthetic_00961_J40

J=40
MT=1
Vd=5
Vv=1

p: position coordinates = 
0 0
-8.442591 -48.654774
47.868528 -37.342995
-54.68497 -25.336383
-41.320493 -42.863344
50.501368 -31.58678
-11.077215 -31.582234
-17.21887 -26.644924
39.597207 -27.743102
46.870828 -20.716756
-42.155747 -31.731127
37.354732 -33.284845
45.217514 -23.084214
-38.116545 -28.057911
-48.001273 -29.155233
-52.670413 -33.775217
38.484944 -28.765379
-10.328464 -39.368559
-8.747434 -44.670584
-4.663522 -35.751772
-9.101649 -39.505264
-8.188478 -38.016635
3.583626 -32.224244
-8.706873 -39.967199
-42.224878 -30.993832
-9.742208 -34.525124
50.306537 -25.390613
38.517755 -28.580434
44.274588 -23.494469
-45.822723 -34.588297
44.755263 -37.596675
-11.270445 -40.874922
43.787785 -28.086617
-42.540418 -43.143031
-16.50023 -27.995872
-48.932703 -34.148868
-12.071529 -32.523152
48.332594 -21.169427
45.405473 -16.903159
39.703559 -22.323882
-11.221693 -41.548128
