//Synthetic=Synthetic_01141_J30

J=30
MT=20
Vd=2
Vv=1

p: position coordinates = 
0 0
-80.618888 -24.129133
-69.338984 4.993646
54.466536 -67.433045
4.984437 48.764786
61.672027 22.255856
87.922668 -22.635192
29.701306 -76.227455
14.515459 93.925926
-32.586244 -83.082459
61.260015 -51.905682
58.148465 2.800147
69.404356 31.959827
-21.443848 -90.994601
-68.703101 -36.03468
0.174193 -44.565003
-46.988282 -21.967807
-10.546224 -41.177692
-43.109032 44.902856
91.698368 -13.099128
35.288792 -14.810229
-59.204053 21.424467
62.53683 -56.33723
69.185943 -30.424797
16.951628 83.290713
55.173426 -60.130998
-28.740236 -36.464364
-38.295497 76.633169
47.142237 14.572251
-11.786101 -85.06332
45.410147 23.498795
