//Synthetic=Synthetic_00382_J100

J=100
MT=20
Vd=2
Vv=1

p: position coordinates = 
0 0
-27.648172 5.776244
9.568336 -33.013999
2.939272 72.563948
-37.713149 23.181483
-4.543847 61.181699
-48.872977 -73.04783
-50.449287 11.912887
-45.712108 2.953154
-59.103555 -12.272293
-0.107385 69.339674
-39.93943 -84.648307
-50.993581 0.782719
5.520094 59.591034
-51.228911 5.668508
-6.726752 63.231693
-45.547758 4.998798
31.34896 -40.699824
3.946987 62.531596
-46.02506 -100.51829
-52.430051 21.695249
-1.222528 68.406279
-41.395224 -106.813492
-54.498901 -85.918448
-34.350178 10.807747
-51.906895 -91.849419
7.732752 64.652716
-13.207383 71.017527
19.806176 -53.139153
-27.965435 -9.421801
-19.888095 -5.214857
-20.185871 57.778961
-56.249379 -91.33886
-8.645828 38.905981
-56.246989 5.228593
-43.707954 18.388615
4.576577 -7.546941
-1.851312 66.395297
-54.998231 -96.827202
-5.695275 64.618168
-37.126481 6.561982
-33.699386 12.242442
-14.477163 -87.239093
20.723858 -52.395323
-34.596874 -104.023463
15.355577 -21.393339
27.615061 -36.749633
-47.166371 -11.85091
-37.860392 -88.664359
-33.119486 -1.084934
-16.713271 72.993092
21.383054 -31.242131
-36.14576 -112.128709
-3.288914 70.091256
-35.88526 -95.122265
-19.259748 50.985139
-20.174717 59.989222
21.862282 -33.581382
-19.201738 -2.085525
-29.27283 -7.932458
-54.273537 -5.390353
-63.500752 18.221261
-52.835808 33.334609
35.940369 -36.678956
-14.185769 58.261058
13.85548 -53.741148
-37.128036 9.412673
-46.721047 4.873283
-46.63845 -99.188328
-24.830792 12.660628
14.058266 -32.164593
-42.00328 -92.09432
-5.392038 52.612594
-36.704922 2.652695
-48.663547 5.85301
-44.076138 -91.932323
24.500144 -42.047462
-22.941063 15.99198
-55.877722 14.134423
-3.112551 61.54988
-46.876866 -0.779846
-4.748133 59.931373
17.925844 -48.748984
-35.094196 -99.889295
-28.650022 -83.392535
-67.761255 5.503875
32.681629 -49.70825
-43.872886 -9.445739
-8.100351 67.975766
-7.971974 50.223296
-49.087251 -87.391879
22.697591 -53.346204
-43.765075 0.304655
5.995826 79.256053
-42.132102 -101.664915
-46.368539 8.156232
-41.455906 -83.603352
-48.995512 7.915325
-43.490003 -98.997335
2.440216 47.571935
-46.334399 7.33472
