//Synthetic=Synthetic_00015_J60

J=60
MT=20
Vd=2
Vv=1

p: position coordinates = 
0 0
23.714085 -70.560234
17.447897 -68.012827
23.747941 -83.734781
29.981066 -67.269888
73.156196 -19.51498
95.829081 -21.744604
42.786689 -72.033705
86.920681 -25.239961
76.619519 -27.883309
35.902993 -88.542004
78.371438 -26.019655
30.18147 -69.917582
83.237948 -24.917093
83.889702 -15.074327
29.87985 -86.708576
34.790428 -60.712025
86.672567 -22.383713
29.996643 -71.854856
30.045101 -68.07914
82.642599 -27.727279
88.212285 -19.144075
92.447008 -24.288158
87.931055 -26.226114
79.773255 -31.287276
76.022351 -35.236063
82.870094 -30.917723
27.509567 -68.002384
87.769572 -35.830999
78.137163 -21.764311
34.415892 -58.952862
78.996144 -27.514864
78.690116 -24.725255
41.637944 -68.512757
83.501197 -35.803024
34.850411 -81.754737
82.876913 -22.435491
88.591408 -34.376235
90.774199 -20.519435
32.804017 -69.96763
46.663617 -70.483407
83.089648 -19.889449
90.126069 -28.358805
35.970067 -78.191901
81.778313 -21.164803
95.816624 -26.391941
79.04496 -36.483582
91.232417 -21.23872
82.10554 -12.604312
28.810329 -87.391263
43.11459 -69.667117
31.328951 -73.058281
85.218255 -24.014768
94.021435 -22.661324
73.988149 -27.909439
17.53759 -75.73526
89.645272 -29.195678
84.571807 -32.948951
29.671006 -66.420684
82.120401 -24.763035
85.577707 -21.558533
