//Synthetic=Synthetic_00902_J60

J=60
MT=20
Vd=2
Vv=1

p: position coordinates = 
0 0
67.774144 75.021356
50.413093 62.759333
45.05197 -15.608467
65.670005 52.694503
78.029438 14.622993
-10.183927 3.981849
1.971375 61.934584
65.224183 76.424599
71.530466 -10.172517
11.524342 34.167303
-20.192885 31.382046
15.079617 58.886849
80.534543 15.991385
31.008235 78.005787
60.689035 47.789678
16.817649 25.17857
-25.819313 13.559134
13.228945 56.274786
1.219364 64.011708
3.52482 -6.439194
19.370162 6.434141
23.346558 59.821229
73.093071 50.545214
51.182783 -36.545477
61.966175 -11.649789
82.141195 50.694025
-19.487162 -2.612249
63.82885 49.865427
78.461014 7.356751
-14.538241 72.424202
76.126999 53.892933
92.189103 50.560029
4.533988 52.843259
64.485951 66.789634
15.970812 57.90595
68.402301 53.028569
60.395579 -9.519186
36.693767 45.427716
27.881389 2.82165
26.860652 42.104434
3.764596 62.078988
10.369182 58.707578
73.310648 19.097063
64.590395 50.177204
24.492218 49.743064
21.810439 78.182868
39.980559 47.400289
15.607545 61.281447
58.684574 -40.166661
17.705783 21.40265
58.718113 -14.635311
-12.577383 18.999121
-4.792715 6.72558
68.620533 45.793928
-6.337516 14.902762
13.432884 66.940204
8.293568 51.197449
-6.477781 14.595344
-10.226342 69.00042
66.718779 48.324165
