//Synthetic=Synthetic_00422_J80

J=80
MT=20
Vd=2
Vv=1

p: position coordinates = 
0 0
0.781369 39.91551
20.694258 -15.412769
17.116344 -35.157143
-43.289906 18.782911
-66.529275 5.455587
-30.240691 30.175123
-39.515263 44.010981
-59.421442 37.823184
-59.948154 37.337896
1.394924 36.957014
9.217657 -34.906222
5.101337 -28.356873
-56.025186 41.904685
-11.728245 53.199012
16.126721 -29.359548
-6.12915 46.798712
-14.681158 50.41584
10.689156 -36.10041
-59.188695 35.153219
10.614312 -26.432702
-6.881606 44.491764
-9.879647 27.457002
-41.143562 43.666653
-53.143586 31.80426
3.711899 -33.300583
-56.547502 31.391332
-43.486355 25.106816
-51.441213 44.746554
-20.063063 40.64546
-18.336088 50.82512
-19.121506 43.846286
-43.721317 2.143407
-25.941198 32.330777
-17.984662 42.064201
-53.917727 33.423421
-57.792795 49.553076
-13.527929 47.339834
-57.417997 3.834281
-26.355815 36.109913
-52.309459 33.631728
7.0894 -37.728671
-50.552836 30.908569
-10.346786 42.916005
-11.613968 50.285534
-17.77673 21.850128
11.333213 -28.563095
-46.245498 7.865325
-2.400808 47.46962
-0.370118 -32.655731
0.022348 38.48055
2.65628 -38.300254
-21.725164 27.258611
-21.174241 36.211989
11.005758 -31.360188
-7.282236 54.422418
14.729502 -33.298484
-27.727866 3.880131
-51.559639 47.994292
-47.877146 5.958758
-25.332555 42.594682
-5.992607 54.331464
-13.039293 30.500142
-52.925565 53.592915
-24.385045 23.043186
-10.708063 53.009929
-50.400062 39.425029
-53.414854 10.355639
10.282746 -40.84011
-21.282506 30.838543
-15.913368 31.300875
-61.187016 17.119436
-52.880305 41.607855
-47.832621 28.937334
-40.539968 11.85898
-9.59228 49.437299
-48.900298 10.590146
2.016902 33.788873
15.339659 -30.737775
-51.939917 50.326782
-55.794811 -0.906033
