//Synthetic=Synthetic_01254_J80

J=80
MT=20
Vd=2
Vv=1

p: position coordinates = 
0 0
-36.880738 58.536569
61.133464 -64.840509
57.664189 -49.108362
-34.007909 62.104545
61.635469 -67.859402
53.105035 -65.333354
-13.048643 -28.602679
-14.539293 -36.762499
40.693431 -61.435031
-28.346115 61.672829
-17.381733 41.553979
-24.680938 48.768677
40.053505 -72.892471
-28.98884 57.814799
18.994958 -72.769209
-19.065568 61.235931
39.108835 -68.378114
-16.499663 53.926917
57.29706 -68.621279
-19.875611 63.357273
-33.948921 63.374624
-19.037484 -25.071888
-24.507231 54.672079
53.048509 -53.611581
-13.521333 -21.1933
17.928039 -56.800274
3.551403 -39.29649
25.457752 -75.784174
-28.994312 51.334003
31.543986 -68.514036
30.120365 -56.782131
-1.147141 -21.999977
-26.680131 64.044995
-21.57718 56.807084
-25.622641 58.777176
50.103296 -67.906111
-29.709113 49.052232
34.51919 -69.258338
52.557255 -59.873983
-10.497767 51.385126
41.58372 -54.615867
45.19772 -66.805957
-24.353106 51.352287
1.759128 -31.634039
-14.907492 64.710161
55.885665 -63.512837
33.138678 -68.689901
-43.600284 59.659496
55.822413 -54.021188
-20.872243 37.761775
61.159002 -48.609919
-13.509523 -22.129232
-26.81775 60.112097
-24.225337 53.784584
-25.302953 57.245943
35.466694 -69.507837
-19.452501 69.780045
-34.933609 60.009262
-36.103259 66.227317
-23.839471 46.60436
-15.016315 63.779951
-9.786248 -36.078629
-21.418611 50.2135
-31.94554 64.282425
41.951559 -58.781543
-7.06486 -37.566145
-27.491541 51.997442
29.851068 -66.004321
-24.539692 57.087533
46.55205 -71.926268
23.600297 -70.756342
-35.782558 59.641909
-23.759978 41.859865
-25.506166 -38.824721
-25.312943 58.808928
29.033552 -54.000721
-28.055038 52.631839
-27.772197 49.463056
-3.385002 -29.42432
32.806745 -78.609098
