//Synthetic=Synthetic_01599_J80

J=80
MT=20
Vd=2
Vv=1

p: position coordinates = 
0 0
-38.367632 61.210746
8.278655 -1.840832
-36.134446 68.275258
-53.539763 58.036393
-28.29689 69.984444
-31.586778 75.548546
-40.351949 59.114281
26.179998 4.250208
-39.876385 69.803994
-37.220108 51.913171
-38.174467 74.324531
26.415219 4.209894
-31.281915 60.310761
-45.892983 60.784121
-38.099037 72.4797
-42.825465 79.708708
-41.354563 68.205067
-30.258525 59.569057
-34.736512 65.968994
24.795385 -10.276855
-34.863087 66.895185
-37.535106 61.965253
-34.243376 61.463396
-38.419215 75.407418
-42.881092 57.497636
39.004542 0.758587
-34.303772 62.766201
-32.812347 69.109371
-42.640003 75.596345
19.784774 -3.031556
17.213301 12.517409
23.208627 0.958026
20.503698 1.616942
24.443745 14.58367
-49.75369 64.271246
41.075357 -17.306648
25.557925 -2.875567
31.551348 -4.71409
-33.971163 54.210559
-45.859173 68.213624
30.192686 -11.0661
30.204518 -0.12492
24.573692 5.963398
27.762163 -2.65249
-45.055396 53.629075
23.049212 -8.457782
-35.239647 58.221818
20.263672 -2.30095
-38.255149 58.666686
31.351843 -21.661833
-37.474352 58.339233
20.403072 1.689062
-44.444974 62.78748
25.436074 1.379208
-35.097595 60.402205
23.764154 11.395313
-47.223388 61.512786
22.284269 -0.607014
22.975569 -6.804629
28.211768 6.768172
-53.964365 65.512479
24.623357 -1.982361
17.886822 2.865288
-30.907994 54.620926
-42.730188 64.536377
-48.399986 72.165614
36.597692 -9.002853
-28.889277 77.575888
35.97391 -13.002305
24.090508 4.821518
-37.251606 66.6508
23.899635 2.089903
-31.450214 57.308687
-36.52125 63.215934
-33.292313 62.700207
27.122738 -4.675379
-35.304688 64.487334
-43.776141 57.058363
22.602289 -5.377223
-28.894534 58.540881
