//Synthetic=Synthetic_01231_J100

J=100
MT=20
Vd=2
Vv=1

p: position coordinates = 
0 0
75.543282 -14.438027
-29.871131 11.284142
30.242348 -30.501102
16.431185 25.318418
-4.27928 32.534681
-37.07646 -18.747319
-26.347325 -21.049469
-20.983377 -47.367656
6.788135 75.107335
78.209286 19.802035
-20.41587 -38.098037
22.711584 56.938646
27.721065 59.131835
9.101362 -62.306962
-45.104202 25.654925
-12.840368 -82.584012
63.898306 25.049869
-14.319043 47.159818
59.731282 -16.962254
-72.119176 19.224246
-31.399343 -58.214389
26.772701 64.036138
-62.804451 -47.089293
56.260008 60.289293
48.898131 -10.15749
-41.678296 -0.949679
19.9521 34.388877
13.646481 72.688828
-24.054123 80.01678
24.324828 -19.468507
-21.112433 69.970634
-70.467598 9.053274
-44.073672 -6.907477
57.387364 -9.35419
-54.131783 37.308087
-39.891639 12.642969
49.68887 -58.006308
15.82727 -71.296007
1.20412 -37.139313
-73.837034 -20.116317
-1.238219 81.439157
-71.988224 4.442867
-54.515213 -3.631012
54.315199 -19.658846
-27.005741 -27.14387
31.563195 29.411136
-0.868171 67.723026
30.852185 -18.030307
-44.511975 2.235809
26.692871 -74.281175
-12.211366 37.419528
-22.661599 31.104784
69.703299 -19.543373
6.52546 75.581989
-29.44896 7.524532
4.421586 32.629694
-25.676412 29.772135
24.780025 -40.406685
-30.617971 -12.298872
40.412972 -23.400902
67.449714 -41.455283
-32.628205 -16.077952
22.618963 -25.786159
-25.743754 21.217922
-30.708611 -13.511754
-15.60412 -45.91341
21.820862 27.212419
-78.323908 28.228599
4.608226 30.02592
-11.796028 -79.714883
-64.350643 52.993882
47.370249 -40.132629
63.357855 -40.857017
44.312242 46.371611
-50.697653 17.272508
-15.157332 81.146256
62.468401 -32.479678
-3.518994 37.52794
46.226663 -55.799237
83.134371 3.633643
51.060592 10.528511
48.895963 -11.557751
19.849409 78.010673
58.193202 43.243116
29.066695 -75.262236
-25.2141 -16.135164
-73.818719 -5.139545
17.598703 81.69444
77.373012 13.611486
41.375368 30.277543
20.596681 31.210374
4.003032 42.173413
-33.255879 52.900748
-72.291723 22.570592
-40.169833 -19.619526
73.281331 -39.600337
22.896476 33.235727
-58.825191 -1.126025
31.577826 -36.734368
10.164806 -41.565401
