//Synthetic=Synthetic_01184_J20

J=20
MT=20
Vd=2
Vv=1

p: position coordinates = 
0 0
-44.616481 -66.749986
-71.873702 -20.750118
-38.997712 -65.241427
-76.309248 -16.205733
-46.059332 -76.863156
-78.39195 -21.197495
-37.80291 -70.323064
-39.058956 -81.514002
-46.75922 -81.07359
-48.624004 -74.605614
-69.103944 -5.309755
-69.814023 -29.689735
-31.024465 -81.884043
-36.560485 -79.464745
-71.777117 -18.408876
-42.31685 -69.939243
-60.249355 4.943251
-74.747523 -19.638069
-37.715666 -79.120043
-79.553661 -19.499101
