//Synthetic=Synthetic_00794_J80

J=80
MT=20
Vd=2
Vv=1

p: position coordinates = 
0 0
50.742455 -65.953127
67.187073 -60.959189
-12.101788 -91.637972
57.580288 -65.144478
51.343546 -43.123115
5.30107 -86.611848
-2.019609 -92.997171
58.42803 -66.833266
-12.623655 -82.294544
63.970565 -66.869461
-2.820287 -90.887891
-9.429934 -88.280044
60.617785 -56.677185
63.807265 -65.510337
1.928803 -87.505074
-7.335602 -85.516964
57.949652 -47.64551
63.251065 -63.316892
62.860438 -46.801737
61.815137 -66.187708
7.546242 -83.719007
60.190517 -67.795148
-18.759774 -81.507486
53.956255 -49.32297
-7.579866 -85.508231
60.090317 -51.954307
-19.058708 -91.903534
1.350979 -88.9452
-21.248258 -88.125213
-9.825659 -82.805699
47.180166 -68.442257
52.542381 -71.963896
-10.478735 -94.226188
54.533209 -69.570949
65.425968 -56.12706
-8.70041 -84.791729
47.129196 -55.834809
-20.783663 -78.715385
-2.780355 -86.605767
55.130931 -75.166635
-31.6032 -75.427269
46.85629 -55.984235
63.68968 -59.773401
-16.512129 -85.45016
-0.527932 -88.318359
67.562631 -65.761434
-6.632422 -76.049322
57.982991 -63.352343
51.914773 -63.199394
1.325816 -86.960753
59.053483 -44.968951
-22.021047 -76.792894
56.705887 -55.276162
-0.737607 -68.191745
63.967753 -60.185762
-12.394232 -82.784677
-3.929983 -76.135282
65.031909 -66.565243
59.47945 -67.083011
61.926857 -65.304444
64.682963 -60.392314
-15.319111 -92.030622
0.740149 -93.078566
47.87611 -65.944543
-11.492523 -74.863545
-8.140434 -75.980894
61.092486 -60.355578
41.524011 -66.368758
-13.186048 -77.862132
60.138253 -67.4957
63.118983 -67.918305
-1.334084 -86.311829
-15.667438 -79.303998
65.63841 -71.888738
-14.337692 -93.492531
51.186492 -53.667211
-0.081774 -81.746125
-20.565083 -84.22807
-7.856488 -84.043622
0.580352 -84.783759
