//Synthetic=Synthetic_00990_J80

J=80
MT=20
Vd=2
Vv=1

p: position coordinates = 
0 0
4.608551 47.402743
34.431307 65.285265
35.420392 29.927285
-14.636967 121.344386
-1.529304 75.179828
3.857284 93.852161
-61.668242 64.005337
3.567567 31.425117
50.887554 56.716255
-13.690841 45.945071
-4.162257 35.50441
-24.033882 85.89428
-12.427848 17.796143
-48.581458 48.464213
33.907178 97.981031
-30.814517 60.000281
-64.132263 67.918903
-52.852876 78.528514
-65.106055 56.694449
-11.834614 18.989138
-35.079916 64.837678
-65.18683 64.461028
-20.867737 22.352124
-51.517683 53.930651
-25.886125 59.645686
-7.623178 7.444651
13.502567 14.958415
-32.330201 104.800351
22.37521 82.172116
5.807785 119.859844
-10.871893 70.726345
36.712625 38.438451
-11.799935 97.578056
-9.624873 26.331307
14.255601 16.241819
-22.86393 62.475077
-36.307746 93.563695
-13.183425 56.472725
40.144319 51.347039
62.054862 71.215833
7.412118 97.743194
-46.358649 81.617825
-25.333219 40.82106
26.438018 78.352969
-9.684707 128.964615
-11.63956 61.470529
-6.188672 51.764971
-5.148533 41.846183
-40.409275 48.363489
5.198724 30.522286
8.386567 44.317358
-50.373217 81.475714
15.770675 92.631404
-27.051014 45.879701
17.142292 91.583606
-21.329812 48.893718
-53.792804 46.639266
-6.230317 85.70094
-4.387006 49.227976
34.868578 70.565384
-21.354068 53.3754
59.325625 69.292702
42.743682 71.511418
-36.47153 95.502327
-28.78051 46.822422
-14.637231 115.109506
7.448476 100.255145
1.024742 69.088014
18.662911 97.052422
-44.882402 40.376985
-15.541867 4.736183
-53.616999 46.074768
9.689991 78.147846
-3.374784 54.254799
-15.276432 110.777594
49.752953 79.07002
11.60316 92.505242
-14.973249 102.476186
-12.237649 114.35135
27.529638 32.877842
