//Synthetic=Synthetic_01078_J30

J=30
MT=1
Vd=5
Vv=1

p: position coordinates = 
0 0
1.318507 7.569949
-10.676814 -25.198852
34.774717 34.833965
31.597852 29.578037
7.430308 18.446499
-27.594324 45.607128
39.614672 9.617807
-13.238254 -10.822161
10.978429 -43.601431
-11.424637 29.385728
10.726067 -19.984761
31.139887 33.998392
10.229122 26.766232
-12.835361 1.021133
-1.699547 -8.440602
38.580294 -21.8788
-21.269815 4.837311
-28.810132 17.398734
21.446307 36.691178
-29.079422 -9.682591
1.539503 -24.250851
-10.749582 -20.751622
24.067246 -11.941766
-2.36834 34.659242
21.849335 16.130025
47.706789 16.571695
24.01084 -32.203119
10.043158 19.809516
-45.045515 18.12053
22.458302 -48.160732
