//Synthetic=Synthetic_01725_J50

J=50
MT=20
Vd=2
Vv=1

p: position coordinates = 
0 0
86.857879 27.772282
42.716672 57.311148
49.331278 35.832403
29.906542 28.630865
66.771082 33.1801
34.467632 35.651299
103.571076 48.59654
49.853791 41.669712
75.394461 -0.280226
48.402069 32.800428
58.21284 38.145397
7.696652 58.390205
98.435406 42.936921
59.997589 46.548074
41.924932 89.833729
33.699714 41.372235
6.245697 32.054681
22.881648 69.45173
67.227907 76.056445
56.232436 12.75133
33.941829 -16.748054
13.263391 65.4304
49.490873 -15.745789
66.144351 40.584568
87.452982 30.644
66.508204 -20.812145
27.688447 81.222175
21.73008 56.538705
27.544176 100.162755
76.820039 46.910581
10.898259 10.779021
84.117571 31.542277
58.839504 -0.809297
19.80533 51.381574
36.980217 64.967915
66.183444 2.094528
-3.513701 46.58847
7.281246 4.389964
92.435382 17.663614
4.685575 25.724278
60.811974 80.785862
104.037727 64.297296
20.726508 44.087601
82.897389 7.825111
72.692587 75.544397
26.509713 20.014364
69.666603 39.065484
64.854576 19.7309
24.470365 42.484757
6.229318 68.356622
