//Synthetic=Synthetic_00429_J50

J=50
MT=20
Vd=2
Vv=1

p: position coordinates = 
0 0
44.907258 -67.921745
39.696909 -65.695929
95.300467 -31.461418
92.88874 -31.92562
92.133807 -21.557739
79.596375 -5.402435
86.635013 -30.581465
98.055598 -23.347779
50.830657 -77.158482
43.376126 -78.273658
98.58094 -21.827698
37.769395 -80.438038
90.412317 -22.205605
102.790593 -13.811081
86.917796 -30.551591
42.030157 -78.811852
92.073874 -14.710112
47.441038 -69.591376
42.608296 -80.210708
88.80248 -24.70265
46.034801 -69.586081
43.31555 -78.55046
44.699747 -67.616979
87.962107 -12.32456
94.224971 -25.245891
47.673052 -78.257951
102.150984 -28.199053
31.789199 -74.600709
45.883861 -75.00673
103.809135 -23.38013
87.741599 -10.849539
102.622173 -27.144214
43.352476 -75.907686
47.473144 -78.022843
49.097302 -74.928369
54.450273 -77.806278
41.798424 -67.840241
44.397671 -69.777256
41.171788 -77.474935
93.684944 -16.789899
101.35486 -24.764865
49.153229 -85.165172
88.299959 -6.211368
82.431402 -30.823516
45.695164 -71.547587
59.006379 -75.493466
90.313416 -8.867935
83.469352 -22.405285
55.857982 -72.350729
90.228813 -13.041579
