//Synthetic=Synthetic_00360_J20

J=20
MT=20
Vd=2
Vv=1

p: position coordinates = 
0 0
-79.637619 -37.851874
-3.728829 -10.605622
-45.919419 -20.225493
-51.09088 -28.25616
-53.606756 8.431432
-88.226104 -36.837764
-82.257941 14.447802
-76.777051 -71.340838
-66.808889 -76.524964
-18.30132 -8.940746
-12.90549 -89.068984
-51.085151 -86.181165
-8.591989 -73.70958
-42.523844 -29.936359
7.471965 -68.477114
-3.51329 -38.812938
3.800091 6.081413
-51.317093 -23.045387
-57.563747 -14.021209
-12.880877 -46.188071
