//Synthetic=Synthetic_00141_J40

J=40
MT=1
Vd=5
Vv=1

p: position coordinates = 
0 0
-9.061886 35.344599
-18.477998 27.324646
11.862976 15.593799
12.092685 -45.798921
-2.121998 22.975099
-33.00097 -6.322016
-7.844338 -6.105226
-10.348506 8.096067
17.380376 3.398819
28.509448 11.574713
-47.400622 -4.65087
-16.095396 -38.447099
12.57668 -62.126141
11.968789 40.902081
-15.918314 3.063988
21.704805 23.000255
13.910964 -45.4312
-42.578718 3.987637
-0.41876 20.184272
-16.500947 53.232835
-48.416835 -19.895479
-21.832684 -27.260107
10.363055 19.73461
-13.31558 -31.658537
-47.140906 -19.732562
9.271543 -8.524265
17.179893 8.024087
-1.112224 32.61609
-6.869218 -10.184468
33.336534 18.508987
-31.305199 17.362554
-36.754931 -19.438332
-7.15421 33.384879
-26.84619 -2.119462
33.707736 0.065565
-11.506852 54.293453
13.929467 -10.565039
-17.384899 9.229803
-22.77103 -28.595077
23.264919 20.15327
