//Synthetic=Synthetic_00470_J80

J=80
MT=20
Vd=2
Vv=1

p: position coordinates = 
0 0
39.960591 -45.840413
44.732345 -52.837777
26.423323 22.781788
42.524155 -38.973569
51.37608 -52.236129
32.171848 -46.233798
36.7302 -46.134063
44.347021 5.627772
56.667653 -2.090629
31.842675 -46.970586
-1.235268 -32.356153
64.977643 8.033384
55.160753 12.488308
30.556181 35.240836
42.013273 28.629215
48.053241 -44.305308
44.651865 22.609936
10.005898 -58.890911
1.667413 -41.752739
45.755444 -63.318545
37.723926 -42.943462
45.436211 5.225884
43.122417 31.178541
56.745049 5.610903
46.300903 -50.208941
47.115134 8.530537
0.049126 -38.349119
39.731328 -48.399382
8.130325 -38.913484
52.76816 14.804244
44.161728 8.631362
34.285333 -54.716693
55.716283 18.940154
37.098504 15.939284
29.992694 32.574602
14.720548 -42.767829
11.870165 -35.331948
44.615027 20.010173
11.61082 -46.472743
29.384252 37.781193
54.340753 7.3717
47.010653 -4.773977
7.938403 -50.742051
44.374316 -48.457782
40.640585 -55.930105
37.106511 33.406292
57.165942 0.343006
41.374851 10.583911
32.851058 34.925722
17.129843 -54.687076
6.234191 -27.112253
59.139128 9.478877
35.631694 -44.060951
46.887309 -40.736242
35.360507 31.084146
12.306104 -38.074709
49.046898 17.565936
42.45501 -44.292946
11.093507 -48.908472
42.536068 -60.125655
52.037006 8.314154
54.466945 -4.304144
46.432527 -49.232603
40.550106 -37.935245
25.167852 -60.894147
43.010582 -43.768168
56.00979 25.316102
9.47728 -44.66726
29.613462 -33.447294
37.457027 37.565459
17.882913 -44.395207
21.522435 -40.607415
35.091578 32.128045
47.779142 -44.040209
24.959269 -54.133539
43.204245 23.876237
-0.021773 -40.738046
10.852851 -50.48231
26.241559 38.762759
53.553157 -57.910111
