//Synthetic=Synthetic_01659_J40

J=40
MT=1
Vd=5
Vv=1

p: position coordinates = 
0 0
27.572269 56.622245
12.061901 -33.533041
27.756529 -39.321276
-7.723881 -47.910569
36.971962 7.160663
-46.86736 22.02411
12.680399 -48.06569
19.810059 23.692363
-23.69905 18.707945
9.852192 21.368234
3.004516 -2.065132
-11.957277 -42.990115
-1.590684 -52.520254
-41.707565 -11.027973
19.126729 -11.76125
22.825631 -14.25356
4.457323 -19.939697
-17.747031 -5.594819
14.250231 -15.828369
-26.720593 -60.059915
-28.194456 22.612524
-2.324157 51.883521
11.475425 23.520013
-28.649281 2.146825
21.694606 -16.062858
34.92403 15.109327
-29.879182 26.891494
14.818441 27.301391
-24.117548 -59.1402
8.294172 -36.968111
11.878482 38.738893
-9.850928 42.270853
43.781771 -28.989621
17.610414 45.159144
-1.984082 3.001238
-18.193055 -45.397281
45.556416 -13.785028
24.634129 24.353688
-33.408458 -6.656524
-9.90536 -44.132099
