//Synthetic=Synthetic_01422_J80

J=80
MT=20
Vd=2
Vv=1

p: position coordinates = 
0 0
80.292303 -8.366813
75.342848 -13.093249
68.953268 50.118877
69.935193 -19.751859
59.362682 56.990705
46.405758 38.411826
60.332978 45.840249
68.405006 46.763425
65.067991 36.377983
62.166766 55.930586
75.374697 -9.51643
72.58118 37.703974
86.639449 -11.670547
82.135284 -17.134297
72.682934 -13.706271
77.158071 -10.596296
86.041279 -18.495072
60.946795 48.200861
84.259786 -13.488254
72.17854 38.829615
71.013526 -2.300677
80.73345 -18.004272
66.995732 49.06541
78.130537 -6.531526
79.687935 -16.94591
54.125491 34.337283
74.625373 -18.710146
80.292695 -10.909173
74.048844 -22.92945
64.619708 34.145747
75.286542 -13.176408
79.759578 -14.448698
65.307643 57.752481
68.96904 41.083634
78.11514 -4.383115
66.979159 62.701587
51.774332 43.380602
58.365379 46.778826
81.826552 -2.668981
68.838928 -15.011818
71.962822 -16.428657
63.689192 51.940111
77.434746 -13.105968
63.221922 -19.563757
74.118533 -22.291944
58.049241 51.828504
76.462719 -13.581379
79.255571 -5.194553
77.581644 -18.861563
48.56872 45.657557
76.832048 -20.440055
61.789662 50.575311
64.113388 41.610743
59.122206 53.411678
64.284799 45.22669
63.298964 50.388418
65.113518 54.879091
74.402328 51.833426
67.79046 -15.728671
75.499999 -13.72517
61.34324 57.001502
50.538747 41.980222
75.61582 -13.306878
80.320432 -10.846849
70.840861 41.480523
86.242263 -14.34788
83.040617 -13.091911
83.409021 -7.714024
81.916203 -13.407671
62.753823 49.782315
63.193568 -15.70123
62.309449 44.929258
51.951983 41.807005
73.788151 -19.315433
72.207857 47.114978
62.686454 53.393894
80.863044 -20.699905
56.660792 56.199536
87.554559 -14.992234
71.721639 48.553731
