//Synthetic=Synthetic_00569_J100

J=100
MT=20
Vd=2
Vv=1

p: position coordinates = 
0 0
-24.631885 -5.657318
-74.379772 42.994204
9.105662 82.38797
-29.726769 57.371206
-15.753913 77.285435
-6.474389 -30.158831
-22.450433 36.574093
-32.295222 45.852049
-26.426243 19.876639
35.169734 30.625958
-10.167776 18.508193
-16.895973 33.364613
-54.915888 57.789459
-46.028547 59.621756
-19.51093 19.084715
-8.191337 87.349211
-13.321932 21.702574
9.242663 46.315109
-50.85768 50.617436
-4.578094 65.391653
1.925919 87.334331
-16.817366 5.009046
-22.536286 103.09143
-5.148561 108.720847
-41.133235 56.896432
-20.672634 91.675252
31.696205 62.301966
-1.805259 101.184209
-59.35756 32.185038
-43.758644 2.86821
0.300281 -19.17383
25.193312 49.803899
4.80264 48.377432
5.590343 62.73099
46.464816 45.218003
23.174108 76.389609
22.545276 45.668932
18.67103 2.274489
23.223518 31.615209
-16.019465 -1.596548
-9.458297 -24.585973
-8.145933 -17.40237
10.597124 11.984333
19.297873 40.472572
43.818606 34.317541
7.823223 9.078375
-34.624647 49.93055
-0.331023 10.055098
-43.473404 9.792276
11.407623 54.260792
-3.13268 1.258046
-55.046878 67.55245
-49.590103 46.512697
20.117424 56.846182
-34.328765 83.649038
3.31382 -19.135949
-2.809354 15.633769
-1.423908 49.139277
37.642167 56.458063
2.231118 -9.685472
1.913671 74.912722
22.651464 6.398151
32.847845 40.65264
31.784903 53.639675
-13.943632 49.766381
-31.461106 3.852071
-54.773524 45.275496
6.52097 60.10708
-15.158718 17.5885
-26.598434 85.994502
-30.275277 64.062621
-5.857983 66.837588
39.880761 24.663099
-25.930381 -17.623684
-45.930535 45.648986
-12.661622 31.428758
-36.875129 36.301944
-23.915575 59.513144
-20.534484 87.995714
38.635751 55.980513
-61.194075 54.798561
-16.890377 53.359887
-6.879057 -15.321631
-7.432206 97.345821
-11.65112 62.796069
46.17235 58.534782
-15.70203 25.17372
-15.96968 6.490249
2.291705 5.315779
-66.639878 66.47866
-21.382505 31.152244
-2.928879 45.277027
5.911258 14.787902
-58.911989 14.886612
19.731979 29.083576
5.504266 51.198847
-13.752414 78.44699
-1.547908 49.905954
21.45679 52.036324
-41.488653 82.449565
