//Synthetic=Synthetic_00809_J60

J=60
MT=20
Vd=2
Vv=1

p: position coordinates = 
0 0
-70.928609 -77.883854
-56.176932 -67.549171
-51.411557 -66.271931
-59.436036 -72.654938
4.533323 -81.75203
-52.202986 -64.84855
18.946554 -85.276698
20.360201 -86.761212
9.698931 -83.134163
27.393909 -96.021271
12.409379 -82.634095
6.155507 -83.567583
19.022905 -84.538336
-58.310816 -58.433354
-55.889469 -66.708433
12.170385 -83.076277
17.851626 -91.73307
-59.349062 -83.104158
30.631016 -94.300342
-48.487077 -58.913812
-62.930032 -68.26603
-61.39105 -77.944563
-64.286732 -83.485351
15.39772 -87.889958
20.436621 -86.629929
17.799463 -85.03084
18.526805 -98.858635
10.857324 -90.30087
-55.376901 -74.677264
-51.304062 -71.595242
22.141688 -83.371982
14.158684 -88.764544
-49.86756 -78.216432
20.34151 -82.071495
17.947594 -84.124503
15.258243 -87.14222
-56.868694 -72.152065
11.622396 -90.208497
8.257379 -85.978355
-51.397258 -61.63389
-51.943589 -55.948123
-50.823564 -71.389816
-58.075146 -75.633904
8.963198 -82.708106
-56.818995 -77.665271
-62.365007 -78.102821
22.447814 -97.870628
-52.837719 -77.968332
21.499021 -86.254868
-67.027846 -77.272697
-47.731656 -88.351805
-54.727031 -67.467428
10.494632 -89.328442
-48.834576 -68.430441
18.481359 -87.706062
21.802921 -96.640552
17.193491 -92.544963
-50.391759 -58.815661
-57.934063 -71.380727
15.106359 -90.665933
