//Synthetic=Synthetic_00959_J50

J=50
MT=20
Vd=2
Vv=1

p: position coordinates = 
0 0
6.616145 -44.749273
17.563085 24.421442
10.589069 -35.038515
11.458354 34.714079
4.809477 -31.698257
-2.212092 -42.144107
9.439194 -36.515006
20.05909 -30.029044
20.397585 32.926377
13.632225 -35.903715
-30.346304 -55.627501
14.39621 18.441746
1.845294 -31.336361
6.826761 -38.43218
18.601569 15.935274
6.83379 -37.079721
21.178555 -45.896926
-41.881149 -48.25883
11.340844 -32.569614
12.141816 -46.434101
17.125645 21.274429
-15.292568 -55.643573
-34.198914 -79.424752
8.034191 -32.76419
-24.823542 -55.618872
-26.28647 -58.872095
0.930452 42.559295
7.530477 -41.241424
19.448242 -43.165816
26.860715 20.29943
-37.082812 -54.975632
-36.106757 -48.303306
8.139207 31.663319
0.269646 -35.6092
-30.315754 -83.636462
8.148697 -43.766778
9.582466 33.319155
24.222932 22.151507
2.570554 -43.021756
35.768303 25.754414
25.201886 43.283106
16.41965 -52.551429
-14.652896 -58.742901
21.454073 33.074492
31.408856 27.521262
-4.473367 -27.191857
16.730376 -47.439416
-29.824279 -55.750791
16.467512 -36.870039
25.18249 -37.58341
