//Synthetic=Synthetic_00617_J50

J=50
MT=20
Vd=2
Vv=1

p: position coordinates = 
0 0
30.531709 -18.671754
1.186388 -16.734254
-20.627664 -44.976484
-17.717885 18.38534
-22.168309 15.358299
-30.665462 -54.684517
-5.038668 -1.221283
-31.742619 -17.865879
23.408635 1.048778
-7.529951 36.100914
-4.78244 16.516608
-38.764975 11.63894
-17.169378 -37.602595
-5.431997 -3.05617
-17.928701 54.123879
-30.576558 43.652881
-58.794455 10.777522
-1.998912 13.109547
3.019955 31.427241
2.451344 9.716571
-18.048046 50.255322
19.986453 26.938097
-50.921499 14.025709
-51.991966 46.296429
-59.164393 -5.372901
-63.82982 45.68165
-38.095832 -38.042924
0.252003 -21.07768
-17.00906 28.620112
-24.094803 14.420355
-29.376029 39.891762
-13.711007 65.706806
-52.109415 26.517733
-18.890586 25.135371
24.066125 20.888695
2.703008 -27.07052
-21.945267 27.022874
-40.318385 -48.526474
-45.383954 -24.608748
-55.16996 31.873918
12.66339 -38.419396
-22.028276 -40.123709
-13.965823 -8.560051
13.998194 -9.596733
10.469389 17.261537
-16.877551 -3.179274
-45.751295 40.852576
1.962796 -11.102168
-4.053079 27.232309
40.067207 -16.314651
