//Synthetic=Synthetic_01482_J100

J=100
MT=20
Vd=2
Vv=1

p: position coordinates = 
0 0
-25.923021 -36.364465
41.186289 30.622182
-14.955612 15.773044
40.440863 17.339166
28.453158 4.628288
-46.153535 18.955061
-41.494675 -32.464488
18.472767 -59.195921
8.701915 -35.755411
0.375324 4.916336
-36.595121 20.02101
-50.520258 44.238499
-59.099996 -26.775211
-45.615146 14.383121
-51.235767 18.405782
-52.84519 23.385454
-22.184982 -14.450343
3.300433 5.71817
-24.397368 -4.939417
-23.170111 20.360887
29.132674 -6.790311
-19.948498 -26.753901
42.507733 41.82897
37.443547 -18.477962
-33.524737 -38.685691
-24.354005 -55.859526
12.651625 24.286193
-36.876816 -47.560085
6.947008 -35.246838
34.908544 -21.252092
-0.770864 36.070041
-43.265373 -1.632183
27.645074 -57.074274
5.958329 49.214133
-54.370954 -62.649789
27.628479 3.32798
-12.172424 -47.881884
-32.470939 -5.556953
-55.951451 25.91001
12.188867 -45.850004
-47.355521 22.191201
-13.821085 -55.710088
-53.982887 -50.353212
-37.236624 23.983956
7.808258 -8.207158
-37.974283 24.719519
-47.767922 2.858321
-28.060372 -39.558527
-13.540677 -11.115036
42.879298 -13.988819
-12.503814 -5.987782
24.464875 -37.607372
-3.558511 -52.237153
27.276105 25.571145
-29.948235 -28.76236
-8.021839 44.127575
-30.243685 19.567562
-20.489238 -4.302498
-13.650033 -42.745154
-48.856136 -43.739278
-15.256438 40.328118
-11.79169 -1.752035
-15.068113 33.870779
-14.661133 -51.173419
-51.130985 -22.22365
-26.683225 -10.49902
-11.909655 -11.267346
-13.066046 -11.504304
-11.038655 -8.399835
16.799776 -55.876637
-33.334792 -41.503263
16.854997 -8.354204
35.35124 4.251369
35.740683 -43.396433
-6.132293 -10.425306
7.93937 26.795107
-26.836122 9.118798
-48.203652 -48.978188
40.368791 23.431625
43.925059 -51.981608
6.749015 39.967654
-39.368306 -10.478678
-27.16847 -34.046585
-36.927893 -51.021173
31.736173 -45.269848
1.069957 -40.241494
-17.721619 26.093785
-41.642241 -16.29053
-10.754774 22.15652
31.033782 -16.476225
-0.819516 -22.742739
-37.495187 -19.083974
37.600492 -53.851517
-0.940403 -4.682258
-12.659299 12.858006
37.918233 -16.131495
-23.413112 -51.835752
-35.868674 -9.555809
-12.199055 -4.952258
-48.066748 24.053836
