//Synthetic=Synthetic_01222_J60

J=60
MT=1
Vd=5
Vv=1

p: position coordinates = 
0 0
1.390461 -63.439058
-44.9299 -16.309709
-30.407737 -38.885389
-1.332949 19.706513
27.706039 41.464778
24.509194 15.516189
-12.651953 -44.22426
-32.032277 -1.715605
-20.192644 54.442583
-15.528357 -55.230819
-56.714451 -10.274142
28.346931 -9.71106
-29.293926 -26.575646
-42.957986 -1.220305
-29.832545 -28.243708
12.887658 27.671492
43.97519 12.707083
-31.317192 -6.948381
13.646013 40.583845
-3.069631 -69.981391
15.651759 32.464583
23.755663 -2.8651
-12.052234 15.003144
4.554684 -71.891986
24.991129 44.344103
-13.460213 -32.295023
-45.64104 -4.47499
1.351622 -59.806782
-1.594564 -71.564871
14.38054 40.557126
-52.702767 -6.032733
0.235222 -73.578835
-3.015665 16.554888
56.43446 3.07364
-47.946911 -2.659593
-27.265501 -22.594346
-51.477471 7.96151
-57.032631 -2.640187
-34.055704 0.265381
-46.448629 -4.876292
-32.026471 -31.269463
37.423467 -32.778063
-56.563037 -1.227006
-24.51365 34.019284
-11.622525 16.168296
3.723751 -56.401044
-6.202107 51.243402
-27.975895 -34.484108
-33.640511 -23.076715
34.068223 28.948343
-23.509 34.312567
-37.299435 2.93169
1.296999 52.283039
-44.859894 -1.640097
-9.354532 -28.170863
-8.838991 -45.301542
2.823472 -56.593461
-21.689196 2.850548
-3.521423 -29.800344
-25.588922 -23.541315
