//Synthetic=Synthetic_00288_J50

J=50
MT=20
Vd=2
Vv=1

p: position coordinates = 
0 0
33.150912 1.55554
4.384569 41.512006
-9.08454 38.541841
30.660513 -4.886122
-2.951557 35.674679
9.54965 56.904796
48.055871 -21.887154
5.599456 39.210017
44.353653 -18.925674
5.305273 39.735826
30.16264 -0.604307
1.818043 38.303448
-6.467522 48.5867
-2.67324 37.933859
-4.277973 53.811013
-4.233483 39.697906
-10.83615 35.998503
15.292466 34.705894
32.125981 -15.827908
-3.440858 51.366599
-15.677299 36.615565
5.708498 42.275289
3.823508 62.419177
-3.713488 54.356139
-0.167676 49.844636
9.454468 48.973768
4.224224 34.243143
46.639135 -5.023252
49.249 -2.702051
38.976182 -19.788494
34.658518 -4.627982
14.003371 36.103852
35.219809 -6.440199
38.798122 -8.849158
6.34864 57.073093
10.989148 43.227543
4.173466 43.319671
38.352334 -5.457103
6.19143 46.498163
-3.570576 29.618912
-15.794118 37.940372
-13.983893 37.217783
39.156342 -21.042427
48.892415 -27.215079
-5.047883 42.77058
39.585098 7.963558
38.618599 -16.542197
6.186426 46.375558
-2.485612 33.865129
-9.713902 37.057622
