//Synthetic=Synthetic_01202_J80

J=80
MT=20
Vd=2
Vv=1

p: position coordinates = 
0 0
63.022216 -1.715561
72.766086 -1.570846
57.388574 48.202905
66.223783 -4.260802
51.453801 52.659854
44.64553 45.47303
62.506116 62.752016
73.321093 -11.763158
78.501877 -5.503931
80.777799 -4.493622
64.491055 49.658308
56.140008 60.129023
72.71652 -9.954584
77.501678 -8.898845
47.837821 57.111677
81.450476 -2.666281
50.460558 53.4437
84.021832 -6.66083
78.240461 -1.032912
52.821026 53.422664
59.41991 47.560701
81.999335 -9.90897
79.103569 -2.607663
52.538946 56.656424
72.429839 -1.004874
52.587937 57.808623
76.594394 -2.976727
65.852387 -3.450697
78.109034 -10.163551
47.035253 49.085712
45.170207 60.740315
57.976523 59.06716
53.610431 63.126178
73.02568 -1.621862
59.252389 52.669741
73.434387 -3.287318
77.3306 -0.513915
57.606212 61.062678
78.013181 2.14649
84.545038 -8.976372
52.537096 48.060952
43.619037 62.560317
73.320861 -3.932258
93.722429 -11.669754
69.812117 -0.446026
63.214547 60.250454
62.940937 52.401694
49.154842 51.748015
83.186682 4.348105
87.886519 -6.783817
57.485077 58.21121
62.865617 52.859007
55.0557 55.345003
87.881826 -7.003887
63.460931 50.301502
57.173253 56.360919
74.297088 -1.051007
62.59394 61.256239
55.913879 56.469368
40.770192 50.60006
74.139356 -6.699038
80.347592 8.042607
58.769191 52.897491
58.724062 53.348637
41.520367 57.502581
77.797131 3.428618
76.319677 -10.609563
62.677273 57.36233
43.789332 49.866233
50.623639 48.848652
90.484744 -1.431868
80.258894 -3.384342
81.316681 -3.506141
49.222963 47.176618
59.589365 59.175618
62.591296 47.720202
55.370266 68.063049
84.520045 -7.699178
50.994114 46.931633
52.353855 56.586528
