//Synthetic=Synthetic_00781_J60

J=60
MT=20
Vd=2
Vv=1

p: position coordinates = 
0 0
-73.416635 -46.177585
-10.394926 -84.763989
-62.992718 -44.33559
-63.285392 -43.741819
-59.810203 -50.121794
-15.976672 -85.318499
-7.585864 -70.522873
-6.017776 -69.833966
-8.085095 -84.508069
-74.018876 -41.509696
-13.500454 -67.984133
-13.735187 -75.456539
-67.512418 -45.671292
-66.029487 -52.999513
-13.450696 -89.905389
-80.854333 -33.556841
-79.584278 -41.79103
-68.755695 -47.894672
-13.711664 -68.154543
-9.005169 -72.051035
-65.43744 -50.16926
-66.924879 -35.503858
-8.725755 -77.736529
-24.166392 -82.840009
-10.256883 -63.341697
-66.47679 -39.2299
-16.656563 -88.405563
-61.715631 -43.17838
-67.41779 -42.592158
-70.977139 -40.575928
-73.020977 -45.997787
-68.737541 -47.590282
-4.320705 -76.740128
-16.518799 -88.991353
-61.620998 -48.998534
-20.816408 -77.334911
-16.082264 -84.853459
-17.941001 -82.063624
-11.682797 -83.084189
-11.469173 -84.479952
-14.334048 -86.49086
-68.225438 -46.428804
-65.313689 -41.088035
-26.174524 -83.204659
-25.346441 -82.01995
-4.912493 -79.236458
-66.82064 -44.539649
-75.974872 -46.475767
-16.272516 -77.532135
-7.520566 -75.434432
-69.85054 -48.168585
-65.299944 -51.357901
-68.911779 -31.749393
-67.55706 -40.473916
-4.744772 -82.332368
-7.949194 -63.431232
-9.60579 -68.28497
-65.255719 -41.099781
-69.770858 -55.575717
-72.840605 -44.635124
