//Synthetic=Synthetic_00087_J50

J=50
MT=20
Vd=2
Vv=1

p: position coordinates = 
0 0
63.943154 -52.073306
-18.414709 54.009719
-85.572511 -25.766227
3.873936 54.70874
50.152548 -16.063582
-78.878698 -33.797298
8.208468 65.785675
-90.48643 -18.853395
47.490706 0.194404
-64.949753 19.198805
-26.412318 81.016035
-12.620283 62.066172
-15.453281 -41.582118
-87.107166 -39.338578
52.99492 19.180163
81.513215 1.983564
29.239509 62.179796
2.768944 -33.792051
-36.726591 -81.417595
20.987136 -81.213492
6.911468 67.870309
-2.982109 56.4542
80.499829 27.992257
40.900026 2.513343
-73.62375 48.699499
-92.899133 3.886556
-24.0665 39.079068
80.727162 -11.864549
-70.717552 -62.128553
-21.93019 73.901186
89.898026 0.776017
-52.554097 -63.107751
92.334764 -2.301919
-27.416903 47.880647
-21.610413 -94.60094
7.828478 -74.171867
-26.935339 -79.646378
5.922492 90.068258
73.366189 30.558703
29.987155 -16.70763
27.324424 -76.719716
32.441885 -8.427851
34.188929 79.568808
21.353814 84.619625
24.356999 36.93786
-86.345601 40.545925
-47.928124 69.807832
-92.24367 19.568213
-50.013521 -67.126303
-59.188868 -43.942762
