//Synthetic=Synthetic_01978_J60

J=60
MT=1
Vd=5
Vv=1

p: position coordinates = 
0 0
-23.008754 21.568282
-53.280428 -23.316755
-15.104611 26.762057
-6.70498 -15.953813
-4.951954 31.58021
-57.596162 -24.418786
13.386821 42.66466
-8.396156 -26.968576
21.304716 -52.930287
-4.488423 32.689912
-4.360185 -36.673092
48.423602 29.327138
-29.044893 34.708058
-10.251292 -20.796415
14.842288 10.953931
15.778232 18.979769
-5.421438 -28.01659
-31.188093 10.093848
17.201449 -45.655048
4.859778 -53.461376
-11.774771 10.229236
12.655919 37.399325
47.662955 26.163859
-8.734452 -13.553171
-21.151143 -28.076617
12.721261 6.035221
-29.040559 28.208012
-21.125878 39.163172
12.543675 30.986642
12.35206 -50.642731
-36.819128 3.20888
10.846821 41.918895
17.947609 -43.626221
-25.453821 9.607833
43.166285 17.888099
32.61723 -12.070784
-13.65763 -1.551403
-37.205014 5.433029
7.607121 -8.273132
-30.133562 -21.885069
-15.726201 29.745947
13.496905 18.881508
-10.425142 8.653189
-6.922339 -27.568863
10.025565 -45.075657
31.543256 -9.407789
19.677068 -56.494099
21.333243 -36.594818
-1.283559 12.128938
45.694009 25.31022
1.548144 -14.569207
-37.340046 5.243519
-46.300223 -28.617939
12.219568 -51.689646
-57.091054 -26.560825
21.064743 -48.910807
-17.838055 -31.61289
-48.416557 -27.884767
-13.31123 10.885795
-2.742796 -17.1645
