//Synthetic=Synthetic_00507_J100

J=100
MT=20
Vd=2
Vv=1

p: position coordinates = 
0 0
-41.155005 -62.064882
-63.797468 -64.42587
-74.71681 -9.528838
-46.077486 -70.865417
-79.650797 1.233783
-54.828996 -73.783327
-57.499658 -66.267349
-53.411079 -71.599802
-51.617568 -63.572892
-81.599498 -4.211301
-35.463848 -74.048226
-73.161991 -13.146211
-46.313456 -77.191167
-58.775516 -61.3874
-76.630502 -5.063958
-84.858216 -9.752397
-42.56261 -75.180557
-50.081053 -66.873226
-50.69419 -78.029243
-77.221056 1.4828
-52.686941 -64.755264
-74.044354 -1.079288
-71.470566 -4.920447
-45.281378 -64.985859
-42.70425 -62.299987
-63.937322 -69.203192
-80.170614 -9.602802
-47.878206 -69.718842
-69.949308 -10.113011
-45.286353 -81.036867
-48.786477 -63.151577
-80.061814 -13.495308
-80.005686 -10.00341
-68.51369 -7.555892
-79.717934 0.868533
-76.272748 -14.117187
-74.419454 -8.062695
-74.835235 -8.813231
-44.895055 -71.099666
-79.993652 -7.693696
-49.963497 -74.175728
-45.539816 -68.244682
-48.993315 -71.148915
-56.699255 -75.152178
-81.73411 -11.789292
-77.546174 2.302657
-55.69508 -76.760344
-81.229825 -13.594406
-70.942538 -5.898074
-48.426242 -62.083649
-80.788297 -2.919436
-73.441189 -5.397069
-48.408578 -71.215085
-76.913505 0.47144
-67.373812 -12.779291
-57.581866 -57.22348
-86.930435 1.30532
-52.46428 -72.090725
-45.844448 -52.875735
-84.512746 -10.108576
-53.993727 -66.487288
-53.500417 -71.025174
-81.022028 -7.728031
-47.433599 -67.986586
-53.960789 -72.633626
-30.259665 -61.156345
-54.101538 -63.825664
-48.817373 -70.241391
-78.315183 13.966768
-82.668146 -12.54368
-80.212619 -3.126664
-42.129343 -65.621618
-54.949509 -71.44322
-86.975754 -13.019829
-71.641179 2.163295
-34.315041 -64.024799
-74.128749 -9.028262
-85.645625 7.267177
-82.169754 0.211589
-67.571202 4.284406
-56.960034 -66.56045
-59.408083 13.747471
-76.32291 -6.664941
-75.880916 -7.988809
-54.973874 -63.15059
-49.458981 -72.167398
-45.807712 -72.971312
-54.593956 -69.286451
-42.033127 -59.317502
-75.252104 -1.615565
-81.321749 -3.100636
-79.502183 -5.201134
-50.614808 -78.768555
-78.292502 6.183289
-75.123449 -8.111276
-80.816334 -2.30149
-48.691938 -77.069538
-48.144029 -65.466416
-47.554699 -75.442118
-68.270476 -1.897425
