//Synthetic=Synthetic_01835_J50

J=50
MT=20
Vd=2
Vv=1

p: position coordinates = 
0 0
58.792688 49.974434
66.283134 45.173256
73.488564 -11.43354
79.951252 -12.83795
86.234423 -14.496577
84.599452 -13.45398
62.949422 53.452231
69.326559 40.299043
80.677765 -16.803402
69.147972 54.987862
81.993538 -13.399433
67.331722 57.446422
77.090033 -19.236648
69.864826 -20.690623
96.597466 -3.179252
89.371532 -13.033535
77.417136 -17.572501
69.237392 41.509784
89.796116 -22.507762
81.896542 -11.407007
65.391048 54.858324
67.728635 44.544065
65.667587 40.180982
91.391502 -14.023889
70.7176 45.160493
78.993994 -16.21804
66.979235 -9.239468
67.938336 41.300525
88.787299 -9.427033
76.133105 -10.336472
90.415861 -12.66019
81.656142 -22.562219
67.069661 48.348632
88.001132 -20.608119
61.120587 49.550704
60.993808 47.19121
81.153498 -11.116897
64.0931 45.96665
91.552253 -11.734652
51.281379 44.410264
70.918979 36.173162
77.747388 -18.161477
69.083873 58.118146
66.127413 51.68737
88.861991 -10.652089
84.206347 -0.59364
86.677396 -0.937687
62.21298 31.313091
85.460863 -14.828811
65.69116 44.95182
