//Synthetic=Synthetic_01191_J60

J=60
MT=20
Vd=2
Vv=1

p: position coordinates = 
0 0
74.780901 -50.724518
61.715745 -48.359373
8.11219 -70.781677
20.137952 -90.245516
79.319181 -65.656172
80.123876 -46.607995
62.708329 -46.962288
8.193551 -92.995533
2.364237 -88.274923
83.27529 -53.41807
70.395151 -61.25051
14.411891 -81.989336
63.400311 -53.962438
9.332282 -96.495947
10.958388 -87.9093
74.902501 -62.020941
87.888258 -47.505373
12.799237 -67.689503
2.128631 -98.028661
79.314797 -60.493154
76.83072 -50.519634
17.248887 -83.849709
5.468087 -96.743036
20.835197 -95.213063
1.214193 -72.970657
70.879303 -52.875201
4.978004 -105.491685
16.847534 -90.667615
4.464891 -96.260529
78.622933 -61.275434
79.017597 -53.860089
-1.398776 -103.153834
6.536225 -87.706019
5.048484 -91.996878
28.645656 -87.615186
0.106403 -104.365965
13.490884 -92.784491
16.505892 -103.355972
9.310502 -82.684172
7.964881 -102.373889
5.851977 -98.102261
15.985166 -85.839105
86.441748 -52.570805
69.04118 -55.730992
85.128458 -52.796627
-0.530172 -96.313446
90.300554 -52.836981
6.049876 -106.319347
4.253739 -74.727948
11.92956 -88.175418
63.274859 -60.766497
12.015575 -94.33886
7.532309 -100.080896
20.828336 -96.577169
23.689752 -95.613917
81.72779 -68.263064
13.576238 -89.979587
69.226317 -46.973318
5.058489 -78.935126
3.541376 -85.312057
