//Synthetic=Synthetic_01930_J60

J=60
MT=20
Vd=2
Vv=1

p: position coordinates = 
0 0
-0.535159 -82.86104
-13.075759 -75.09411
-74.123888 -47.531859
-66.270257 -49.944356
-8.664184 -79.809495
-20.019041 -84.99924
-58.959012 -45.215415
-68.300366 -63.19254
-6.226099 -84.500208
-20.552212 -89.023293
-59.530222 -60.675889
-12.092333 -94.451167
-72.575249 -56.094655
-68.321602 -57.489697
-59.219732 -44.042315
-5.681881 -96.950074
-23.330442 -90.74621
-64.470809 -53.688969
-56.877943 -59.26765
-67.304878 -48.748704
-13.472529 -81.556082
-68.050366 -47.647514
-72.093777 -52.995534
-6.209876 -89.917987
-71.333121 -53.743714
-2.696461 -75.024328
-60.707015 -52.256775
-59.41355 -54.452718
-74.567891 -53.800472
-5.214409 -89.845852
-60.045114 -47.293003
-56.115288 -58.294738
-13.365795 -88.766868
-12.166331 -75.982159
-62.284383 -49.600035
-3.61689 -72.644733
-3.096555 -98.086629
-52.055311 -42.837198
-54.560174 -60.031489
-10.529914 -66.242801
-67.630406 -46.636164
-21.930241 -88.349339
-59.978308 -56.484609
-58.949179 -48.251097
-19.098397 -86.203174
-58.074096 -42.759406
-67.954686 -59.956258
-21.085766 -90.795098
-1.984382 -80.151126
-4.26087 -86.556358
-68.967332 -52.116162
-59.954976 -51.059219
-65.261613 -55.593652
-4.846077 -94.15932
-57.296683 -56.913306
-10.830517 -73.77717
-9.112382 -76.249701
-19.049024 -84.432392
-61.620045 -52.216554
-58.165892 -57.84017
