//Synthetic=Synthetic_01104_J50

J=50
MT=20
Vd=2
Vv=1

p: position coordinates = 
0 0
54.128964 59.243275
77.613958 -3.235704
47.510475 61.26392
81.194927 -14.281377
58.068831 60.994287
50.221614 59.254558
48.139322 71.526747
75.705912 -0.425288
88.260931 -13.589494
78.837239 -3.936786
60.205147 58.720319
50.825406 64.779706
80.384477 -3.371791
55.149694 60.452731
61.518698 59.393234
51.366862 69.372037
59.227151 60.524048
83.80819 -12.217828
56.650649 70.095931
50.497896 76.222357
69.682057 -5.772633
71.903252 -16.03545
84.868442 -6.652486
53.774557 66.495205
49.712881 67.081785
60.249994 69.327563
62.120589 72.702309
54.767992 80.541979
70.467885 -4.426302
70.412155 8.779216
65.643447 58.50946
74.219988 8.617975
50.074744 61.776316
59.37195 64.568548
47.739791 57.045776
80.087279 4.76338
56.903858 60.452758
59.102546 54.527018
65.174054 3.509801
49.110077 62.6701
49.357021 65.760801
53.476936 44.505797
80.607559 -1.718579
58.962792 66.655939
77.767865 -1.894293
64.161455 -12.513689
70.421649 -5.831583
76.276217 1.949784
63.635132 62.555513
84.398011 -12.308648
