//Synthetic=Synthetic_00550_J80

J=80
MT=20
Vd=2
Vv=1

p: position coordinates = 
0 0
26.150953 1.972227
-23.714582 22.0923
-47.852066 -5.906025
-65.745967 -23.828432
4.176669 0.901042
-51.815651 -33.363931
14.170279 -13.951543
-56.606409 -15.299158
11.67723 -27.31091
21.815484 13.131532
-25.967907 0.590517
-12.396703 -35.125261
-60.206357 -16.505079
-13.511289 -67.098478
-15.510776 40.83449
-23.231942 -12.855651
27.880953 -12.651685
28.100674 -10.630735
-4.549339 -12.497115
-10.881537 8.243657
31.9679 -18.615129
-0.105889 37.727652
8.379668 -0.31527
-27.882736 -44.464695
32.968478 -2.459781
-63.3375 -4.970343
-2.519244 -30.329238
5.462996 42.91505
26.53347 -12.847468
16.630117 28.441172
13.195414 35.355879
32.097782 -15.454694
-39.778286 -43.132246
15.726229 -36.154326
-11.551309 -45.605441
43.84082 -26.148408
-7.706141 -70.984857
-16.178915 15.78696
-16.044498 -9.615831
20.648613 2.277947
-24.391599 -10.064864
12.239874 8.196648
-17.710592 -58.942066
13.127251 18.774202
27.451839 -36.163805
-32.633858 10.800491
29.852692 -44.184459
-16.136336 -23.370977
17.305735 -34.863163
31.120604 -9.48145
-14.88418 -0.975336
15.773383 -51.781345
-37.277159 -1.469303
-20.967887 -37.446454
-22.283468 -18.387992
-47.996514 -15.704769
8.767712 -52.595341
-61.625237 -9.462485
-14.047573 -22.1612
13.856065 -7.346022
-11.843681 -1.746261
-27.34538 -1.559698
-8.958482 -12.408806
-16.937992 -52.272856
-39.741705 -15.904307
4.043991 15.283015
1.676992 26.593109
-53.251206 -9.40941
-11.130473 24.715527
4.411979 37.312605
-46.527806 -36.020373
-31.261835 -6.424521
-11.026563 -4.847538
-11.233617 -67.77398
-19.282093 -58.656223
-36.142834 -34.737274
-3.023997 49.283215
23.663015 12.376587
34.810208 7.006548
-28.310951 37.826345
