//Synthetic=Synthetic_00954_J40

J=40
MT=1
Vd=5
Vv=1

p: position coordinates = 
0 0
-27.198577 45.226395
-13.594312 44.472287
-45.519436 -12.996121
16.387846 6.51831
-23.666939 12.142279
-0.780043 -5.530414
10.294461 -24.703805
20.119989 -47.926231
-36.232219 -29.975327
46.051334 -20.196991
21.5544 -41.376496
38.816737 -25.655919
-29.723403 45.343765
20.864396 12.44725
-6.611184 -13.261503
20.311082 -22.708452
-43.797905 -18.909693
10.843806 -31.530955
29.183973 40.719008
-1.835448 22.14803
-33.782354 -6.632888
-16.451262 15.94132
-35.894412 51.588347
11.196855 34.150888
-17.127883 28.753016
7.189558 -46.694029
14.056795 -30.478156
46.031188 -22.49404
-4.807076 11.229937
0.020383 31.532064
2.640672 21.898397
44.046381 -15.060008
-16.959009 1.003694
-55.365194 -29.859773
16.569007 36.084097
6.497657 17.824987
-52.89676 -30.509236
15.508601 34.031011
-10.361403 -26.849037
-36.530957 33.992415
