//Synthetic=Synthetic_00147_J60

J=60
MT=20
Vd=2
Vv=1

p: position coordinates = 
0 0
-58.149989 42.619983
-46.514458 42.976627
-68.121422 57.190982
-41.942218 54.513668
-66.591631 65.796797
-64.599708 36.809928
-61.057682 46.686043
-35.847072 36.699212
-31.7725 22.667518
-78.699822 45.855832
-57.321523 61.893969
-45.181126 65.81422
-64.837246 35.295527
-54.279202 39.8421
-48.455789 59.727223
-77.553043 42.282928
-42.675983 30.112046
-68.454309 41.190627
-50.662719 51.824113
-52.222037 77.592333
-66.105909 48.347887
-47.583015 57.021072
-73.48001 28.191617
-46.145458 53.948845
-38.19578 45.495431
-40.402271 53.796532
-68.643224 61.769453
-40.55637 35.170262
-36.292671 36.442717
-56.120831 41.116869
-39.80512 35.374127
-16.480941 14.64163
-33.611725 37.460993
-45.155762 38.52362
-52.901251 46.631888
-55.485725 53.41808
-68.407703 52.146079
-47.475791 47.236115
-58.684006 41.930739
-59.136438 66.56368
-35.064816 38.946396
-54.820011 60.075099
-40.570058 52.950941
-65.860624 48.585297
-64.982439 29.961613
-73.77489 36.498278
-63.74715 36.107525
-39.43862 38.379571
-36.245014 31.426043
-61.00622 35.1982
-60.093304 32.136143
-65.540389 49.972799
-57.124826 60.795379
-37.909246 36.80373
-48.365607 64.23197
-78.889497 44.578437
-27.008161 33.23102
-41.901163 54.902011
-31.195339 42.203789
-21.497359 32.627734
