//Synthetic=Synthetic_01241_J80

J=80
MT=20
Vd=2
Vv=1

p: position coordinates = 
0 0
6.72648 54.822926
10.349754 61.789168
48.489683 63.938669
56.753379 46.670276
62.607683 63.082661
-4.282634 69.449999
-58.06831 -13.43439
8.309214 42.120058
-71.324813 6.862601
50.829713 71.652393
-61.937592 -5.690952
-67.047386 -16.210173
5.434407 47.515985
-52.593884 -9.336669
8.621828 56.691498
61.511425 64.623552
4.209566 57.266592
-3.181103 45.964429
52.133456 74.236351
10.714322 60.968374
-7.5616 48.868228
5.825745 58.96415
-63.578035 -19.224606
-51.597422 -1.499398
57.149995 47.720465
-66.441012 -8.438971
5.716863 57.220817
7.103837 49.620797
-64.559909 -14.049659
53.234767 55.290704
60.099296 60.611737
-78.249691 -8.15174
-59.224927 -12.366402
53.508383 54.993019
-1.499183 48.30406
59.273839 49.334597
-57.305179 0.142348
-3.240661 43.342802
-64.654465 -2.375918
-53.483396 -22.249753
60.995452 44.819994
-0.626907 48.365344
-54.761426 -16.524326
-3.977859 57.39465
10.917653 54.483538
0.045082 55.669071
63.635266 61.089113
-61.171389 -12.941903
0.556746 58.827224
-51.817594 -11.696293
-56.583671 -20.6958
62.952869 51.473319
-63.51741 -15.606638
3.737319 53.504574
51.678601 53.905131
62.852926 60.021742
-68.336599 -22.629906
-59.841407 -10.025779
46.892018 58.265602
9.026659 53.282689
55.94281 48.682365
-52.419467 -20.723879
56.750512 63.773609
-1.937956 53.796955
-57.871833 -17.502941
-78.444344 -8.471591
0.530076 54.22752
5.829302 74.123646
9.938698 64.162057
54.651952 52.130076
3.309324 61.32833
-58.655875 -31.050335
-3.865171 50.493796
58.054821 58.160103
10.28542 65.011595
56.940566 55.957005
11.470238 53.68137
61.182783 64.531511
-2.059671 64.629485
60.135143 46.99264
