//Synthetic=Synthetic_01340_J100

J=100
MT=20
Vd=2
Vv=1

p: position coordinates = 
0 0
24.590989 -3.747951
-37.658894 -51.97076
-39.593344 -41.116539
-70.70134 -10.9344
-52.44523 39.842835
-17.646507 18.751416
-59.725187 -10.58519
-60.156155 30.605244
-0.39994 22.092759
-39.119641 5.889689
-75.794674 -23.630883
-29.280768 -8.583553
-32.361342 -36.491004
-16.57329 8.725843
-56.907766 4.8343
-37.880282 14.973626
-72.074528 -10.542984
-8.780373 -47.967669
-39.430146 50.136439
9.72513 -21.78985
-11.253888 19.182194
-16.591165 -9.872305
-62.291231 1.683271
-5.971603 8.344453
-70.127266 -35.72799
-10.215086 -21.819864
-33.752464 25.775734
-26.520794 -63.775122
7.834562 -25.908353
-9.59488 -34.783383
-37.896483 -48.977736
-39.778015 21.731211
-23.953875 0.067227
-10.40513 -0.715701
-50.332814 29.061467
-44.881185 1.050914
-21.159983 -39.492988
-84.702806 -20.677459
-45.504507 -19.58053
-24.153626 -5.010268
-10.228013 -49.71627
-53.570547 -26.650808
-28.10783 22.317672
-26.901797 35.506497
-24.324404 55.413306
-11.755152 -5.065018
-16.179542 -53.499005
-26.499496 -0.497614
-30.55467 -21.342817
-33.707581 -30.644996
-56.586166 -8.39222
5.035888 -42.064264
-15.118032 -11.652103
-34.801176 45.144776
-21.370844 -41.388078
-14.309954 22.998354
-14.193565 40.786003
-19.027069 -18.225915
-27.685878 -63.051668
-10.544134 -22.829638
-28.79922 8.403674
-23.453261 -30.437833
-30.85577 -20.145963
-24.747422 12.465026
-45.541868 17.781571
-14.578639 1.604763
17.272541 -9.452939
-51.973555 -42.854548
-10.73473 -37.169096
-44.485269 26.77697
21.213201 -0.743147
-52.622765 1.609661
-64.207132 -25.370595
-87.339181 -7.157004
-28.484943 22.239992
-29.677701 -0.886184
-26.498831 34.170343
-10.477936 -40.708399
-59.036426 -31.553442
-27.363475 -11.386
-43.53132 55.394648
-14.765578 -3.314691
-48.948808 -44.278477
-60.138249 13.685941
-7.627991 13.267418
-73.663991 -23.420852
-40.967634 53.563791
-6.993024 6.700461
-25.093745 -64.33066
25.869521 1.573696
-74.69376 -4.624298
-42.004485 50.67709
-32.844301 -58.047637
-26.719177 -18.709456
-12.760884 26.658525
-21.25359 -1.218954
-51.512701 -18.815626
-53.399772 2.468996
-30.299734 35.28012
-44.8833 -46.806119
