//Synthetic=Synthetic_00877_J60

J=60
MT=20
Vd=2
Vv=1

p: position coordinates = 
0 0
99.234518 -20.886774
-69.545955 -51.191269
90.247036 -26.929375
80.459873 -34.108725
-73.717991 24.874093
86.738165 50.249031
76.266476 -71.912085
58.380211 65.255611
46.704672 -50.795157
32.567267 40.450232
-7.598792 89.731928
-57.940793 -9.788003
-25.881164 33.8255
-52.894857 76.761822
-95.89001 12.691294
70.299216 47.761369
-66.054868 41.053341
-29.850245 -43.264165
7.166305 -44.77577
-104.682408 16.820222
94.399202 26.743527
39.685387 -12.134898
-56.921671 -81.723228
-95.359942 -29.684286
25.045806 38.482785
-29.657465 31.150334
0.497288 104.661294
25.09571 -100.200612
99.85834 -16.642295
-37.651803 36.761468
18.363036 -89.916082
-86.302755 -6.97459
-27.91004 -62.556531
43.205641 -29.022647
-3.856882 -89.440625
-94.160951 -7.986324
59.85357 -69.079917
1.44204 95.438472
19.753441 -88.293499
61.531267 -9.799846
19.808164 -59.329088
-83.729046 -35.852811
31.764512 35.205242
93.337027 -24.077473
84.060735 21.132934
20.849146 -97.280328
-14.667863 42.483976
44.691607 -29.288849
80.095334 -22.110695
22.75827 62.80208
55.845608 -75.29026
-31.600527 79.12707
32.239496 -62.516233
-39.658147 17.66656
-6.985529 92.816793
-12.661967 66.448186
-47.08617 -16.09007
-83.887722 -3.769755
-44.026697 11.293106
41.688097 -20.435501
