//Synthetic=Synthetic_00213_J50

J=50
MT=1
Vd=5
Vv=1

p: position coordinates = 
0 0
58.258774 -16.328503
9.836439 49.099698
0.399654 35.162527
-61.982839 -19.27783
-41.980763 48.87484
-44.483585 -38.555285
30.800049 -6.413388
-44.951834 -41.86837
-29.635124 -58.727506
-24.818882 -60.814219
9.615908 -60.840822
46.087005 3.088969
31.801441 -37.697745
55.335262 8.450954
23.713672 51.876956
32.765718 -29.067172
37.253186 -52.927885
-10.566032 -45.858989
-24.337391 -0.27014
18.408099 -42.100191
-21.363682 11.038204
19.477752 55.156694
23.658799 -51.476998
51.983516 23.282904
30.511085 42.100046
42.992954 -20.53566
31.435769 -8.300046
-4.969193 33.793192
51.194833 -9.395456
37.671799 43.687121
-17.748467 -20.669696
-47.112338 -15.990654
-56.876763 -21.0092
59.512185 -14.145586
-29.687574 -23.60343
-19.138047 24.897741
35.668346 -55.445293
22.320761 18.920453
64.196483 -15.569327
47.8075 -24.610429
-47.536225 8.367423
6.013647 -22.624989
-24.806663 -20.007971
-41.536511 -27.678469
-23.014963 -23.942604
2.974399 -26.844672
10.011696 27.470969
36.293181 53.559949
48.312945 0.866988
-27.512072 15.279062
