//Synthetic=Synthetic_01909_J100

J=100
MT=20
Vd=2
Vv=1

p: position coordinates = 
0 0
-16.163264 59.641374
-64.447616 57.718834
-39.934967 41.699181
-65.074733 -34.611345
-24.841505 -38.558922
-72.274886 9.861901
-77.063034 57.377187
-40.377415 -30.486378
-2.414543 -43.452796
39.53861 -72.436135
-74.107871 -61.604316
-82.036474 -20.37868
-23.349621 -41.356864
41.99085 -76.91643
-89.805134 -29.972189
-49.290234 32.594944
79.138581 53.000771
-78.494106 49.686047
55.803528 80.450388
-6.235217 48.400055
48.150533 -9.105217
21.763958 -70.959816
-34.548926 -35.599247
-52.450617 -61.837991
90.22001 5.591954
-57.929587 -8.326044
-92.450078 18.857823
-57.614048 57.962844
11.411725 67.473872
10.149814 -42.220744
62.686139 4.501736
71.349966 40.770573
-34.989371 15.601276
91.860471 13.555915
42.789947 -82.714063
33.395505 33.323931
28.292757 -45.113606
34.693914 17.096962
-5.830938 -64.952554
23.698678 29.40194
2.270273 97.335285
-9.927381 -36.010886
-9.860664 -95.329913
-0.38832 87.486189
-73.198101 -28.740628
40.4996 -6.217192
44.708717 -30.340848
71.774338 -22.549134
8.823934 74.184201
58.122381 72.657829
-48.576783 -6.224235
21.545098 -79.577714
46.518061 86.844262
33.130913 -77.85343
-86.372281 19.437646
-30.014759 -73.352999
-88.147014 -35.078882
-31.741616 88.364005
27.390957 27.848637
11.840831 -87.969905
-47.78459 50.353325
69.196704 -67.730692
-57.780716 -9.067287
64.328492 -28.451737
-70.100868 32.038743
-46.05578 25.561757
53.717114 35.379635
1.720696 43.448156
20.281725 48.962274
42.319457 -62.833684
-12.98774 42.985109
25.34547 -82.036212
-55.776559 -63.798935
33.504744 -89.725494
19.872535 30.858812
58.765274 -2.62479
-6.615335 -47.328743
-16.130404 89.168686
30.18082 -92.992208
57.390754 -61.68219
9.741124 40.709885
-51.398259 43.444366
37.000071 19.298422
73.93364 27.724215
43.990109 -39.681145
75.342937 -59.893932
30.06246 -20.989331
-19.157691 -96.434786
40.649386 -72.04863
-20.843183 -74.366203
-91.598712 -22.935685
63.671997 56.817725
67.443312 -2.504943
24.567069 -35.461398
-71.820275 6.239995
23.78245 -52.630038
81.698148 16.351984
64.048354 35.833241
49.654621 7.296227
31.517684 64.567559
