//Synthetic=Synthetic_01810_J30

J=30
MT=20
Vd=2
Vv=1

p: position coordinates = 
0 0
66.088491 -48.570038
31.207932 -57.422156
-12.318402 73.231047
-80.402526 31.593179
76.2406 71.289979
55.489346 72.347761
68.409939 -27.21158
-61.914965 85.911915
4.964798 53.832939
-27.637708 90.168174
83.927346 -60.391051
-82.272257 34.604705
-89.349838 -18.27381
-85.095531 -17.052586
-6.517945 88.540942
-10.179975 48.981582
-22.925908 89.953012
-25.055131 61.57837
17.404233 -87.336435
80.431744 -56.754864
18.04293 -47.853194
53.079633 38.691687
38.283162 -82.267545
-86.53668 2.950493
102.60413 25.544013
103.885366 -3.917553
-39.712001 -65.334604
59.260063 89.865265
24.765418 -37.748592
21.519546 49.47861
