//Synthetic=Synthetic_00589_J40

J=40
MT=1
Vd=5
Vv=1

p: position coordinates = 
0 0
21.93578 -0.37566
10.572003 -37.828489
6.305767 -45.492844
-44.168017 -0.206402
-18.896735 6.978149
3.624177 -32.891611
0.825907 40.620197
-1.717199 1.306627
52.945266 -0.553073
31.586482 25.44008
12.55943 -55.060927
-0.853556 47.031536
62.559968 9.886886
-0.155916 3.720048
-39.208058 -22.907261
51.074388 -4.017391
-16.036935 1.292447
55.748684 7.953677
-25.018882 42.999245
13.258744 -44.167074
25.025099 -39.999
-27.22225 13.534998
3.143638 -22.829363
8.611161 -61.404824
24.3142 11.090424
-37.600495 -13.219821
-9.106807 24.657999
-46.122604 5.350601
1.087366 -9.66513
0.766132 44.900222
-13.347546 -29.556631
-25.176993 40.624466
10.992106 33.74649
-1.911309 -69.553063
30.290502 9.653803
11.952965 -48.210942
-11.324431 56.960648
-25.035941 30.171003
37.121177 -29.773793
-9.966467 21.730255
