//Synthetic=Synthetic_02079_J40

J=40
MT=1
Vd=5
Vv=1

p: position coordinates = 
0 0
1.349954 -27.245384
27.536332 -13.571214
37.547907 -21.2914
-29.004024 -19.591971
3.574257 58.259684
28.461241 18.445446
29.407642 6.868629
51.582404 -10.503449
18.871331 -10.243405
-23.766837 41.012655
17.607774 -42.761136
-28.248212 36.471893
-17.720015 -48.967619
33.501205 9.227285
11.883094 61.325976
-34.214055 23.799918
23.090815 39.160137
26.933157 -1.587014
31.456544 27.985599
12.599784 -24.976707
1.522545 10.848834
55.092309 -4.737613
-20.621839 -15.231645
40.015215 13.945227
24.681245 15.482364
6.670995 64.512942
19.110001 0.949013
9.348332 -30.413672
18.255812 46.572284
18.533841 -10.150922
21.250964 -51.719013
-9.913159 12.311494
49.725497 0.867639
22.454637 44.604726
-56.612932 4.187595
-29.542564 -24.194571
-11.434173 -16.146579
-8.505261 -3.708226
4.317225 23.916493
14.849755 -1.07203
