//Synthetic=Synthetic_01388_J50

J=50
MT=20
Vd=2
Vv=1

p: position coordinates = 
0 0
-70.608764 21.01763
-29.513779 66.772297
-70.118249 29.028134
-74.728153 34.978111
-76.579633 18.851583
-24.465607 72.248372
-87.499541 24.792384
-84.038581 23.138794
-32.041631 74.023226
-29.72873 74.641565
-26.857205 87.455871
-29.654815 76.943352
-79.959939 27.596259
-72.252064 23.436566
-80.697785 25.964846
-77.528231 25.753779
-68.689317 11.618418
-65.10522 19.999012
-92.24417 23.639766
-77.152688 30.450803
-14.834951 63.354764
-35.897021 79.399426
-61.452092 12.032781
-69.932486 16.715705
-73.745779 38.214037
-83.721452 28.372093
-71.121584 37.979044
-23.484154 56.299081
-68.498269 18.976503
-88.493986 33.249265
-75.081649 27.599815
-36.048985 80.371681
-79.746279 15.996963
-63.701607 25.142018
-80.950417 30.05834
-21.90986 81.170553
-85.657585 27.411165
-34.990723 84.106342
-80.58033 27.878398
-81.361336 35.254245
-89.82769 25.999082
-86.254747 25.179774
-82.334318 29.856476
-31.727245 88.39941
-26.073057 77.057593
-79.883043 24.286241
-73.828553 21.385942
-39.625199 70.082348
-35.963978 63.832833
-79.879008 33.061711
