//Synthetic=Synthetic_01892_J60

J=60
MT=20
Vd=2
Vv=1

p: position coordinates = 
0 0
-7.64468 44.828129
-2.03073 25.264664
11.462339 30.166448
-29.520964 -44.23927
-55.036787 -60.441269
-7.740894 42.555302
-24.38682 41.660246
-56.920589 -30.393186
-5.781059 52.302287
-12.934831 53.789429
-51.064553 -14.271968
2.416307 25.786549
-7.516728 35.368814
0.698979 18.590943
-27.831849 -43.189886
15.421068 29.411407
14.693506 31.678695
-44.482913 -38.708552
-28.303834 39.989898
-16.040518 46.577025
-15.268278 52.584813
-41.281653 -35.568765
-47.015305 -34.390955
-70.140079 -44.261049
13.465518 20.472262
18.693822 21.503627
-11.757869 46.970487
16.264756 33.815594
-51.920869 -38.885658
3.908665 35.037806
4.752181 29.456071
-37.725259 -24.853261
-50.329492 -25.687882
-35.891515 -41.828343
-47.009438 -39.285519
-1.88227 43.110557
-11.061716 37.798747
17.373721 19.114776
-0.673612 26.223644
-17.608665 44.342225
-56.188745 -44.778306
-2.549217 55.890173
-27.310112 -26.120647
-17.593311 -39.2359
-51.008825 -40.312854
-6.37747 51.87199
-27.220216 -22.304736
3.288431 35.801522
0.158165 19.865245
-26.754498 -33.577261
-8.548981 39.358559
-50.960821 -39.391328
-15.621232 -45.634989
-3.336198 42.657285
-7.1696 32.383461
-3.816105 24.854904
-20.879531 37.718931
-37.885091 -30.86765
26.682355 33.703096
-46.666611 -39.089553
