//Synthetic=Synthetic_01579_J80

J=80
MT=20
Vd=2
Vv=1

p: position coordinates = 
0 0
45.060543 -4.042498
67.786126 57.074041
20.093081 -16.395277
17.015227 12.435405
62.296765 4.789113
49.891319 -18.970925
7.045779 -14.393435
77.818983 -21.634013
73.794015 -40.892861
20.139746 17.563853
34.652566 8.913388
60.016978 62.244828
52.851241 -43.609878
33.12322 38.805487
53.394648 62.354065
33.256583 -39.69444
74.716096 5.920908
40.3266 -31.329111
-6.942336 -13.446164
93.341376 28.744951
29.283967 22.475435
34.436235 55.228053
75.947614 -25.382351
46.909872 -16.909768
79.825026 50.936641
-10.217309 -16.771078
65.393692 41.021121
2.283229 17.910268
36.247371 -46.353767
73.966751 1.507181
68.368693 13.596529
59.786571 -65.050274
44.947964 16.081454
-0.449329 5.910256
106.039299 -6.154835
77.756752 22.5143
24.084497 27.625133
67.52392 3.377761
12.409317 18.587305
84.184264 17.1039
20.655334 17.173227
25.633091 9.058091
15.545263 9.65582
11.609756 18.925376
-6.486746 19.044556
60.909754 1.661822
23.828003 -38.56847
53.307229 15.125808
53.271848 -21.521546
69.319518 -21.960971
65.407757 2.322058
57.949008 2.672822
62.219897 -38.278697
57.598335 -4.337188
51.407743 -44.2963
17.697416 -10.672488
16.127927 34.105199
18.97641 -2.422332
54.037626 -47.583904
29.297759 3.963995
30.015736 -29.786928
36.464647 53.869798
13.564573 12.381845
44.294734 69.227808
78.598518 11.724005
50.906001 40.030651
47.419938 63.470319
7.257677 -12.587657
80.648697 9.253906
55.398248 29.610862
66.567829 -7.851607
10.988652 29.093525
27.933525 63.064826
40.181221 57.224162
76.971532 23.087464
23.926392 -29.715171
45.0127 36.252299
26.871394 -52.905143
59.620821 13.560084
61.757398 -2.679944
