//Synthetic=Synthetic_01235_J40

J=40
MT=1
Vd=5
Vv=1

p: position coordinates = 
0 0
36.3066 -5.47772
-41.781272 21.240011
33.616347 36.250096
55.377809 26.238035
-19.120529 -9.941157
-33.315048 -0.680622
-2.750569 16.452234
-18.301989 33.57159
10.400853 44.045332
-40.344455 -17.965337
-21.244716 27.884657
24.288436 -48.229081
3.2875 32.716049
-26.916747 -29.24628
-26.9665 58.814522
4.503804 15.085526
21.967071 -48.138189
-19.191335 35.009884
-3.219431 -15.611868
30.482534 -9.971136
-17.63832 19.536033
-34.939864 -2.588277
-22.564869 0.254297
55.605217 30.066531
42.964995 39.066294
23.4364 19.911348
-10.484841 18.655887
-20.66846 8.128709
-26.422295 -12.398817
44.920721 18.8346
-38.982544 -13.868348
47.358524 -15.931801
0.52838 36.286358
12.995833 5.163229
-6.899263 -23.884172
13.85445 -1.922746
37.546374 -8.065283
29.509067 20.003084
26.351554 -62.951671
-26.615019 53.528416
