//Synthetic=Synthetic_01130_J80

J=80
MT=20
Vd=2
Vv=1

p: position coordinates = 
0 0
-4.343791 -41.280483
16.307968 75.084626
28.164601 26.541797
-33.24886 17.016223
34.874284 -7.325368
44.805047 24.315013
34.124591 47.92279
-32.960261 -3.904361
-9.451001 -0.457922
-2.02684 65.018612
-15.747609 71.064641
29.216093 -6.954024
29.965194 28.796731
7.175971 -25.333606
-25.914492 13.897887
-21.693044 8.402858
10.870958 -7.16153
-28.586369 22.093155
17.650015 9.135101
18.619032 -18.445198
-52.748261 28.961236
-20.099547 -39.495869
6.946832 13.963448
-17.38758 18.877022
-8.351405 49.031705
24.866318 -17.379385
7.615563 1.579764
11.511847 46.897737
-30.369201 -44.903353
29.548831 -0.931373
-41.524479 31.288544
-32.690353 24.378159
-8.139621 52.149345
-3.785012 -13.245013
-48.365339 51.732516
-31.72315 28.560868
47.400399 37.678807
-5.2819 4.36392
-0.085792 26.354342
-54.770549 37.887595
32.434359 25.282819
55.570877 -9.522527
-18.415379 55.553783
53.704257 2.64184
8.114424 50.665741
20.956268 -27.028364
23.546636 17.942868
13.018316 -19.870747
9.730236 43.478075
-53.792905 28.900498
-21.690046 -5.288321
-18.785437 -42.625646
24.097756 72.63865
2.293378 -36.790722
27.789586 -1.686451
32.01965 -21.982465
-14.082091 15.949285
-21.555799 -44.369951
-4.742522 10.414823
-27.658023 4.68249
3.047877 16.917733
-9.134541 15.016904
-13.604573 -28.555741
-20.965696 -18.140449
-54.869765 37.190048
26.415411 -11.674931
-6.377886 -23.805071
20.460403 -10.510436
-0.276258 10.635944
44.621189 28.70846
21.523346 58.482825
-13.824884 -41.101029
-7.616751 45.445347
-1.621751 29.725592
-34.484742 51.469711
20.515937 -19.437062
-51.112133 39.544905
17.124189 0.156866
34.554907 8.555074
-27.90938 50.336902
