//Synthetic=Synthetic_00652_J30

J=30
MT=20
Vd=2
Vv=1

p: position coordinates = 
0 0
86.306026 -61.394786
87.575011 33.249929
88.278275 16.362332
85.824523 -55.446545
83.633313 19.065
67.429059 -52.650324
71.188538 -45.660346
66.669892 -53.314851
90.50043 18.92526
64.818849 -34.741093
90.25437 21.652547
62.252102 -61.318415
96.774443 23.367437
97.202034 26.2004
88.346883 14.923401
68.307612 -61.480065
80.789733 17.367186
74.991753 -57.52593
80.722169 -55.152191
91.964569 14.251257
73.722084 16.256392
83.657379 -61.159973
77.074935 -48.72295
83.549666 -34.477433
92.103086 23.922437
91.094253 11.441698
87.414142 -57.85656
78.511453 23.607757
81.927144 33.686568
71.284515 -62.156907
