//Synthetic=Synthetic_00455_J40

J=40
MT=1
Vd=5
Vv=1

p: position coordinates = 
0 0
-7.577106 -55.657837
17.738472 0.519591
-1.094734 28.050571
56.485368 24.938285
19.84987 44.342137
53.39193 27.960008
17.009955 -0.596443
-43.588314 25.475994
-24.848002 -16.675689
49.455795 -26.547264
-25.056663 -2.549077
-28.419198 -21.08547
52.031302 13.193881
15.646007 46.936238
31.154451 11.234549
43.518082 2.992399
-0.025443 -25.836976
-9.106636 45.054511
9.753989 -55.660535
-59.133117 -24.146612
8.359705 -27.99545
-20.350571 -13.171506
-25.503766 63.745906
-13.136136 64.673585
-24.848649 -30.616856
-0.920412 -14.902912
-0.599058 -30.62073
23.901644 35.882402
-22.250712 28.12539
13.935656 -22.560707
58.876456 6.473902
-12.698406 -43.673754
40.172622 15.191386
-36.128414 -30.088158
53.281731 16.410267
-54.80956 -0.034728
-34.753044 -8.045588
17.695932 -67.635185
-35.584438 -14.926449
-12.312564 -9.274158
