//Synthetic=Synthetic_01822_J50

J=50
MT=20
Vd=2
Vv=1

p: position coordinates = 
0 0
69.160892 -74.274335
96.34121 16.555774
62.031431 -56.358556
92.637124 -1.265453
72.111513 -59.337832
80.024389 4.647558
67.311072 -43.875007
73.006871 6.61734
69.863697 -41.542741
68.717357 -60.416511
58.47061 -64.579314
63.276494 -56.066091
72.076001 -55.180919
98.907073 12.156825
75.084307 -68.183091
78.872008 -52.262617
102.970533 24.750936
84.030722 -57.274156
70.566338 16.074305
96.524267 13.058138
93.924578 22.725482
80.4733 -54.400267
97.322476 -1.090897
94.8271 13.789296
61.743445 -56.91283
82.392983 -57.220907
99.12901 13.020776
73.857912 -49.895945
69.14093 -66.517669
73.80769 9.017633
97.443381 8.83755
90.604354 18.353689
91.338981 15.237691
103.695652 25.76723
89.892894 18.90244
97.577895 3.640449
66.677501 -52.455879
90.789141 15.668852
106.442101 7.093945
83.3511 2.80046
74.931503 -70.695282
68.009675 -52.639035
92.344018 1.479376
90.901249 -2.126832
97.230231 3.172499
94.179374 1.418503
96.192955 10.762236
62.958335 -55.606193
90.412363 12.980619
86.419239 6.720763
