//Synthetic=Synthetic_00572_J60

J=60
MT=20
Vd=2
Vv=1

p: position coordinates = 
0 0
-45.779411 -49.447221
-51.691858 -52.136956
-57.128082 -63.378812
-46.897439 -56.865054
-46.222163 -42.825884
-44.240571 -46.10231
-44.203551 -47.235115
-48.19137 -59.251697
-57.307747 -49.193543
-51.924553 -48.884362
-35.057512 -55.320689
-51.467387 -59.652945
-51.380033 -54.90688
-44.823761 -36.193595
-61.505491 -55.704731
-53.275676 -47.932033
-51.363098 -38.865994
-39.663801 -66.140578
-49.119031 -49.162812
-68.201759 -67.478162
-50.233918 -50.158401
-46.66504 -51.322761
-54.16128 -29.414915
-54.072905 -54.933927
-61.66322 -22.626722
-47.540069 -46.094867
-49.173325 -36.099646
-50.774088 -49.128623
-65.928924 -39.691391
-48.428677 -46.078384
-45.195789 -34.563201
-45.085471 -48.569489
-54.787774 -51.832502
-57.443131 -59.802139
-39.297119 -59.758053
-38.907158 -61.230168
-48.806285 -48.043611
-50.861542 -61.904711
-70.187383 -67.516276
-44.357414 -40.73591
-62.882858 -52.940031
-56.375734 -38.91216
-45.821088 -57.067595
-51.905834 -69.385711
-50.051766 -42.62029
-46.23771 -26.925873
-56.375314 -33.4574
-48.583538 -36.6371
-50.000337 -50.303669
-41.445607 -50.240304
-43.43587 -53.578294
-40.544911 -56.403403
-43.565868 -46.641511
-42.826773 -38.55611
-46.442511 -39.173834
-57.287719 -28.115527
-43.463295 -27.261146
-54.197473 -61.149686
-57.423193 -47.940956
-46.262857 -30.364738
