//Synthetic=Synthetic_00568_J80

J=80
MT=20
Vd=2
Vv=1

p: position coordinates = 
0 0
-28.865197 29.711858
-72.027614 -26.286723
26.823671 20.409827
23.256975 32.413178
22.083204 -37.818039
2.673355 32.813895
1.699795 65.784141
41.222376 54.835598
-28.231277 -66.295206
61.886136 6.107661
-10.030654 -48.865884
35.089631 15.43134
-30.609972 76.572954
48.041441 -5.51611
69.277821 46.185077
53.862947 -33.52177
69.187814 18.326643
30.79056 62.793801
-63.39391 -53.772624
-6.957189 -38.229585
76.042601 -31.75303
29.285102 24.122787
-27.27564 19.013996
-53.325056 -0.771393
-19.683292 -74.992794
59.636637 14.554421
71.733802 42.386155
41.382415 -11.752129
-49.6294 66.354906
68.010986 -28.132068
4.234718 -77.174158
-17.84852 -72.807723
-36.099515 43.152078
23.066856 64.661165
42.940975 4.736031
-72.170368 -2.428573
-23.5085 -58.633476
-5.083304 41.081823
-30.465575 -70.605603
-50.141083 6.642505
-19.935577 -26.755385
30.80725 0.860043
-52.128312 6.003484
-29.181604 -43.401258
-54.276692 -58.540923
-26.706037 -17.780517
-43.73245 47.156176
80.704332 -21.633647
68.178034 -10.359999
19.164337 80.244571
-19.48953 -65.067551
19.279712 26.650624
-15.963881 -36.100961
42.761297 -29.674796
47.251623 10.226034
3.664458 -39.907596
-61.100587 -20.837811
37.20313 22.075016
39.335515 36.792214
7.110594 28.590306
-33.106696 11.513356
63.45014 -30.890003
55.558951 -61.619701
-77.53617 -9.420447
72.898903 -33.391533
-33.792758 -25.263758
9.255286 41.239692
29.804287 -50.261992
-67.935721 15.969537
26.473469 52.702279
-81.910531 -16.656701
69.768665 -34.498689
70.481989 -3.77296
36.756313 13.912262
20.363686 26.598763
21.393213 -8.571988
-8.984867 -51.575411
-71.092606 -0.504794
65.92248 -50.732696
-25.707523 -59.485878
