//Synthetic=Synthetic_01676_J40

J=40
MT=1
Vd=5
Vv=1

p: position coordinates = 
0 0
33.030481 -2.630817
4.052758 18.146068
41.774824 3.087304
44.120523 8.007434
2.454562 36.542012
-1.487388 2.436676
6.863658 -42.1763
35.651428 16.424026
-10.215419 -24.137646
18.092657 -43.083192
-2.414989 -40.594022
44.700763 35.483779
17.264097 -19.894454
19.515055 -10.681162
17.247956 -16.506887
-29.971172 24.383271
35.717081 4.029089
42.481881 -18.973727
-42.052584 -6.679624
-44.298804 -36.619215
-33.097896 -29.868386
2.416031 42.695298
-30.327695 47.293128
-20.013178 -10.502414
20.671845 -19.896078
-0.871021 0.841802
37.81992 19.530592
-5.558354 30.028864
37.457557 -41.090358
35.263252 19.836174
-33.853588 22.056055
-8.996625 -31.192788
17.945677 -2.132093
35.907116 31.446171
44.798213 40.072579
-17.12902 -22.256143
-13.129846 -17.230997
-21.215626 15.55302
-41.262503 -0.807335
-28.842185 -22.939468
