//Synthetic=Synthetic_01018_J80

J=80
MT=20
Vd=2
Vv=1

p: position coordinates = 
0 0
-32.726151 22.407868
-63.554478 -27.328417
-40.790147 26.488147
-1.316341 -57.835872
1.76082 -37.194415
25.40001 -35.026939
-67.011656 31.250784
8.257522 -43.494749
-36.833572 -32.302752
-30.106971 -18.645409
60.209868 -53.557025
-57.091732 -11.57234
60.588182 -36.803668
73.704417 -12.858993
66.102294 -21.738133
-3.300372 60.913148
-18.673076 35.031668
-12.604237 37.925139
-36.368545 -64.290291
-73.964717 17.599726
-67.475655 34.08174
37.33891 10.843388
-84.513076 -17.027299
-65.888593 12.917822
4.567075 66.91923
-36.687771 -44.938782
-4.918391 28.920393
-37.701404 -13.961018
53.35307 55.668385
18.260944 -57.731095
-58.325255 48.590597
3.967286 -70.548113
-28.376401 -20.363443
36.628019 -8.313507
-43.901753 7.538127
-41.496264 58.611232
79.024008 1.830769
22.664661 49.483891
-2.534869 -30.245459
50.425962 -58.098513
27.525382 -52.534852
58.84972 -19.473961
27.325215 61.779723
-41.206922 2.302322
-7.626472 70.590213
33.295889 -14.828727
-49.433237 5.016006
-27.292947 -28.689575
-63.924702 -45.515524
47.109092 -10.487535
39.158997 -27.436654
34.666142 -24.116614
-50.954896 8.466108
64.507575 15.396029
-17.655535 -54.651442
-61.758671 32.5251
-74.76432 -24.372936
46.712672 21.690801
76.178646 4.817219
-53.395859 35.444114
33.06634 -54.30004
19.060223 -26.621242
67.909836 -44.479404
12.447759 58.969414
-3.455597 -34.66995
-77.190012 27.471
-10.777496 -62.68522
56.99606 21.574386
-44.600642 6.311241
14.270281 -53.593194
0.383457 -29.1597
-0.511355 -37.852563
25.805167 -18.976508
-40.614298 -44.791299
11.677371 -31.957484
-84.266668 -3.257203
-42.553391 4.339605
-15.536027 70.813729
-48.860928 -1.227545
39.26109 -1.259259
