//Synthetic=Synthetic_00628_J60

J=60
MT=20
Vd=2
Vv=1

p: position coordinates = 
0 0
-73.835934 -26.246735
35.919162 -14.524599
-59.091871 10.24602
33.391117 -18.368054
87.222377 -36.462133
41.88694 -38.393314
66.113906 -28.134472
62.215803 -46.004055
-79.345799 -34.067264
36.847357 -0.263662
7.994819 -29.420743
-83.633276 20.901829
-41.710997 80.983969
-7.698438 32.58459
49.683909 75.838141
-57.273259 -80.859159
82.954229 -49.448793
19.838949 -58.421847
2.775712 37.505672
10.025288 38.701705
-15.948022 43.532708
-84.085753 11.850866
-63.518042 42.744064
84.996533 -39.088093
5.134761 41.751381
-53.020511 -59.486331
-55.063876 -33.298463
-24.657275 36.19967
85.802914 -19.557004
-80.984827 9.542732
50.66295 -67.745661
-68.216748 65.081038
-87.007662 -19.804589
21.177022 38.078007
77.639863 -65.050075
-82.557576 -18.852027
31.333396 49.665638
-21.929155 75.008254
-64.400984 15.409997
-23.767464 -79.784414
58.638231 -82.698378
16.311729 -75.119368
20.814963 88.340554
-34.174327 -48.853158
13.845138 -91.524278
-53.616719 -67.026524
-26.495359 -60.337772
-45.309565 -85.682508
48.274124 89.189553
10.079596 39.945966
-18.30197 88.397685
-76.885661 56.321838
20.878198 41.700435
64.638525 -58.772233
10.178935 -46.741079
-6.578348 42.508479
59.067169 -59.516596
76.14725 -3.376643
35.496799 -17.419196
-26.746192 -37.285212
