//Synthetic=Synthetic_00820_J100

J=100
MT=20
Vd=2
Vv=1

p: position coordinates = 
0 0
-64.931568 -50.372642
-60.597896 -47.644861
-77.023866 22.683462
-80.681862 13.561686
-73.72584 15.250741
-75.202431 14.630743
-58.009672 -48.979778
-67.996515 -41.0169
-75.212678 23.699857
-83.894504 25.374317
-80.06695 23.726407
-63.837867 -46.084576
-59.724588 24.241759
-69.327277 -50.20843
-64.464175 -40.818939
-63.984886 -49.614348
-65.026587 23.044662
-73.932049 14.920169
-61.751808 -55.716015
-56.610002 -52.101411
-67.866036 -59.41874
-73.753619 16.119626
-76.855962 -42.456612
-70.311006 17.226901
-51.560614 -54.741027
-74.661208 -44.20013
-71.294294 -59.295479
-62.996983 -48.302612
-67.81475 -49.39962
-77.339223 18.640003
-65.530345 17.46407
-53.909282 -52.409012
-78.508555 13.245888
-47.216902 -43.790294
-70.518328 -41.635463
-71.656527 -36.329596
-84.24285 16.735368
-77.625876 12.78103
-58.883676 -46.165542
-83.284531 18.467275
-82.654919 7.288607
-70.417344 23.837639
-68.776227 33.550352
-72.449753 -51.87717
-70.070765 -52.240183
-47.678751 -41.660555
-62.923016 -51.955263
-70.750911 16.26475
-65.577965 17.708002
-63.919432 -50.050553
-69.735508 -38.627167
-70.184791 -45.54478
-81.98696 22.877936
-61.931268 -53.572027
-64.089703 -44.905747
-60.548272 28.337504
-69.327588 26.244698
-90.216726 31.213703
-62.253872 -46.084098
-81.956526 16.659574
-63.996031 -51.874434
-63.041043 23.609164
-71.745766 18.798468
-70.137606 -43.191266
-69.534102 -64.814795
-80.297301 16.662873
-85.307365 27.92707
-66.951174 -54.879403
-84.060523 17.703523
-79.536605 26.223404
-53.169184 -38.420953
-78.42432 13.033705
-76.97472 28.484681
-81.559625 21.320828
-66.051609 12.482758
-71.675135 29.408372
-62.624225 -44.227297
-69.581651 -50.995514
-84.684434 20.543444
-66.863317 19.989441
-82.049473 28.063816
-60.026922 -41.694698
-56.292892 -48.45748
-75.343623 22.326041
-58.790811 -44.429369
-80.970111 -55.613921
-80.123158 26.973597
-62.604713 -49.976843
-76.317167 14.441308
-65.985324 25.013398
-63.598618 -43.488804
-60.68235 -52.281638
-67.653431 -53.353501
-86.91195 27.687446
-80.10735 18.463335
-81.297472 30.728809
-79.329811 17.109894
-80.102982 31.192704
-79.466258 18.064566
-65.63829 21.276529
