//Synthetic=Synthetic_01565_J20

J=20
MT=20
Vd=2
Vv=1

p: position coordinates = 
0 0
-1.664441 -89.752142
46.39448 -45.905253
40.58864 -41.120568
-21.996231 -81.272657
40.398487 -28.569347
41.607072 -56.916415
-5.000092 -70.201405
37.034443 -31.735277
-9.160601 -84.159213
-7.950795 -82.595681
-13.803159 -84.170363
-29.040602 -91.789763
32.965001 -33.168341
-5.36529 -75.298981
-8.285962 -79.911965
-11.754319 -78.909021
42.865521 -39.399289
29.844058 -43.318518
-12.996775 -89.451148
-15.287471 -92.847388
