//Synthetic=Synthetic_01226_J80

J=80
MT=20
Vd=2
Vv=1

p: position coordinates = 
0 0
-46.222671 -41.562354
4.915806 72.003307
76.63582 3.642798
52.853713 19.155315
19.50821 47.149534
-53.494352 1.210155
-5.400517 -42.668407
-2.181402 -43.529486
-7.8926 -55.639481
-43.512211 -7.738013
-53.954963 -64.321717
-13.511898 -29.180325
-46.448382 -19.246739
34.999245 -42.866957
-52.053728 4.292557
39.580541 -48.920476
-32.27675 19.682301
31.087231 -21.613498
-9.669432 -53.628983
23.752195 -25.714976
44.23057 7.739941
75.001619 39.443319
-16.762154 51.096557
-24.164938 -28.926682
35.727984 -40.465897
-77.850202 -3.949647
-70.59319 1.768528
4.158454 52.983187
72.286105 -11.344977
-17.035344 18.428173
10.579309 77.295522
-6.606268 78.582404
-80.463427 28.30646
-25.604429 79.050722
-56.426876 -56.409897
15.604292 59.269692
26.093499 15.68921
-50.897905 6.5052
31.892435 -16.666797
75.82343 -26.103874
74.415643 -10.85868
9.759672 -30.506219
-0.036772 80.002452
-26.456691 78.787537
40.911262 -58.133415
-79.708871 -9.916014
37.23242 70.567736
-79.503876 -7.812774
62.589245 -46.063321
0.130884 -82.841934
6.815078 41.306013
23.112175 15.695895
14.215717 58.805301
-71.325591 -45.82401
-20.114674 -28.750889
49.089874 -67.872236
-72.237389 -22.109507
52.076634 -65.736098
61.726692 10.98661
-53.475605 34.0236
-43.248138 37.6356
-37.60788 25.915173
24.873645 75.549333
-33.186911 -55.768488
71.749466 -30.343202
22.473849 -79.937053
-4.698414 -35.152656
-26.331291 64.610767
-63.713851 -15.189161
-34.568646 50.417212
-50.835318 -64.817273
59.434438 -35.871324
-35.669112 10.564125
19.00725 52.852022
53.049611 34.010654
-62.817923 -47.107831
-76.57613 25.78325
-49.261368 60.393885
-14.258379 -35.491078
5.451589 -44.253218
