//Synthetic=Synthetic_01439_J60

J=60
MT=20
Vd=2
Vv=1

p: position coordinates = 
0 0
24.795272 -4.206596
-22.58374 24.30782
6.348985 -6.069939
14.466184 -43.241867
53.992587 30.453193
0.729139 -44.502338
22.962609 -9.209242
77.98721 -47.030396
0.752534 -39.125917
54.455406 55.055207
16.843636 -28.848008
-0.544143 4.322498
-25.522669 39.705183
-9.28383 45.471972
67.70309 4.75772
48.194743 16.271375
-12.983869 32.895498
1.862499 -53.066152
0.567637 -11.608567
-3.150118 -40.966302
-9.834006 -39.177004
15.769995 -0.695395
-25.031233 33.027439
14.892124 -28.545505
-10.360358 -15.454667
-6.700076 15.112727
18.091985 -4.377511
-11.271922 -58.696076
59.802199 60.423556
64.573167 19.260886
62.93373 10.059038
-12.610151 -21.578023
20.10838 -37.225573
-12.890101 -38.000437
4.596069 -46.320168
48.318367 21.160749
-25.558919 33.702816
-25.248617 16.97624
52.894961 -4.0143
13.04047 -45.376881
19.962607 -1.256873
-5.779129 14.682481
28.518552 -12.969863
10.685973 1.674239
56.670076 -21.209903
-1.643979 4.086409
77.525379 -44.905894
31.848969 -5.649481
-0.3167 11.401674
12.357583 -57.664615
-12.218322 34.629462
17.246062 1.864303
-7.230093 38.637067
54.52279 22.306374
61.977738 5.943656
-13.598533 -36.376696
67.046505 25.606838
48.527252 19.803587
52.998033 60.051375
-6.142462 28.448822
