//Synthetic=Synthetic_00733_J80

J=80
MT=20
Vd=2
Vv=1

p: position coordinates = 
0 0
-9.800995 -28.748292
-30.997195 -27.69141
-50.357511 -19.365774
-6.394426 -31.130843
-16.810974 34.162512
18.965401 -27.327819
4.786987 15.620263
78.276909 9.378032
52.550909 -32.641089
66.600884 -4.912205
45.809345 -23.564087
63.022222 2.365691
30.996864 -59.937308
-21.83414 6.137537
-19.657237 25.006292
-40.483788 -19.165725
11.241649 57.183531
-15.920969 -16.62595
17.689302 -9.696935
65.004081 -7.919828
62.292294 -28.132239
17.89634 -59.492044
50.387847 -40.804227
39.791514 -0.730268
29.319642 2.102333
32.514461 23.523566
73.566891 0.011
-0.507188 9.438404
-4.586555 12.194559
3.979711 26.482238
31.439801 35.691084
4.883381 -24.681024
41.161364 -8.968891
42.859192 36.447561
23.195953 39.471877
7.474854 -8.361076
10.924787 44.466628
-16.293145 24.444491
31.108011 -48.451548
25.111587 -22.500301
-2.099869 24.54677
-22.351752 -37.592703
73.859841 14.911216
29.293661 22.805614
6.935772 30.55221
-26.779604 -11.766608
-34.435599 4.130965
18.805621 -55.90315
-14.755962 19.517249
-38.432332 -10.169025
-20.642116 20.762059
43.304743 3.39246
33.269542 -44.372795
-2.623645 32.657297
16.54406 -33.72227
48.43639 24.358257
42.846797 -34.08583
-1.713914 3.828461
8.235419 -30.612852
26.536044 -58.878388
-13.049908 4.987653
1.914405 34.993855
12.065164 17.123717
-32.253205 -12.153971
37.339197 -52.085979
21.520505 29.716858
8.883821 -35.873234
16.340473 -10.063825
-40.751513 5.416566
7.540914 -3.830016
59.366301 -0.132457
14.366514 -26.840932
-9.31273 -37.310132
3.157892 -30.31871
7.12394 -8.917777
-53.860381 -16.82172
-3.09198 32.303295
-42.582442 -5.191816
-12.436516 24.843448
24.037541 1.193611
