//Synthetic=Synthetic_00804_J50

J=50
MT=20
Vd=2
Vv=1

p: position coordinates = 
0 0
-2.468843 -52.92793
-10.248559 -80.766203
-62.410127 -69.392785
5.158983 -83.719133
20.154401 -51.637535
27.672671 -49.512008
-60.748826 -74.941146
-49.426212 -12.350534
-34.035921 -14.055058
-60.232718 -72.919952
17.780128 -20.846408
1.415377 -55.847368
11.564206 -9.49464
-57.726711 -58.521439
-33.931565 -38.890603
-40.772637 -93.406377
-20.831031 -59.518694
-45.685518 -26.998368
-8.365543 8.731539
-25.888629 -3.594563
-22.179236 -23.696635
-55.201921 -39.833545
11.098268 -0.929665
-46.602542 -95.768867
-54.10457 -73.450221
-6.043165 -47.254781
-57.385735 -81.46851
-3.878024 -17.654046
-42.595045 -25.572595
-38.976529 -42.726415
-19.210641 -1.867706
-10.785858 -2.90104
-40.72658 9.661832
-2.790531 -31.010123
-4.413978 -67.614344
-75.214707 -1.258967
-9.992732 -0.221696
-26.043871 -96.73333
-1.214848 -38.004264
-31.093531 -87.63928
-4.067977 -67.597495
-55.328945 -19.76768
-50.146333 -99.222165
-60.747472 -84.709041
-79.398002 2.307416
-28.201458 -29.777002
-28.703253 -5.176941
3.504305 -90.974831
-3.495692 -18.658064
-47.181214 -62.530535
