//Synthetic=Synthetic_00021_J60

J=60
MT=20
Vd=2
Vv=1

p: position coordinates = 
0 0
23.589049 59.525764
-61.523455 3.438002
-92.522499 35.448277
-20.306415 -51.390974
-56.386222 -8.462228
69.803028 -57.519957
-32.874875 -12.525833
40.542499 9.130673
81.514078 9.671768
15.029298 -74.393763
-66.230175 52.973148
-74.068686 -49.335197
69.253368 -9.671801
-32.900793 90.431695
-46.09903 -4.719049
-53.017877 82.130729
64.262341 -60.497255
-31.754842 40.441575
-32.487963 97.618773
26.833228 -94.976976
76.682746 -53.190129
-32.97701 53.609533
45.911124 1.156309
-75.118761 44.586704
16.684356 46.186353
-35.029563 23.51759
56.192799 -21.062942
-37.681591 2.059074
23.306785 -66.97223
-89.061627 6.649723
77.867227 -63.318165
-37.861884 58.475804
31.754398 -85.822819
-14.874141 -76.076011
-68.999028 -23.951017
-57.647859 -46.807678
-34.008705 28.356134
-36.682628 -87.729779
-13.784425 34.09102
70.244944 -17.950395
-1.200104 -59.216535
-81.054408 -58.743955
27.102187 88.676124
33.505784 29.457739
-56.383811 48.55771
-71.201669 11.508568
8.786124 91.145634
87.565906 2.730353
-44.092588 10.926268
40.476652 -45.888141
-76.10755 -53.574344
-18.942567 74.228232
-30.255616 -47.801643
-60.875401 -73.067455
-59.561031 -59.485739
-31.187584 83.207456
70.253839 -0.681361
28.368929 -70.115326
59.020402 -47.257589
-69.121993 0.812024
