//Synthetic=Synthetic_01824_J80

J=80
MT=20
Vd=2
Vv=1

p: position coordinates = 
0 0
24.345944 -70.780506
-21.346432 -6.25277
44.200053 -32.378739
19.098322 13.559828
-34.774182 -21.910937
-1.633044 -30.014218
49.273286 -76.958985
53.282759 -49.1164
49.473126 -16.680403
-27.225187 -34.60782
1.386407 10.12447
1.792923 -87.022788
66.308906 -54.787882
41.456016 -27.991799
43.164416 -17.121072
34.530221 -57.045039
-8.49882 -60.90516
9.972447 -23.397973
15.811866 16.177138
56.140435 -62.965393
-15.124711 -33.728007
67.704178 -33.476157
16.383442 -64.106995
-1.634332 -42.421637
46.948479 -7.344064
31.064024 -11.139416
31.132815 -27.494981
29.447858 -56.239731
-36.367627 -28.562983
-3.839228 16.266282
-28.510387 -33.112151
-47.010287 -30.506023
-40.758633 -36.838553
-1.521039 -37.189897
-22.212134 -35.320904
21.507212 -43.760889
33.129722 -32.785406
36.560286 -21.256729
0.448534 14.169461
-24.726008 -41.502166
42.885977 -47.293188
22.067946 8.02273
30.366536 -44.785816
-28.964976 -35.160171
20.246066 -57.74874
19.20344 -30.060862
-10.126437 -22.595863
24.211451 -63.602807
26.525412 -61.413496
-31.628123 -25.493256
-39.561399 -41.68004
20.795002 -91.839984
24.957342 -53.681692
-17.18124 -44.577966
4.850933 -5.554637
6.740029 -87.933866
45.571776 -68.063254
-0.994416 -47.573484
23.149857 -41.499989
-11.058286 -86.392158
60.305278 -53.710156
68.377605 -55.995611
-13.14906 -67.113422
38.737113 -14.766246
-0.187407 -95.294314
-17.30426 -2.973073
13.104336 -24.399033
-2.451036 -49.403341
-8.852617 -65.951028
27.723203 -35.930597
-6.772835 -15.606017
8.644054 -50.939407
-5.376488 1.799434
50.579568 -18.425596
57.445535 -36.467666
18.866437 -47.61028
26.946618 -56.881085
75.936677 -29.731074
6.284786 -61.000512
-1.008034 -87.131961
