//Synthetic=Synthetic_01249_J40

J=40
MT=1
Vd=5
Vv=1

p: position coordinates = 
0 0
23.987668 22.492145
-0.214731 4.02193
-31.638451 -11.455709
22.137767 -10.854129
35.102239 -8.332649
-57.233771 19.775952
-9.067239 -15.738708
-46.051953 -3.55288
35.534005 8.337972
11.553189 -30.359822
-14.05923 -20.22568
22.341542 -15.11908
-41.689956 5.351835
-9.854758 29.221446
-42.779077 14.808022
-23.861692 -39.185274
-37.578903 -10.209439
21.787865 27.677477
16.915035 41.884515
54.358148 -16.527242
-37.926428 -7.817982
-9.774833 12.361611
49.593485 -14.608783
-15.220468 -4.695593
-6.312327 -38.926748
-42.925717 4.261427
6.229875 -37.365377
-12.82097 -22.544667
17.662238 19.825069
-40.403334 9.269829
29.635134 -14.884799
1.041366 25.723149
-11.223346 36.051762
-34.920058 -30.478089
-0.470685 -1.435792
23.632502 -3.264679
17.055948 -26.043258
42.312889 4.100238
-12.821784 -18.759954
-56.633374 24.434146
