//Synthetic=Synthetic_00678_J20

J=20
MT=20
Vd=2
Vv=1

p: position coordinates = 
0 0
-0.146358 -79.712425
-56.992079 -59.926738
-39.227657 -12.831432
-51.732923 -9.444615
4.609776 -6.910039
-86.966478 -10.296303
-42.493641 -39.366751
-3.506913 -15.357559
-53.2081 -24.082264
-37.731106 -43.149123
-5.499362 -82.134089
-13.120884 -54.989901
-36.13987 -21.083704
18.412839 -55.321626
-21.596087 -24.512725
-8.031642 -58.900651
24.174098 -57.416932
-34.30962 -54.624245
-20.180484 -18.314016
-69.730653 -2.032512
