//Synthetic=Synthetic_00219_J40

J=40
MT=1
Vd=5
Vv=1

p: position coordinates = 
0 0
27.35857 -27.904114
-47.504507 -13.559759
15.931336 -60.513827
40.704948 10.831782
-15.647365 42.935162
-48.325697 -8.132614
22.13055 -11.705995
3.069304 -56.795681
-22.217302 -35.69241
-41.843741 -2.434246
-29.228561 25.297342
-2.345292 35.341722
-22.817929 -32.443067
36.468058 -17.714313
30.440071 24.52583
18.024686 36.219632
-14.285132 8.446986
1.020206 -2.37416
-40.215504 14.568142
5.011741 -5.06437
21.674097 5.587957
44.130558 -7.559001
-28.814527 -21.745127
24.767147 12.319447
-24.213063 41.34334
3.404651 24.044248
18.984599 -34.049097
34.313485 3.353198
-14.356284 -25.636987
0.11856 48.044125
-27.14331 15.89344
-11.548508 10.982371
41.324175 17.999708
-31.317597 -17.710222
-4.361292 -18.973522
11.525262 -57.745776
-6.652935 0.495049
-6.575972 36.22179
57.124719 16.88936
-39.837688 -4.119891
