//Synthetic=Synthetic_00946_J50

J=50
MT=20
Vd=2
Vv=1

p: position coordinates = 
0 0
54.959853 62.15355
52.299169 61.813806
48.655499 68.569398
70.180915 -1.38111
52.754308 79.473203
93.370049 -2.074075
77.860579 3.517542
91.040231 5.198197
85.147959 9.814826
60.249587 84.68
66.084976 66.61404
75.955603 -9.513702
52.982111 84.428228
84.958135 13.263434
65.26176 75.067239
92.020037 4.367141
50.11409 66.074741
86.145166 4.743734
60.362001 72.897332
46.05115 63.205709
59.793471 74.892729
76.224207 -1.327518
55.218102 77.43354
53.966326 73.157218
47.762665 65.636238
55.559279 71.609208
59.321905 61.861806
81.007202 -0.038926
59.359918 73.541899
44.696529 65.504678
79.74977 -15.207389
47.738927 75.37697
90.08253 3.339775
90.004996 7.780709
81.608122 -1.487758
85.32668 1.870175
63.464469 66.841588
51.760165 63.171476
79.65959 12.454748
53.318844 79.504085
87.470913 5.345526
62.481683 70.649494
61.121458 78.973695
89.083046 16.583124
55.497842 67.345193
49.073478 80.783195
55.716578 80.26856
93.57499 -6.657956
54.946961 70.201345
89.778304 8.952152
