//Synthetic=Synthetic_00153_J40

J=40
MT=1
Vd=5
Vv=1

p: position coordinates = 
0 0
-5.171149 -13.198194
-22.355927 -18.777992
-12.300222 -10.026659
-18.818184 -3.574841
-4.676272 -13.361375
-21.12811 -21.981195
-11.122844 -13.431731
-18.244676 -22.316414
-20.104694 -15.348649
-2.692008 -17.072246
-12.047969 -8.974382
-22.001462 -10.939042
-26.25206 -16.804384
-6.872792 -3.783882
-24.593785 -12.406021
-19.875746 -15.750781
-12.499332 -12.704026
-27.151455 -18.436978
-4.666926 -6.518669
-19.740442 -24.095272
-8.076676 -24.549235
-8.613437 -12.621614
-5.964333 -13.434511
-7.938575 -15.883132
-23.421139 -19.300519
-23.100764 -29.158355
-8.779762 -27.177845
-25.341779 -20.918832
-5.651929 -12.676553
-12.37195 -18.475476
-27.203268 -28.036518
-7.835153 -13.576912
-14.043339 -9.231015
-22.275986 -24.713606
-24.087668 -21.923294
-7.996915 -9.014295
-24.861299 -21.25093
-17.547397 -12.484766
-21.60426 -20.164771
-13.202387 -14.306699
