//Synthetic=Synthetic_00482_J30

J=30
MT=20
Vd=2
Vv=1

p: position coordinates = 
0 0
-56.279791 -29.256425
-21.124844 -26.96804
-32.512571 1.629407
57.944847 -43.564021
-37.860262 -45.816607
-8.374881 22.905101
-6.185457 60.999065
0.058427 46.810733
-19.632333 23.304482
55.348118 51.925689
-24.775707 57.287098
3.815423 70.825701
-12.27546 -36.068533
27.621432 -18.7603
35.085289 -37.308215
-10.223773 -38.08368
-10.678785 43.890507
30.920592 -20.17684
-26.594852 16.027066
-73.759757 19.450095
59.803644 8.695658
-67.853902 28.632146
-61.388443 47.62571
31.707323 16.928564
52.773251 -55.442957
30.551392 -6.158411
48.915245 54.270992
-12.670669 52.135426
-28.029222 -3.034781
-36.776717 -35.225191
