//Synthetic=Synthetic_00558_J30

J=30
MT=1
Vd=5
Vv=1

p: position coordinates = 
0 0
-15.247973 -39.174041
8.278446 -12.445835
-8.007135 -31.232554
20.517857 0.74087
27.244018 3.206249
24.05819 1.511393
26.361118 5.125501
11.108569 4.363733
-0.103083 -2.076411
9.916857 -21.764108
19.333036 -6.130002
8.310211 -16.603105
5.300043 -14.999917
-17.37952 -29.754876
47.513169 34.31267
-15.865012 -26.587391
28.856203 23.425977
-3.094643 -26.17018
17.835165 -4.354243
14.677078 3.161807
9.835222 -18.077709
-19.588529 -33.658544
22.539968 -1.801752
29.013555 50.003198
3.238383 -15.36234
-25.397799 -32.557767
21.323777 4.0334
-15.424422 -27.272281
42.916283 46.422556
-21.485779 -21.466148
