//Synthetic=Synthetic_00473_J30

J=30
MT=20
Vd=2
Vv=1

p: position coordinates = 
0 0
59.660724 7.833727
50.977367 14.109591
56.516639 -3.354091
20.817888 31.713062
43.981508 18.007155
45.958729 12.741945
28.228584 23.801774
-2.951531 -46.52333
48.455281 10.206796
55.932118 1.107054
33.537504 20.933264
33.399468 15.726991
-0.251602 -69.093361
54.055386 10.703935
54.310294 16.105493
-7.872011 -46.942634
20.986906 20.336265
36.73853 22.865419
46.017252 14.506452
45.367651 26.938465
1.224314 -53.205558
35.524787 26.021273
41.569356 19.175501
-7.240751 -45.913494
66.58847 -0.166873
59.048264 -0.663105
28.00923 25.805165
34.745169 33.604248
3.745323 -53.420302
26.055985 23.497424
