//Synthetic=Synthetic_01865_J80

J=80
MT=20
Vd=2
Vv=1

p: position coordinates = 
0 0
62.31664 -44.456144
51.021967 -54.125095
53.704522 -34.771854
5.024568 -73.859326
43.445498 -39.387676
12.573015 -69.82584
3.661981 -88.714869
41.127613 -48.34346
51.479867 -57.312978
55.086337 -57.095776
14.029291 -80.14938
55.21042 -46.478796
2.913789 -78.202267
59.878319 -49.135472
3.590632 -84.695122
1.982531 -72.404676
4.289892 -74.789585
55.6153 -41.469914
2.104388 -63.101172
60.575431 -43.762578
61.977848 -52.796507
68.203046 -47.415498
9.248859 -79.129843
3.437892 -80.009112
4.522 -85.764144
41.991597 -35.164461
60.505075 -49.052507
8.961051 -61.896348
12.99355 -81.806707
-1.992449 -66.013029
53.904652 -50.986069
50.36699 -42.802168
10.778781 -81.687036
52.844519 -56.504221
48.978066 -33.763224
0.962138 -71.524995
5.411723 -74.613301
2.308707 -69.574947
54.372206 -49.745455
57.511742 -45.460501
55.089116 -49.429167
59.092378 -37.361449
-1.518965 -71.740707
55.516276 -39.101077
1.498289 -80.642969
54.977375 -43.013552
49.826767 -55.95117
53.505244 -38.31211
-1.821142 -78.688154
49.627585 -43.000033
-6.823892 -83.249035
56.098717 -51.783016
-3.945897 -63.481718
60.780589 -50.325843
60.199485 -51.128888
63.174897 -34.24487
53.355301 -52.502107
-9.568927 -76.23314
54.090888 -47.535163
4.644248 -76.244238
58.658211 -39.825889
9.025467 -78.453845
0.05326 -83.240648
5.060038 -85.311906
49.221159 -49.648068
66.279876 -49.033814
48.587931 -51.692465
6.348007 -75.751376
49.315834 -49.054347
4.852471 -79.691663
56.397984 -48.16628
57.133213 -57.223418
6.556581 -75.265883
57.739857 -55.686029
50.810273 -35.722632
53.929084 -55.492385
-6.192807 -82.076413
53.719372 -49.039075
11.185288 -82.030949
53.704937 -38.161046
