//Synthetic=Synthetic_01210_J100

J=100
MT=20
Vd=2
Vv=1

p: position coordinates = 
0 0
81.600804 -42.282156
76.49779 -48.111284
-98.325327 2.278839
-75.469164 7.850723
80.524059 -28.23218
87.233393 -40.606992
78.395879 -52.579359
78.312356 -48.352011
-91.437347 -5.314822
-76.994524 -0.46701
-91.208856 4.994747
-92.518263 -12.417207
73.102351 -30.357602
96.533601 -54.894569
90.527689 -58.963923
65.93804 -22.243182
60.302555 -33.620979
-80.421691 16.496078
80.524904 -50.485695
68.251415 -42.019081
-85.001229 -15.209213
94.897646 -51.751758
69.890693 -41.136258
-78.837856 5.275918
-75.292628 3.538928
-67.187201 -9.091741
82.64989 -50.561263
-87.537544 17.927207
-98.158951 13.047973
79.183845 -40.922492
82.515483 -57.615838
73.39054 -44.677585
83.020327 -44.222152
89.85434 -42.452141
66.362191 -40.183765
-63.04381 0.385757
82.012636 -51.293535
71.431876 -46.868821
-81.202262 1.599342
-68.392712 1.059267
63.102698 -34.498928
-75.897799 4.695958
50.797979 -48.781605
82.026496 -41.393106
97.336246 -35.743236
-71.915122 4.819405
-88.470061 13.550135
56.761299 -32.685253
79.420441 -44.183458
76.545021 -40.174788
63.350659 -40.584762
60.539449 -28.57356
-70.644358 -3.109381
68.712823 -29.907466
75.961988 -51.78458
84.628554 -31.790996
81.899786 -33.880366
59.071194 -44.910319
-94.81148 8.267844
-100.129562 4.945641
68.461989 -23.370827
-88.904964 2.749045
-93.104847 9.589932
-95.993926 -9.18902
69.809008 -43.942811
95.59382 -46.192669
78.388215 -45.178926
-94.398442 -6.268919
76.263919 -31.192067
-80.767064 -14.576053
71.447075 -52.328913
70.186742 -36.600652
64.94767 -33.273337
-78.680002 5.699866
86.549539 -49.712719
82.524772 -29.17151
61.077833 -30.1431
-90.903644 6.885826
-94.498728 13.331448
73.663771 -35.034628
-92.536697 4.432438
-76.813954 -5.810123
51.894545 -26.847148
80.761096 -23.416722
71.931646 -32.982443
-100.4108 18.870292
67.969375 -41.110975
-75.824483 -1.731458
81.025919 -41.790993
72.628258 -65.048939
-89.837117 15.339487
88.499723 -53.260943
72.276726 -27.173816
-100.719975 11.340836
58.905561 -27.765055
70.365413 -43.301601
85.600107 -46.617617
-78.579283 2.037592
103.879933 -36.689145
79.65268 -46.892941
