//Synthetic=Synthetic_01623_J100

J=100
MT=20
Vd=2
Vv=1

p: position coordinates = 
0 0
-27.718292 -48.479374
-25.108922 20.829911
-77.017628 6.541952
-8.030655 16.20562
-83.693572 18.704383
-12.054442 62.889313
-64.684223 -10.999764
-46.063935 -7.242648
-7.580625 35.598244
-11.595461 2.945674
-54.774713 -2.704686
-6.691552 26.637362
2.148729 -8.012223
-41.9056 53.118406
-72.313659 37.045375
-54.513906 -29.320904
-39.515663 -41.315203
-36.031923 -3.708004
17.393733 27.494815
-35.982889 31.578114
-15.105054 -1.662658
-21.696047 -8.359594
-9.262555 14.174221
-91.978115 -4.131032
-25.425474 68.682975
-77.500456 -3.799549
3.981986 38.651566
-29.830682 -60.2124
-100.011352 21.187442
-39.055473 54.219312
-14.27572 -52.566656
-50.137118 -2.155113
-37.598093 9.17375
-27.035511 43.173733
4.075318 41.271305
-82.236437 9.000249
-5.394478 9.800497
-58.613801 19.269051
-6.099549 -3.655477
6.249675 16.79195
-58.959706 24.193526
-32.251178 10.976735
-24.144095 65.973437
-45.039893 38.425437
-55.74338 -12.627898
15.685725 10.648206
-56.51448 -16.977915
-44.310003 27.249293
-40.496363 -59.488186
-51.285432 -41.554298
-63.626161 26.508261
-8.002105 -4.761839
-28.969634 46.930233
-40.06718 45.66925
-13.589992 -21.275475
-66.531588 -5.749148
-3.790695 -40.506925
-68.287089 -27.187037
-72.930715 21.820036
2.379936 -13.15016
-47.684149 23.936782
0.299914 -9.073688
6.469937 47.07938
8.807252 33.921182
-44.923208 -60.729917
-63.632288 44.984778
-64.831557 5.695545
-32.673021 14.345652
-68.512831 9.183878
-21.701393 17.431107
-17.560916 38.432352
-35.550987 7.560402
22.583232 -0.33241
-43.209525 -26.950195
13.524273 -10.634576
9.045438 26.516322
-68.605643 9.071498
-66.026233 25.746812
-19.777811 64.559064
-45.827747 -55.197323
-8.238564 -19.062702
-1.088211 -30.76188
-7.365968 35.775762
-59.367284 35.925504
0.350602 -39.788073
-33.181705 18.24021
-95.258676 16.549501
-28.179825 70.795425
-45.048913 -56.186412
-19.739454 75.066068
-62.35935 5.59488
-32.892778 -34.98279
2.887188 4.299231
-54.79085 24.668953
-60.479892 27.595649
15.921622 22.050637
28.038657 -11.157945
-12.26878 11.710384
-5.170316 -38.515915
-61.299369 27.221889
