//Synthetic=Synthetic_00260_J40

J=40
MT=1
Vd=5
Vv=1

p: position coordinates = 
0 0
20.38063 -9.835798
25.948379 26.652054
34.502871 -2.006666
0.574947 -45.806637
-11.613596 -31.562371
16.288426 -8.35844
12.474431 44.877366
20.087786 4.505211
11.045315 -1.916893
32.884298 20.849876
-12.800933 28.634737
18.674424 -28.446877
26.9664 49.913153
-46.662723 9.463731
-30.340176 -46.141567
-11.520464 -17.012575
-6.050791 -44.469319
-41.949574 4.813399
3.958716 -21.17437
40.315084 -47.208062
34.640628 -14.218893
-23.070973 -19.60574
28.78644 10.829537
23.775371 -44.454143
14.02609 48.850981
7.09816 -5.877663
16.913148 -22.328754
11.593768 -40.811307
54.945663 -33.417232
37.552728 8.170114
-2.585928 35.311548
36.141738 32.201428
4.260623 44.736799
2.071381 -29.084882
-34.301759 -34.191485
4.943161 -10.113886
-1.803867 4.677976
3.489058 46.204415
-34.692117 -1.794105
-1.431847 -46.957917
