//Synthetic=Synthetic_01983_J60

J=60
MT=20
Vd=2
Vv=1

p: position coordinates = 
0 0
-85.988762 -13.753541
-84.220017 -18.501226
-51.919723 49.257827
-86.859811 -25.468108
-49.269201 54.604802
-68.52182 -13.487709
-85.333091 -26.529059
-77.252272 -11.095932
-60.744344 61.060864
-82.811171 -27.664576
-78.447825 -26.981866
-82.168533 -11.90429
-75.118676 42.799372
-64.179538 60.129368
-65.473536 -11.820382
-66.364696 62.187657
-91.391228 -18.646394
-76.674797 52.843784
-84.949289 -8.209737
-67.906953 -13.93608
-81.820135 -3.272203
-57.030253 54.795221
-80.930397 -1.998541
-74.55572 38.80376
-84.781054 -6.285877
-79.62366 -19.296281
-72.283405 -21.479172
-85.839985 -25.116623
-78.612586 -10.294564
-69.291271 48.672342
-70.156018 48.319714
-65.746257 55.520086
-84.726814 -24.426461
-67.208251 58.308481
-63.51355 63.350343
-70.529952 53.421629
-86.048326 -23.509105
-85.546522 -17.368991
-63.193703 59.868989
-72.451692 40.760566
-81.36544 -21.482407
-76.862127 -2.437901
-61.769127 66.402199
-57.028464 61.909356
-63.546558 -10.6463
-62.02382 49.537171
-84.97047 -21.375077
-54.99371 42.925032
-80.831879 -4.721428
-90.071945 -20.689524
-67.905652 -13.912455
-72.921603 53.097585
-67.39309 -15.8456
-70.972044 60.903335
-62.948115 55.119462
-76.619144 -17.968178
-70.777603 -28.703112
-85.392355 -23.162526
-71.408133 54.906006
-61.061128 53.416355
