//Synthetic=Synthetic_01606_J30

J=30
MT=1
Vd=5
Vv=1

p: position coordinates = 
0 0
5.340837 -38.304034
-18.043534 -26.223279
-28.704875 -21.461873
8.602511 -39.331966
-16.638696 -25.654895
9.278096 -39.553597
-14.031423 -28.35225
-28.344036 13.966108
-24.206061 -25.055239
-20.026747 -34.192873
16.715892 -32.934131
-20.405548 14.665637
-16.057381 -28.179594
-18.746935 -40.68055
21.795208 -41.012742
11.069454 -29.510402
-32.089426 6.557837
-22.760691 -22.793657
-35.235498 19.503104
7.950923 -35.716197
19.21157 -43.49951
-23.877203 -24.462466
-27.254446 8.222792
-28.336266 11.667073
-22.127993 -20.8001
14.831224 -35.302839
11.862698 -43.530341
-35.397708 19.816031
-22.859318 -29.625115
-11.387879 -27.508085
