//Synthetic=Synthetic_01970_J40

J=40
MT=1
Vd=5
Vv=1

p: position coordinates = 
0 0
-31.50078 -12.120852
-29.199179 -13.598786
-29.265998 -16.132009
-34.758449 -13.066913
-5.386881 38.428241
37.820133 -12.048091
-37.643452 -8.464653
42.520954 -6.569475
-32.430314 -10.591424
-38.543752 -13.600754
-33.114816 -11.106795
-46.483843 13.629169
10.291724 31.426414
-32.685785 -15.572277
40.574249 0.869637
-9.423388 30.638443
40.572856 -0.132426
-25.024175 -19.639167
-6.249278 35.163139
-26.983666 -7.854752
-28.655323 -18.047136
34.208618 -3.094818
-42.631753 16.812393
-47.241913 21.448594
-38.46012 15.440962
-4.462567 37.065144
42.41694 10.172009
-5.129448 34.011916
-41.835465 10.161866
-1.23677 28.764945
-0.434395 30.591811
34.778905 -7.347644
-7.345681 28.943977
4.558501 35.843944
-4.22843 28.951139
-0.257345 26.990019
-10.33715 36.258005
45.742359 -2.506456
41.200893 -3.39541
-43.016984 13.09465
