//Synthetic=Synthetic_00613_J50

J=50
MT=20
Vd=2
Vv=1

p: position coordinates = 
0 0
-44.182217 -31.752471
-69.694353 -23.15281
23.258557 3.64654
-12.143774 13.097327
-15.49286 0.800466
-19.357235 -30.136964
8.843144 29.427789
-70.922243 -25.452569
-47.501879 16.877406
11.542048 -41.183796
-35.985779 44.34513
-24.07919 -45.638373
38.903494 23.420185
36.048183 21.694033
-4.577708 5.161551
5.726807 -28.494811
40.970993 27.235104
-34.262947 30.424496
-59.557626 1.242015
-63.871976 5.929325
-38.529446 15.948236
17.367722 0.192386
15.122101 18.08767
-43.80306 -9.975751
-14.226534 23.828812
-9.326285 33.746574
-9.073815 -7.732168
-39.775324 -16.940589
-33.902741 -38.263988
11.512027 40.087446
27.140874 -2.830451
18.017833 -27.528032
11.458418 37.104951
-38.147496 -27.873605
-39.086437 32.784014
7.509677 -23.616138
-60.49032 -16.241499
-22.504336 11.053451
-39.732202 9.26969
5.136547 -52.556891
-26.861928 40.56127
-42.077155 22.649533
9.014875 -46.597093
0.746533 22.073648
14.317463 -23.558947
-8.491058 34.370613
-0.503047 6.896517
-8.280904 12.880613
-37.630413 41.83202
-37.122592 -15.807824
