//Synthetic=Synthetic_01629_J30

J=30
MT=20
Vd=2
Vv=1

p: position coordinates = 
0 0
-29.426549 31.0308
-15.328414 114.016738
5.962335 85.047234
-7.917652 96.726313
46.712906 60.893859
3.026128 41.641487
-7.490368 15.80148
-21.827751 55.726885
-7.176905 28.411711
-33.222226 70.60879
12.454781 69.396817
-14.110433 20.076515
-29.299286 74.051321
-28.393455 73.685259
-13.25507 87.91921
-28.70471 65.533834
-13.985996 84.102165
18.958393 43.736478
7.903304 28.124061
7.304776 19.017348
-24.271385 105.154244
-33.146104 69.541686
17.814847 45.204867
-23.718157 29.189697
-10.283422 12.273179
10.675056 87.268907
22.154912 53.274906
21.725974 25.091251
10.710053 103.372903
-33.671275 52.190554
