//Synthetic=Synthetic_00774_J60

J=60
MT=1
Vd=5
Vv=1

p: position coordinates = 
0 0
16.39856 24.846807
-15.517407 -15.475047
22.638642 -13.343529
32.045671 -5.179298
-36.981624 25.176225
14.809825 36.777096
16.462893 -0.189616
17.254254 54.952317
0.871753 29.604695
-7.053849 7.269114
1.293966 -5.483563
-1.005785 -2.610452
-46.318298 18.391506
45.917494 -2.395014
1.489673 29.654881
-20.560934 23.552744
-17.604511 -17.114009
60.356722 5.752109
10.505292 50.023144
-21.972344 -31.459231
-6.219465 8.457343
-17.451561 38.972777
0.113723 0.218683
-37.140318 -26.235773
-22.155966 20.790933
-2.00623 -18.951727
52.062021 -16.516343
-22.16271 -17.748752
-45.907549 5.565893
-1.139883 -0.941065
-36.622141 -11.445005
56.311161 2.457226
-49.672841 6.899384
49.370229 -13.461148
50.082182 -1.090292
18.256891 26.619454
14.585298 26.791594
-46.701342 16.556812
-22.372112 -29.719502
12.195326 2.69574
-34.817417 -24.826992
-13.986049 35.705328
-38.985725 -8.998665
-35.805011 5.840615
39.746129 -5.403174
-22.179322 19.15678
-21.442195 -34.869529
14.559043 35.085943
63.811033 5.371356
18.532289 38.815935
-32.559831 -8.901895
16.197768 22.302194
0.143206 0.856475
-44.485038 5.815472
12.563471 33.530763
-18.749315 35.568298
-42.378714 -5.397574
-49.788118 4.977384
-14.387041 -1.403452
-21.435967 -16.817159
