//Synthetic=Synthetic_01858_J40

J=40
MT=1
Vd=5
Vv=1

p: position coordinates = 
0 0
20.42414 18.075945
58.883479 -21.164458
-24.203679 19.163977
-0.359577 23.134181
42.325486 18.501768
-19.8052 23.206974
-30.024389 36.709149
34.574001 19.401231
27.798456 19.691525
26.324888 -6.005951
-13.125521 -9.928934
39.167055 32.238431
12.421222 -4.280754
69.465036 -21.102754
-19.210915 -56.600369
57.227211 1.762561
2.713583 13.20378
-23.891759 20.809196
16.611055 54.911043
-0.428329 38.665553
8.67974 23.591633
25.199453 47.699463
14.795057 14.233329
-25.213869 -3.215114
65.645835 -15.001147
2.277182 22.60876
4.080286 28.945808
14.378552 -37.755164
33.274726 23.047887
-64.136218 9.729114
62.001125 -2.327274
13.117533 -18.715344
50.686177 -2.757244
3.445001 -41.409975
-30.020304 -4.267865
-43.251765 34.885353
-36.717008 -18.497655
-32.492924 -21.454965
26.836874 53.458625
27.38868 -40.408297
