//Synthetic=Synthetic_01772_J40

J=40
MT=1
Vd=5
Vv=1

p: position coordinates = 
0 0
-27.073038 -27.004432
-40.366995 -1.880182
-3.158612 -5.794933
-38.038371 -27.370144
52.811739 7.596208
-0.623414 16.533041
-14.405991 -39.16958
46.300968 11.609437
-59.568238 -9.650544
-18.298598 29.394788
16.787282 16.594818
-20.244206 46.658285
-7.839212 7.435974
5.048028 -17.112679
-5.379331 49.231618
19.943615 -9.547966
-12.005801 -21.40714
15.900834 -44.388304
-5.095964 12.989306
-25.272625 30.471267
38.412131 12.850142
-25.04457 9.449572
22.878483 -26.309104
-10.827018 -13.291705
13.782328 15.69316
-43.595695 -0.030335
-25.982166 30.358671
-13.4983 -43.406092
17.203284 9.274081
3.652007 -20.823556
6.363145 -49.751474
-40.084023 2.919673
23.247941 -5.331572
-18.383517 -27.412072
-11.572127 48.825103
-33.582332 23.474486
36.401644 2.076832
42.472586 20.795106
8.514876 7.240179
25.991613 7.018058
