//Synthetic=Synthetic_01448_J30

J=30
MT=20
Vd=2
Vv=1

p: position coordinates = 
0 0
-17.67288 -76.697615
-26.0308 -68.933335
20.249961 -60.528448
-35.943119 -66.89599
30.397268 -71.040919
-40.473054 -79.516083
31.049152 -71.266268
-23.016559 -82.980409
27.497238 -69.256216
34.001349 -75.141503
33.208833 -81.967352
-23.2459 -68.554177
-24.718169 -79.714286
34.192992 -78.887613
-23.247943 -76.69435
-30.117653 -67.133864
-20.625341 -74.11136
28.36356 -76.484171
-35.000632 -70.978423
-31.725385 -67.148035
-19.681859 -81.022176
-15.36866 -81.873252
27.987839 -57.354301
25.08984 -70.182564
-18.020091 -73.206848
28.230625 -73.41522
-26.312278 -70.669295
-27.106555 -73.562969
-18.093837 -79.641936
-35.4661 -78.398584
