//Synthetic=Synthetic_01200_J30

J=30
MT=20
Vd=2
Vv=1

p: position coordinates = 
0 0
11.901886 39.43602
54.003843 -32.103259
13.130758 37.456565
13.865006 34.072881
66.07548 -29.714581
-65.710461 42.914846
-68.315569 54.74404
-68.388444 43.938228
74.549684 -35.626547
-79.233947 44.242365
-62.8884 52.60004
-54.444697 35.727505
56.500276 -28.624887
66.55659 -35.599124
-75.513955 49.784404
0.138727 55.722507
-83.947229 54.947713
-57.288034 44.728697
21.94318 43.532642
14.900571 51.926116
8.933264 55.167122
57.490488 -28.679504
15.440029 58.560597
-53.962586 34.677755
14.694122 39.067343
71.751659 -33.451696
-83.515548 38.962742
52.053199 -59.695418
18.44284 40.229538
7.225484 50.307119
