//Synthetic=Synthetic_00302_J60

J=60
MT=20
Vd=2
Vv=1

p: position coordinates = 
0 0
-16.542379 28.552597
38.85321 73.200947
22.884248 -20.879254
18.642684 19.94934
52.644754 35.627635
-3.753979 31.969142
-6.118823 37.725692
34.945615 32.048926
-8.984386 21.204284
31.835205 22.030372
22.086071 85.682649
26.007192 52.786817
-5.555129 84.156455
-3.8455 70.57311
-22.47192 18.00391
18.904154 90.673035
20.275502 -5.511417
47.659525 -14.055872
-22.564756 26.835461
-0.523675 71.186179
13.269713 83.073831
-11.106071 17.359361
-11.479188 57.503549
4.412155 81.513891
-24.670325 27.163142
19.1014 -5.591827
12.650891 85.469207
38.82049 -16.270842
-8.952321 14.992593
13.701535 68.004499
-9.452 68.113603
31.648681 25.094447
1.3278 69.211625
-0.127819 75.304688
3.626012 83.219243
-27.232938 23.098462
22.375605 24.411463
19.433265 -8.488738
14.593615 37.203518
56.244767 59.878796
-0.536186 8.178616
15.999921 75.636471
7.407405 74.321371
-0.993484 87.532551
-1.017603 43.354623
0.36081 69.481304
59.988699 62.205965
45.915528 35.635005
-15.812353 16.330773
10.615648 72.616136
66.759272 40.862602
-17.507282 24.585419
-17.845313 21.166283
-2.449504 37.97885
-13.09068 59.608006
5.911314 2.122994
20.46423 24.629794
12.830493 71.193006
69.731214 61.344964
2.1582 51.826126
