//Synthetic=Synthetic_01924_J60

J=60
MT=20
Vd=2
Vv=1

p: position coordinates = 
0 0
-34.257713 -0.318117
42.78837 -22.527145
-33.6592 -4.291258
6.719575 52.035766
17.805954 62.44869
13.349758 60.043741
7.762754 63.429022
-47.379201 -4.463323
9.152563 67.853325
6.040013 70.941773
-49.196675 13.311709
-61.495874 0.003789
-54.426847 -3.199315
-42.543714 8.320152
47.159237 -27.372313
47.782927 -22.726741
-56.315823 -8.153876
-52.483879 -3.822226
-0.985545 57.248908
40.046966 -27.800993
25.179013 -19.759055
-46.176943 1.185264
-45.289741 -0.194215
14.22882 63.062609
26.49933 52.07795
36.778762 -30.40598
36.801774 -23.140669
43.021946 -27.57393
23.2781 77.443783
54.619382 -25.751439
19.58351 61.955487
52.805231 -22.781344
1.867234 46.607107
11.852174 53.66008
5.228344 72.828751
40.649137 -24.693679
40.326126 -18.141379
55.812371 -20.599416
44.963155 -20.281889
-35.363044 -4.348848
2.383479 57.13852
-56.635508 -6.176375
33.049673 -21.316457
11.245254 60.7154
-63.330413 13.938578
17.118218 65.139578
-47.348951 2.740511
16.644372 68.274697
44.293459 -31.530773
-44.021191 -3.903525
11.94677 65.961882
5.608988 61.64641
-37.761316 -3.023758
12.326083 62.186395
-44.306281 -4.132199
18.050344 67.058762
38.580374 -24.646654
42.838261 -20.650917
8.985865 65.422635
42.878047 -20.962826
