//Synthetic=Synthetic_01532_J50

J=50
MT=20
Vd=2
Vv=1

p: position coordinates = 
0 0
60.847173 9.021502
85.890301 16.414232
76.671071 22.909528
66.450695 -53.243928
61.959217 -46.07543
65.616087 -48.943892
67.91442 -40.055676
53.959434 -48.882506
51.700808 -35.152061
66.935832 -35.673874
41.718031 -36.957569
76.123911 17.150591
84.759031 15.429695
66.153475 17.406076
67.477176 -39.608852
61.851628 -47.518783
63.657543 -41.502411
73.141823 13.987142
70.790922 16.171002
68.66207 16.871459
69.292465 8.777909
57.051172 -46.610905
58.382591 -38.112714
65.900217 -39.076401
67.229771 17.99189
78.916999 11.446201
72.630768 13.554063
63.820753 -36.368199
74.481846 12.835489
75.360801 17.395162
58.528051 -43.914177
46.967324 -45.065142
69.841665 -41.85248
51.339125 -46.884961
76.108362 12.652765
79.189088 16.463049
49.576148 -37.047075
69.088299 -38.018422
59.322995 -40.082055
80.99443 7.015049
81.715455 1.22391
57.091425 -43.232724
71.847814 15.759105
79.06772 14.580673
62.016099 -49.726605
70.04352 22.924491
77.703157 14.825273
55.169543 -45.554824
47.526198 -34.045263
53.687671 -44.841998
