//Synthetic=Synthetic_01073_J40

J=40
MT=1
Vd=5
Vv=1

p: position coordinates = 
0 0
-0.85991 -27.063595
-2.753586 -40.773484
-25.609025 36.630405
-7.649854 51.225171
-10.396118 38.707367
2.511361 -32.880389
-22.135419 41.570911
-1.398531 -36.74478
-18.194109 40.234883
9.003584 -33.989725
5.258665 -41.214985
2.893705 -38.033285
-4.91943 37.65476
-14.752205 38.695274
3.141804 -31.99534
-1.47009 -28.245332
-8.495247 -35.307612
2.552783 -34.007095
-13.036623 46.531802
-9.600644 45.859064
-26.316124 47.333316
-22.318885 41.987161
-2.157082 -30.303615
5.203517 -33.334426
0.792523 -38.774442
-12.618143 41.867665
1.925832 -31.267241
-20.25586 44.944926
5.285278 -44.039055
-16.288269 47.308028
-25.185778 38.435885
0.074606 -40.35128
-11.600853 40.94812
-18.278889 47.587215
-12.368749 50.77968
-0.628457 -42.598459
-7.398966 38.999281
-13.171117 42.640487
-4.539139 -41.195381
-4.46253 -30.76212
