//Synthetic=Synthetic_01989_J60

J=60
MT=20
Vd=2
Vv=1

p: position coordinates = 
0 0
-25.743837 11.927183
-64.394423 59.261431
-31.380687 36.733484
-29.730745 36.013878
-39.070966 53.262683
28.654525 22.11534
15.128902 20.408191
15.117074 -4.848194
31.107203 6.291889
1.503614 14.270532
-74.253899 36.39886
-16.988807 65.450234
-82.696001 50.40235
-60.258426 41.796181
-33.796159 57.577698
-0.735689 67.557307
-30.304223 59.568079
-38.048861 66.397235
-72.310551 34.737271
-63.394911 43.304481
-39.405275 37.189775
15.30503 31.50176
-68.734334 8.159727
-34.013717 67.847306
-61.028079 29.978442
29.663609 20.013453
-91.534668 37.789725
0.481565 6.313751
-39.165885 -18.658218
-52.797697 -21.668347
-69.864386 41.748197
-21.344847 2.047886
-62.712729 57.256346
-15.298998 66.412088
-32.20755 39.06416
16.557277 25.929797
-5.65948 66.909128
8.916374 44.200855
4.056686 12.868723
-66.390894 34.14681
-28.120061 61.810365
-60.503438 33.156038
-22.102716 38.194554
30.297707 9.446366
-3.409109 22.51896
-66.979913 6.5813
-39.33569 -20.620751
-18.651296 60.245836
-55.954865 -27.59163
-57.077903 -18.467275
22.943471 -14.129483
-14.185972 38.923478
-68.595703 27.778882
-18.792275 24.828669
-29.599225 71.081778
-11.538351 57.986317
-78.096753 33.411355
-51.161599 -45.191058
-33.484736 66.757979
-17.286261 5.797526
