//Synthetic=Synthetic_00699_J80

J=80
MT=20
Vd=2
Vv=1

p: position coordinates = 
0 0
0.898128 1.338024
-14.223441 -7.969358
-34.178691 -93.637951
-67.593771 -48.254604
-9.221684 -90.719019
4.978907 -5.193002
5.600471 -59.721923
1.220697 -24.861985
-1.569192 -42.97284
-4.020285 -70.565265
-45.117193 -37.802532
-52.244783 -93.221266
-21.038043 -92.307707
-48.054778 -44.572123
-20.565739 -1.769604
3.132299 -16.421321
5.270066 -60.89811
-23.31168 -86.228298
13.035663 -60.277119
-23.816225 -4.231077
-43.004659 -26.547563
-26.367198 18.143448
-46.930713 -21.652011
24.514224 -70.781492
-39.693771 -10.912706
-8.485795 -56.738786
-10.39072 -61.654147
-18.986862 -65.938191
-25.385007 -51.911964
-9.578709 -6.309388
-23.816617 -58.547416
-48.653121 -6.61258
9.548584 -16.665907
-34.59601 -39.586552
-45.619891 -58.479606
-5.439806 -46.447463
-50.072557 -28.332422
-11.476901 0.815862
-22.553553 17.459496
-49.086323 -27.556727
-20.853376 -116.095261
-56.52869 -87.944756
17.452774 -45.392446
8.917041 -82.401787
-17.222138 -60.947138
-44.785907 -22.445053
-3.292394 -9.597076
-52.113357 -20.573356
-43.335451 -102.142824
-30.972636 -81.333568
-46.220882 -75.715717
-74.878547 -38.286282
-7.309762 2.725274
-22.019753 -18.339011
-42.852984 -57.891036
-66.397273 -50.280611
-73.610515 -25.056343
-53.439727 -25.794555
-76.98248 -41.153565
-57.163249 -47.834866
-5.934859 7.225395
9.319661 -26.118722
-36.202741 -54.467853
-63.520739 -46.09223
0.14384 -73.141926
-2.058929 -68.775146
-12.74987 -77.824994
-10.489648 15.447327
-15.061986 -2.705507
-37.84559 -88.348158
-23.033035 -85.072006
-36.851303 -16.300205
26.74548 -57.181752
-34.796927 -37.777277
-54.977728 -25.276999
-2.308281 -46.013083
13.434161 -42.908927
-47.755285 -100.552116
-14.38918 -51.817357
12.618486 -33.596756
