//Synthetic=Synthetic_01656_J100

J=100
MT=20
Vd=2
Vv=1

p: position coordinates = 
0 0
80.726416 3.334897
14.936811 19.566147
43.196624 17.974573
1.216329 -21.71231
35.231586 -44.337084
13.307955 56.034929
-5.264721 41.659284
25.648666 29.168554
11.430123 -28.977367
57.320587 14.2006
42.14699 23.446463
44.919088 -45.145363
41.677407 29.22867
-17.480513 29.18406
25.473133 -17.25774
-12.771143 10.557385
55.664853 -1.096747
-3.275719 18.228238
24.270933 48.000503
74.792967 30.922473
27.955195 59.585171
33.845523 -33.851183
20.314516 17.886962
22.155992 -6.568608
33.323577 -47.591313
85.337329 8.538737
-7.192739 51.460483
29.739768 -0.238105
53.733216 46.456053
5.385517 64.527402
8.037736 35.152225
9.315405 14.969063
-13.353318 -1.443498
69.592048 27.359585
7.332384 50.491437
53.698536 -26.394792
40.453174 54.99474
43.425742 5.58231
35.839777 10.230238
61.372445 15.376573
75.870063 25.542722
12.266219 69.397954
44.788257 -17.342637
18.232413 -22.342302
81.512726 20.712324
85.986069 16.228722
40.305789 -37.236658
14.270443 37.370397
-11.057428 -27.099499
20.163496 -9.328905
21.72072 -41.363376
-8.16263 -3.633784
33.916284 -44.65318
12.135677 8.563521
50.673951 37.689415
22.973973 43.599883
39.174211 30.736671
37.804668 48.630793
-6.479968 15.265305
-0.422883 0.203703
23.206404 55.204778
78.846746 11.006597
39.078461 16.672121
38.561197 47.976332
77.467059 20.289092
64.195958 18.24513
16.899448 46.724516
7.026256 -24.990075
-11.579069 -16.932169
35.252255 -38.92861
8.434223 45.222261
31.045111 -8.739632
-28.465731 1.027398
26.689914 16.554321
28.652171 22.616394
33.972364 55.494106
-6.778376 -32.452018
-1.028304 -17.786098
14.472782 62.083906
74.353437 34.768554
48.520689 -5.674706
4.04189 33.56619
-18.997097 16.818171
33.618117 30.666459
3.926679 20.55509
-4.432961 -9.021791
10.525955 -22.894095
13.241949 8.234718
-5.129024 -17.528817
19.188034 20.498739
4.015037 -27.930406
-26.317213 7.689334
-15.238704 36.262355
41.738606 -2.417286
18.502684 38.184714
6.92552 -13.715483
58.247995 -2.761796
41.384202 -40.23738
44.927788 -26.050672
-10.473439 -12.745507
