//Synthetic=Synthetic_01396_J20

J=20
MT=20
Vd=2
Vv=1

p: position coordinates = 
0 0
-1.23708 -76.632923
-12.584279 -66.565915
-62.594083 -48.112862
-64.013578 -46.399103
-18.850742 -90.047324
-12.931092 -70.236123
-14.908588 -81.249116
-12.492668 -83.68919
-61.934135 -47.346214
-15.444966 -83.918484
-15.594997 -86.248615
-8.678669 -89.545429
-68.802351 -53.072222
-13.91963 -86.51983
-63.255651 -47.361417
-65.992373 -51.684816
-58.641049 -50.348154
-8.658051 -89.026719
-59.452923 -53.540519
-7.274417 -93.780317
