//Synthetic=Synthetic_00727_J80

J=80
MT=20
Vd=2
Vv=1

p: position coordinates = 
0 0
24.172888 -34.996094
6.840547 9.24384
2.048372 -39.412982
-19.927278 -27.147745
41.867413 -36.373349
32.931968 -17.175555
42.118969 -19.791775
3.554626 -25.421206
58.605633 8.529171
21.167483 -22.996067
17.713146 -60.041434
66.238644 -53.949618
31.974392 -40.859782
68.348569 -51.16219
0.051888 -50.106542
1.444653 -65.720303
58.642095 -25.674385
16.153722 1.696671
78.180121 -68.611327
5.766611 1.946973
36.678049 -5.935438
46.89054 7.908948
53.371271 4.099324
58.595956 -75.905201
22.90051 14.880196
53.795053 -27.277986
52.406553 -10.598698
36.077473 11.120873
36.275425 -14.319039
44.75188 -56.476298
-1.184005 -80.611625
35.560143 -67.664513
1.176776 -54.693731
28.995448 -19.738062
-1.239439 -50.02683
20.63686 -37.082267
13.754639 -56.898375
51.661635 -20.668929
43.241401 -10.969075
-5.943252 -75.59939
38.060461 -46.640268
35.380456 -43.265713
44.847587 -61.163576
75.044972 -66.318062
51.451415 -21.352557
75.350878 -73.246931
-7.637041 -27.01045
8.609078 -82.259612
39.328781 -24.792152
50.624462 15.105837
37.067555 -51.353567
39.881438 -54.661729
-5.608425 2.290991
-6.092168 13.265552
47.129026 -72.017919
-2.265664 -7.672731
16.466576 -37.037481
-4.260925 -52.037667
49.702641 -58.807016
67.528945 -40.667955
61.214099 -3.003511
22.325116 -28.146154
0.796265 -45.647901
42.210016 5.702108
42.159284 -68.69958
-1.993605 -38.601638
6.266552 -27.424323
49.087777 2.860336
40.057812 -31.193653
12.880611 -22.555027
44.738241 -10.941699
30.036049 -1.816544
7.256442 -82.943804
59.553015 -38.307146
76.86329 -30.286121
50.167957 -17.953171
0.098104 -16.341344
28.64265 -63.686664
5.306039 -40.563729
-7.576549 -24.835866
