//Synthetic=Synthetic_01352_J40

J=40
MT=1
Vd=5
Vv=1

p: position coordinates = 
0 0
-1.901944 -36.529617
23.790915 23.09195
-56.065941 5.169625
7.123925 20.087193
11.395826 51.533322
1.064468 -20.268575
-6.865166 -26.125807
-23.483115 6.874551
-13.207655 -44.558314
-23.634905 -1.74091
18.630759 11.219285
39.338529 -19.969939
31.67324 -4.894373
8.622901 18.515749
-16.397321 28.299721
-26.638084 -37.277067
-0.283017 -24.211605
-30.096407 7.076679
-9.135581 -53.089918
1.346957 -10.324939
25.399253 14.09274
-14.721467 -38.35242
-9.475377 -37.684293
29.055219 32.866425
-1.244878 7.085529
19.0141 -0.772721
-59.863272 8.34507
-2.770526 37.498004
-51.725498 0.081852
-51.528605 -4.816024
2.944953 -54.405538
-32.506091 -22.690373
14.566422 -28.112273
-3.202236 43.263566
3.837887 41.843856
39.34794 -1.193265
2.580018 1.483498
19.190768 37.311283
-33.001659 20.006032
44.478575 7.016556
