//Synthetic=Synthetic_00976_J80

J=80
MT=20
Vd=2
Vv=1

p: position coordinates = 
0 0
-1.047691 -76.956668
-69.02919 -52.988703
-60.062013 -63.106337
-51.67891 -62.626561
-53.734038 -43.091333
0.911402 -61.718606
-13.931652 -82.930352
-18.605412 -75.739209
-63.232281 -57.564806
-62.316984 -52.732327
-2.534405 -81.879755
-1.855767 -88.38383
-3.841889 -76.942178
-58.349256 -49.632031
-7.282249 -74.071646
-57.737612 -39.283382
-56.565868 -44.784875
-0.71179 -84.712861
-62.992247 -46.425629
-59.519878 -49.116827
-58.611547 -55.793576
-6.808918 -82.480282
-57.212435 -58.250551
-7.698583 -83.261003
-5.134244 -68.775978
-19.43166 -81.759797
-56.561004 -55.786378
-3.295746 -89.91724
-2.691147 -78.338015
-9.165337 -74.899149
-10.981961 -76.806283
-44.308935 -38.585478
-56.000043 -47.111395
-59.394414 -51.648649
-61.497657 -52.565656
-0.137279 -86.292395
-69.238122 -47.630851
-56.641612 -48.42288
-19.608841 -85.053229
-3.417387 -81.066484
-65.411316 -54.973011
-69.803511 -60.677469
-68.571179 -44.008908
-62.266075 -47.707553
-49.889921 -40.872381
-56.592732 -54.273096
-14.490717 -76.332206
-11.376991 -88.652923
-69.931161 -47.326342
-63.86772 -50.030633
-55.587984 -62.60697
-63.226641 -53.012777
-51.012073 -54.87586
-61.582492 -42.66274
-56.73896 -34.775584
0.760526 -75.19916
-72.506847 -50.708288
-9.132967 -72.785306
-3.498572 -78.48039
-58.391238 -38.850374
-59.578671 -50.625418
-7.151739 -90.197026
-60.149798 -51.248816
-69.233209 -46.947572
-17.657669 -83.419608
-52.061281 -58.25504
-68.877174 -52.728605
-60.891091 -57.051608
-69.204647 -45.819226
-58.661129 -59.124918
-11.711801 -85.629333
-65.533735 -37.027915
-8.5564 -76.909458
-56.502153 -55.059757
-66.866439 -46.421578
-57.808648 -45.568696
-72.383461 -43.789048
-57.596679 -47.816613
-4.343972 -80.327806
-3.340229 -92.597066
