//Synthetic=Synthetic_00191_J60

J=60
MT=20
Vd=2
Vv=1

p: position coordinates = 
0 0
-7.256168 -0.342217
9.276772 13.851952
-43.383968 -39.216748
18.699815 22.4643
-12.139085 -13.357958
1.116677 14.138177
35.27797 -10.076971
-78.265209 -0.481461
-23.10804 -15.23549
-39.493345 -29.45145
0.296895 10.463322
-59.343329 23.892199
-10.294462 14.164338
-15.361034 -26.406393
15.844686 -26.735111
-64.442844 5.731725
-60.352069 24.425606
-40.660516 13.367147
-20.78899 30.528928
-38.982265 -17.85761
5.236194 -17.862304
-9.548116 -13.514965
-13.447827 -18.973739
-42.733377 -28.486555
-13.141253 -23.6555
-6.255491 -1.101651
-4.577555 -12.261529
12.938888 11.149565
-22.033341 -1.77764
13.198633 27.27444
-13.668082 -20.786961
38.297482 -11.101626
-62.528302 9.666773
-11.532695 -19.387774
-39.462159 -37.630874
-61.012359 18.992137
-59.307681 7.037075
-5.041905 -3.244869
-34.420824 -4.16284
-2.675387 53.067107
18.644648 -3.821108
-21.028493 -6.75417
3.15822 -16.634746
-35.048091 -2.315146
5.606981 -22.15989
-51.771819 19.556564
0.131717 56.591199
6.535257 38.392465
11.324821 -25.314756
-73.411787 -11.186011
-63.9857 -3.251353
-5.457772 -14.282929
-7.297126 -10.709227
-60.188947 5.921675
14.655327 -28.346865
-76.848518 -6.135571
-43.53165 -15.634786
-40.784253 -36.835964
3.09761 -24.884316
-47.181343 22.417199
