//Synthetic=Synthetic_01261_J80

J=80
MT=20
Vd=2
Vv=1

p: position coordinates = 
0 0
-47.439781 40.172352
-38.349667 -15.312831
0.56706 -11.721427
-64.431864 -55.08718
-69.621529 38.135528
-45.957382 14.608259
-51.409349 -61.18865
-110.674848 -4.351445
-52.045809 -50.700906
-20.070021 -10.889103
-14.846103 -20.779977
-80.589417 -1.632768
-88.642143 30.826482
-87.549362 -0.25441
-33.258297 16.154494
-24.250731 4.716279
-49.021357 -30.142374
-74.71144 9.44398
-12.34834 3.81487
-51.860502 -19.560782
-67.169699 39.826425
-3.548092 0.175364
-75.57568 -26.665824
-57.636004 15.500357
-72.013222 21.327363
-21.24121 2.168187
-65.460843 -8.159183
-29.440203 -13.918387
-75.90537 33.794444
-35.663335 23.632079
-22.355703 17.333404
-53.759687 -60.888554
-34.312202 0.202792
0.605893 -15.984408
-95.714796 -1.747701
-52.825555 7.246231
-8.194259 -13.18664
-63.564838 8.075998
-14.956397 -4.782889
-64.997584 -59.009652
-72.575515 -32.169221
-16.364238 -19.698623
-59.200462 49.717684
-12.227136 2.993591
-70.952914 -39.070544
-7.408779 -18.980643
-115.827707 -18.344903
-59.978408 -21.36785
-48.934632 -52.526261
-70.094469 17.535006
-30.052442 -15.124162
-67.571004 5.121522
-58.479815 26.741643
-37.100119 -29.593034
-47.178704 -11.565154
-11.012348 -2.190028
-52.040736 -49.599797
-22.590568 -9.296407
-101.374273 -2.50863
-28.568231 -8.903927
-101.209665 -20.725721
-15.909101 -22.658286
-106.911695 -3.284122
-41.764838 -24.350016
-36.87343 -49.377009
-66.133634 2.197876
-52.906673 10.055412
-50.363588 -55.13378
-60.261958 -31.826398
-93.885756 -30.250019
-64.499687 3.15228
-22.036793 -9.153583
-119.046749 -7.214366
-84.348641 -29.341888
-70.065299 29.707029
-73.691421 -19.059839
-89.885972 -17.447964
-71.141319 -18.232515
-55.87282 1.958014
-55.599442 -21.948595
