//Synthetic=Synthetic_01102_J80

J=80
MT=20
Vd=2
Vv=1

p: position coordinates = 
0 0
43.608296 14.486687
53.270667 -16.496434
76.553506 -15.666272
-4.897241 -16.651014
8.84784 -12.113167
53.807025 -46.844567
26.664569 2.748834
63.757435 -26.116165
-22.665749 -25.667444
60.538833 24.852243
-26.405905 -42.673186
32.804813 -2.612341
59.788224 -46.717779
17.725942 3.371306
74.23667 -11.567965
20.256809 -43.7851
-4.888644 -21.140979
95.067112 -16.914302
-4.521589 -6.475212
43.299227 -12.30196
75.09085 28.46397
28.113119 3.427404
-0.552453 -49.59935
2.619499 14.105483
27.469071 35.066546
56.556938 -27.434172
13.337738 0.688039
13.024561 -40.91247
5.928306 -44.431023
79.265449 -23.94517
41.632196 -14.4703
74.895289 2.988249
28.115073 34.361472
82.622515 14.542568
78.71385 -15.059199
62.321756 -59.993508
23.038878 -42.035299
78.7747 -56.758482
26.897461 17.761193
-18.41435 0.707784
81.580398 -39.272927
55.502655 -67.686999
31.36057 -63.097008
-4.366212 -21.619351
74.381172 -72.26556
22.321165 21.012617
4.781767 -0.549015
2.546357 39.2534
-17.142409 -19.501232
25.695115 5.034563
53.975359 -43.883302
7.422938 33.967214
71.998877 -65.217979
-23.571703 -30.038575
21.48452 -2.305444
9.115749 7.710671
91.286585 -29.043433
4.978561 -35.321108
65.66758 -30.85283
-5.057531 -50.956571
81.965304 -53.705913
36.350561 -17.991865
22.912694 16.924037
-14.409021 -19.239729
46.043952 -55.33864
45.422307 37.717733
-0.535246 -64.283692
-5.500512 15.525413
-6.522724 33.686199
8.517382 -36.495997
69.45248 -17.622305
42.861894 -61.961258
-2.509508 9.717339
-30.875913 -57.872716
79.510308 24.256475
78.512801 -14.910941
22.435813 -60.227643
61.834044 -30.484069
61.946006 -42.454005
59.460856 -60.266494
