//Synthetic=Synthetic_01971_J100

J=100
MT=20
Vd=2
Vv=1

p: position coordinates = 
0 0
84.797534 -37.879435
17.919998 -91.570372
87.308096 -43.335952
13.532569 -88.755969
28.529589 -84.458744
74.228812 -47.489485
72.384155 -54.734366
15.967773 -95.135006
20.959591 -98.072802
77.131564 -55.071096
69.801085 -39.665231
29.798477 -92.824097
70.132409 -42.611545
26.518804 -86.981146
78.036642 -37.008453
18.841716 -100.731629
81.966737 -57.678737
69.114315 -24.528405
13.52876 -80.591991
91.228063 -37.873165
68.219086 -22.671303
77.319226 -46.161363
11.516826 -94.07285
58.612659 -34.885502
28.382236 -89.349214
68.478562 -40.530418
76.573693 -40.270156
82.271557 -42.675603
81.605066 -52.84529
79.817201 -50.548928
74.949642 -32.677352
15.445441 -85.959882
78.361803 -33.065654
75.707718 -50.077888
73.462797 -31.154606
25.634954 -85.778137
75.427258 -31.626607
70.790388 -44.840566
59.319074 -26.608875
89.396168 -40.021096
18.227139 -95.118385
68.846775 -54.491849
17.904756 -87.890786
20.256411 -81.197198
71.249441 -35.979153
17.665375 -101.559634
12.43665 -94.813037
79.572153 -44.317994
6.281327 -73.890712
78.164811 -48.79215
31.276025 -86.546113
20.945629 -81.96435
63.765932 -52.226906
75.033098 -47.36339
91.372686 -35.146604
28.559772 -97.566649
76.608638 -44.33337
72.913907 -29.697872
80.076441 -35.017093
77.518875 -35.038623
74.841138 -44.421414
30.453953 -84.067505
71.822351 -57.853403
33.083899 -99.188268
81.197049 -45.736382
86.684599 -46.547208
70.688081 -48.322583
74.963226 -51.180266
25.71161 -82.501596
30.888493 -93.32071
30.64269 -81.196459
20.762078 -79.18662
20.896849 -85.391934
21.500512 -84.540513
19.100706 -90.384767
81.061423 -53.596972
63.093034 -36.070738
77.606461 -40.691389
83.080808 -30.333574
77.021335 -49.436715
25.450209 -86.213415
67.562038 -43.342775
89.563074 -45.694668
61.165114 -29.675306
16.914247 -94.90534
72.570555 -51.322163
23.09897 -92.201003
72.505346 -36.87324
34.732 -94.865373
78.288367 -49.167251
69.697098 -50.655902
74.74806 -45.302662
74.27936 -36.866862
21.125862 -90.742432
26.375016 -91.334276
69.337187 -33.471059
12.952422 -83.206964
72.162319 -40.837786
67.686603 -56.523635
73.510018 -50.811177
