//Synthetic=Synthetic_00435_J20

J=20
MT=1
Vd=5
Vv=1

p: position coordinates = 
0 0
-30.993427 27.483213
-47.618673 -26.416119
-13.318857 46.507195
-53.037478 -37.028525
1.823437 -44.984577
30.798808 4.892772
-29.065714 6.991865
-38.879612 44.96608
42.010928 -2.279022
-32.377821 32.997841
53.995971 29.30777
-49.803168 -38.223651
-38.810122 -27.509004
-14.443157 -38.791088
-14.346164 -41.679066
40.665839 -52.781414
-16.277938 -20.276784
-46.987964 46.511132
18.708729 -48.816756
-10.298901 -20.891597
