//Synthetic=Synthetic_01861_J40

J=40
MT=1
Vd=5
Vv=1

p: position coordinates = 
0 0
-41.770333 16.080215
-11.077596 39.009407
-44.365603 18.721175
36.372103 2.361138
-19.481819 44.845604
34.606989 -30.182521
44.95377 -18.984236
14.270162 47.944685
-7.249779 22.408823
-16.73123 44.350607
19.254914 -24.63989
11.77773 46.587431
2.28422 -18.364287
-23.172442 2.467378
-42.592639 4.759215
-7.667 -47.271832
10.734988 23.11922
-26.391047 -20.882155
-28.133223 33.515981
11.254913 21.717288
-36.295472 18.507044
-47.618237 -9.543501
8.977497 17.903571
43.722813 7.055948
14.386157 -50.194503
-22.453472 -42.186094
-3.319907 21.222032
-30.154759 -42.095524
-25.370434 23.920029
-42.23564 -10.109576
-1.004717 -42.415616
-6.45519 -21.837334
30.230808 -39.416824
25.455175 6.504748
-18.848644 -15.941055
-11.168772 28.470256
-9.955437 -33.032983
0.999629 25.284778
-19.626341 20.17291
19.160889 16.27109
