//Synthetic=Synthetic_00283_J30

J=30
MT=20
Vd=2
Vv=1

p: position coordinates = 
0 0
-58.091677 -56.657396
-71.953798 -54.048155
-55.894374 -56.879016
6.029961 -88.680312
0.353812 -75.54559
-60.611869 -52.061797
-67.269053 -53.214205
-71.007066 -57.749187
-0.787584 -66.981541
-76.059982 -48.635619
-4.713085 -84.316273
-52.587074 -41.202026
-1.13936 -81.265162
-14.592295 -84.941848
-14.378754 -66.840345
-2.569293 -95.205553
-10.948237 -81.488907
-2.428743 -73.378485
-6.368458 -73.462786
-62.759844 -48.878236
-65.137503 -48.478837
-3.632994 -75.008778
-12.965802 -75.460571
-1.200436 -73.542708
-0.179404 -70.34576
-69.72183 -49.980669
-13.650984 -79.25372
0.693488 -72.742313
-9.810614 -85.242975
-5.800018 -81.909153
