//Synthetic=Synthetic_00966_J30

J=30
MT=20
Vd=2
Vv=1

p: position coordinates = 
0 0
66.630166 -15.867361
72.908175 -6.065905
78.633159 43.603964
58.29488 31.302085
64.409069 47.263433
75.356813 44.845476
64.388123 -16.955484
80.143721 -17.260584
66.858814 -31.350483
65.965119 -17.502676
81.216839 -26.421998
78.631059 -19.870373
73.929861 -18.094275
77.239483 33.118387
70.505475 40.036427
70.292378 39.007362
70.009694 42.867835
79.560804 -23.891404
69.499651 40.906904
65.553917 56.096526
72.218627 -26.894925
76.269714 34.907363
75.466623 -16.636062
68.816872 -22.525455
73.857863 33.509778
50.167338 39.709355
73.076536 43.054628
68.400743 42.299965
66.914985 37.643406
77.023199 -9.521924
