//Synthetic=Synthetic_00143_J30

J=30
MT=20
Vd=2
Vv=1

p: position coordinates = 
0 0
35.396638 7.79364
9.96534 6.367626
-12.146829 -27.669039
17.804821 -29.817025
18.895065 -4.358831
-9.930669 -19.669079
6.140395 -18.420681
8.415631 8.01643
42.431199 -5.055361
21.519879 -37.075472
-14.465403 2.858342
27.205031 -6.662353
-6.161192 10.996096
33.563092 21.71458
-17.513354 -44.835379
-13.350354 -7.163914
-32.355322 -73.404786
-17.633085 -36.006189
-17.357908 -14.738387
45.608315 14.603083
-36.434314 -54.650579
3.084466 7.848994
-11.611446 12.928475
14.790588 -7.612871
-26.150676 -21.906861
25.999918 -4.305165
41.532994 -29.147548
-43.895913 -40.903231
-1.369958 -33.687598
14.925486 -22.266745
