//Synthetic=Synthetic_00348_J20

J=20
MT=20
Vd=2
Vv=1

p: position coordinates = 
0 0
-21.054725 92.083601
-19.423851 68.993121
-65.491303 17.922782
-24.854202 77.662806
-74.190172 48.847883
-10.897129 70.14918
-22.307868 63.159728
-31.980279 76.274803
-22.806317 84.479008
-38.175739 73.208762
-23.366959 80.366234
-43.516203 76.857277
-34.891101 85.873942
-36.798132 83.545905
-80.772443 29.494678
-78.62975 33.838777
-44.039994 75.635428
-86.015107 36.24563
-26.738711 65.327224
-79.474474 40.708365
