//Synthetic=Synthetic_00459_J60

J=60
MT=20
Vd=2
Vv=1

p: position coordinates = 
0 0
-60.947093 -40.49099
-71.935816 19.320883
-73.620052 19.74177
-69.257736 -38.127276
-79.662782 15.544479
-74.5094 8.751403
-52.091738 -43.426261
-65.782247 -42.732555
-63.270803 -62.989799
-43.386649 -58.439918
-69.777027 -43.489219
-78.583096 16.863974
-75.928918 14.270514
-67.459636 -53.07846
-58.449262 -56.465447
-71.210411 7.59383
-69.142786 7.524112
-72.661563 9.915173
-62.620855 -53.974608
-63.817033 -40.777286
-49.044425 -45.407971
-54.68605 -42.807375
-68.160217 -42.745319
-61.351847 -52.800964
-65.581421 16.14112
-79.664628 8.318061
-66.111779 -59.68327
-73.651595 11.399465
-66.666999 -61.300253
-80.064465 1.812086
-87.179618 15.19057
-72.309929 12.492019
-58.538323 -52.611211
-72.038995 -37.869386
-54.742886 -56.386699
-63.344008 -54.858542
-80.072345 18.377154
-68.495797 -48.503112
-84.618902 13.527155
-63.267115 17.378339
-78.004613 16.224432
-55.108279 -37.055645
-84.795676 9.504238
-62.0745 19.024825
-49.533369 -48.978681
-81.777502 -1.596402
-78.883229 22.176591
-61.221368 -53.643939
-86.201262 15.029772
-92.33078 16.526275
-50.921178 -40.082311
-54.24979 -54.872588
-66.324303 -45.891091
-81.510311 12.321946
-88.138675 4.001476
-87.60067 0.475878
-66.05294 -59.455014
-75.794016 -42.352223
-72.280827 10.967379
-52.440367 -48.282287
