//Synthetic=Synthetic_00268_J30

J=30
MT=20
Vd=2
Vv=1

p: position coordinates = 
0 0
-25.878236 21.555107
-38.949965 -12.680272
-53.6781 61.607644
8.578955 27.725077
-70.02911 0.176336
-13.862404 3.204367
-29.914448 18.179136
2.796797 0.716239
-29.288281 -13.780204
26.461741 33.046383
8.096994 15.692786
-22.240922 25.733562
-9.266867 -5.490378
-7.261317 9.44524
11.505364 13.540932
-7.192858 68.079616
12.700777 1.524129
-46.616482 -2.032036
-26.901413 42.162285
29.681162 50.158502
-5.434317 -21.580446
15.623946 36.489177
35.109082 58.506592
-35.196417 37.060998
-23.738818 5.227646
-51.322793 -1.787376
18.117345 39.924761
-18.563976 57.140207
-10.021791 8.738933
1.524035 74.597115
