//Synthetic=Synthetic_01142_J50

J=50
MT=20
Vd=2
Vv=1

p: position coordinates = 
0 0
-53.875684 -46.101915
-70.294755 -45.76888
-59.433088 -58.178025
-93.200023 0.196935
-75.555433 7.038167
-45.863273 -50.908407
-93.45236 10.048021
-60.097841 -59.653702
-98.81731 4.743027
-79.330693 10.332484
-44.241313 -49.467975
-58.290329 -45.218137
-93.509118 3.526396
-89.699433 7.408195
-90.079652 7.720353
-52.504243 -51.005517
-59.245945 -52.613693
-53.376073 -51.143827
-90.06803 -5.166084
-79.454746 1.221213
-82.862921 1.917855
-81.858496 -1.799606
-67.912417 -43.911053
-72.370267 14.553686
-52.741414 -50.221346
-65.026734 -40.476469
-63.022058 -45.049662
-53.036563 -51.876959
-89.045644 0.586719
-51.488238 -50.001498
-92.991253 8.142899
-63.113758 -53.785208
-61.756769 -53.898945
-64.530958 -48.367448
-76.495327 12.747511
-83.860232 0.993882
-65.988228 -36.591345
-62.165891 -52.298978
-78.926946 -4.269761
-86.646123 -3.835157
-67.679294 1.678071
-52.952146 -48.518291
-66.06536 -59.390062
-72.342884 2.595413
-65.112841 -45.406409
-78.285265 8.617347
-78.103522 1.545314
-84.456688 2.353526
-43.068537 -47.964918
-63.366118 -55.508433
