//Synthetic=Synthetic_02009_J60

J=60
MT=20
Vd=2
Vv=1

p: position coordinates = 
0 0
-75.108304 20.743127
7.438798 56.22956
-74.097572 19.52875
-71.534578 32.051431
12.047233 -6.865978
-4.396986 21.546787
5.655882 58.187988
-0.894042 49.668992
24.177797 53.74658
-19.653476 -42.828234
-29.494105 -9.228798
-10.326553 -20.69936
-30.305994 35.648212
-5.143833 22.571941
-49.235368 20.96521
-1.013 57.44343
0.073793 63.475272
-9.713638 42.022862
-64.547767 -1.023344
-1.090966 50.419861
-36.737118 30.525324
16.85957 55.782098
-32.768015 2.205054
-7.804812 24.588399
-58.20582 22.38611
-76.254206 36.78554
-67.025176 27.005455
-79.2048 21.687011
-37.378265 28.768988
-81.012901 -0.347069
-6.667095 24.965186
-27.916325 8.81009
-19.731345 66.718995
-12.491784 -10.764527
-65.583305 -1.326494
-65.338784 42.229067
-12.114324 -1.678475
-27.704419 29.456651
-31.731446 26.922445
-79.771117 20.799078
-10.77855 -40.306131
-29.260185 5.074811
22.923329 54.751859
-7.656563 42.873682
-40.132156 54.963027
-28.705099 7.291199
14.416277 29.7114
-18.873378 63.322086
-64.654462 27.467727
-52.124936 0.919554
-77.227726 2.187651
-60.435242 -0.646064
9.696266 -2.755097
-0.842153 22.733373
-46.276155 -1.459002
-70.453154 37.065873
-20.43125 82.9308
-42.216426 56.148218
10.31303 62.710443
-77.377895 19.230152
