//Synthetic=Synthetic_01604_J50

J=50
MT=20
Vd=2
Vv=1

p: position coordinates = 
0 0
63.286126 7.23391
66.226481 13.192092
12.007148 21.544061
-46.970794 57.516096
-27.902966 33.621976
13.150885 16.122981
11.186214 -5.979273
-44.514964 23.193378
-45.450576 63.115627
-37.235993 22.1164
-30.036944 64.959128
-42.225756 50.386021
57.97007 13.260148
71.381686 2.192832
-30.907673 48.414302
-34.851255 24.256777
-43.031622 50.957901
73.893005 7.640544
14.862975 10.742482
-37.547423 58.24935
5.964838 7.598521
-18.836057 22.934106
69.131809 5.729577
-32.401937 53.642353
60.128667 12.069315
63.973394 2.121238
-38.630613 58.932482
-40.278021 57.41469
-35.875903 59.274675
-38.499752 45.215864
-34.709365 45.718314
74.682936 9.197186
-31.531296 28.141476
-30.802984 55.12431
-33.332464 30.990553
-41.832162 15.748122
61.731736 10.80763
-38.864486 21.403793
-37.539534 23.51868
9.988654 17.546575
77.823655 -1.01164
10.930262 25.974882
10.734757 18.92889
28.195549 10.494638
-38.770851 48.06064
-23.919687 56.106534
80.655973 10.093821
-42.581248 54.991983
-37.754391 23.300211
-40.636668 51.200459
