//Synthetic=Synthetic_00142_J30

J=30
MT=20
Vd=2
Vv=1

p: position coordinates = 
0 0
11.010283 -12.204378
4.458238 -52.281837
-16.075884 -41.748234
0.174592 6.540681
-14.321185 -27.45778
1.15877 -34.677678
-4.131007 -59.037298
-13.593064 31.995445
-24.729916 31.347796
14.374262 -5.737114
-4.371336 -20.455612
-22.971093 -7.001301
-7.895997 -27.792582
-23.06817 9.643222
-0.86942 11.209961
-33.49766 -13.948403
-48.267303 0.627811
15.086125 1.960262
8.549482 13.807638
-45.296175 -15.923414
-26.328754 27.979037
-16.457172 -72.769414
-19.935759 12.172245
1.84635 12.553361
-1.163558 -38.8189
-22.486867 7.962184
-20.23746 -0.822254
-16.194174 -13.705934
8.135943 -21.605373
-39.052298 13.699692
