//Synthetic=Synthetic_01449_J100

J=100
MT=20
Vd=2
Vv=1

p: position coordinates = 
0 0
6.871833 71.405823
-72.411257 -19.739434
-63.961857 62.828619
-21.600187 -17.408239
-61.763337 76.395878
-43.122651 67.475287
-89.246254 -27.472477
-8.366123 -4.636538
4.816503 -7.733945
-7.113333 56.439084
-96.835245 32.387442
-27.586819 79.474161
-59.245334 75.692917
-67.676855 11.609205
-89.935233 -7.468423
-46.235705 49.201867
-28.435684 66.312631
-28.802113 -3.343055
-57.822016 78.800037
-30.898495 35.968929
-33.433286 30.994358
-53.664963 -28.9763
-89.387759 50.004079
0.460851 50.226286
-7.287753 30.28293
-54.213041 57.520076
-87.162768 80.158782
-15.802758 20.191659
-21.529912 53.620469
-40.682844 82.001936
-71.26478 -22.671311
-83.496187 69.610986
23.548934 45.810021
-104.591718 72.425761
-11.772456 -1.642975
1.380217 -24.696068
-16.730293 67.258372
-21.208756 56.156021
-24.401626 17.349279
-99.009903 16.949829
-23.594374 -4.260375
-32.403847 35.74094
-80.027755 7.431193
9.961592 24.002594
-45.657553 -17.744169
9.24318 10.162955
-19.314227 -12.714587
12.937264 91.153559
-95.591296 25.597577
-75.066212 5.555208
-68.483951 48.756985
-2.523113 81.245767
13.906148 30.491982
-0.791034 19.172347
-39.241482 41.411634
18.635752 10.088106
-50.888294 55.558651
-34.209251 8.344162
-46.268156 50.572479
-35.875882 -22.560593
-20.143608 73.695069
-68.978239 -7.786032
-32.369753 19.107817
-101.881885 48.51112
-83.174884 51.252427
-78.272403 2.035351
-84.418074 78.833937
-16.206356 32.36631
-27.234364 8.932015
16.823951 -5.226165
2.940874 60.927631
11.680076 4.287639
-23.206733 -9.665186
-40.461975 11.505382
-3.593152 -8.473829
-59.962373 23.875811
-52.972875 -25.060309
-62.422856 23.710915
8.998424 52.132816
-14.461716 17.491104
-45.375565 79.648652
-58.994274 1.402535
-9.408671 31.272281
14.230363 17.852957
-83.341489 47.094896
19.354324 -1.807115
8.12119 11.957826
-86.314927 -35.392299
-5.864461 48.818546
-27.99205 46.076219
-45.717052 -8.669866
-20.632222 48.120315
-65.671065 20.031142
-69.561485 3.710308
-28.178443 -12.222531
-12.193421 36.005961
-24.591652 -28.10419
-74.893096 12.018851
-5.191072 76.708373
-36.309336 62.154187
