//Synthetic=Synthetic_01595_J20

J=20
MT=20
Vd=2
Vv=1

p: position coordinates = 
0 0
-26.930427 -94.221861
-45.510521 -64.087033
-21.604335 -87.393188
39.498733 -76.774634
-32.79964 -88.951223
-39.865948 -98.28549
-37.113522 -93.019572
33.988126 -81.668798
-24.020488 -73.329266
35.524675 -84.643782
-40.439726 -92.471382
46.185133 -86.046551
41.502659 -78.825937
-32.040158 -83.004876
-39.536754 -90.666318
39.041768 -89.094339
-25.717555 -88.113658
58.0378 -84.362471
52.312863 -79.990339
48.806943 -80.395126
