//Synthetic=Synthetic_01505_J20

J=20
MT=20
Vd=2
Vv=1

p: position coordinates = 
0 0
-84.705428 -20.612144
-87.499182 -4.233392
-87.598246 -9.147589
-99.484332 -9.806641
-84.470013 -0.510909
-55.755884 71.04489
-58.677224 48.799349
-67.869952 44.543807
-90.889146 -11.61892
-95.31076 -21.219438
-81.921154 -10.205249
-81.386091 -2.649158
-69.982912 57.563825
-73.079693 56.398275
-63.016725 48.146044
-73.491179 58.63818
-92.564744 -16.397441
-57.575886 59.47544
-89.029885 -16.546751
-89.200843 -13.445443
