//Synthetic=Synthetic_00058_J80

J=80
MT=20
Vd=2
Vv=1

p: position coordinates = 
0 0
37.304937 2.651043
-11.606115 -46.180176
-10.575532 94.189825
-37.160604 42.264521
53.884154 -6.384836
-14.744104 -80.531373
69.197737 -63.060012
-77.179533 43.598175
-82.504555 23.485607
46.610807 43.582563
-40.911299 -85.176724
67.635986 20.698632
-38.459627 29.12777
47.380117 -4.201903
-4.39149 37.697683
-58.24294 -63.110941
-41.612839 20.149545
43.716231 78.868635
22.96391 52.855908
-29.776914 37.249993
15.539945 58.802233
33.391874 71.229736
30.548242 -45.372634
93.37544 -30.89949
99.136507 14.539374
-9.044792 57.639541
-30.927361 -20.628057
18.224595 -91.63883
-55.626291 52.930777
21.448164 -38.708219
-49.233321 -65.872348
-28.391536 89.450523
45.845877 -63.471473
-9.943295 41.346652
-89.565711 6.225169
-73.587751 18.675233
-83.249995 -25.541107
64.225203 -22.418117
-51.066232 -41.018046
-44.357557 18.432204
22.974691 64.69927
-60.153097 -37.75061
31.646748 36.672894
52.350107 54.607304
-35.987687 61.439448
14.002914 -92.676431
-15.999625 -92.820382
-43.806216 86.771223
39.700844 25.183042
-48.937514 -41.989707
-88.47005 -20.87957
82.793324 55.168767
-27.115763 35.422348
79.768149 -45.218878
-58.903703 -16.657385
-37.465655 -81.166921
67.473597 -47.250323
20.859445 -35.693858
-6.823336 89.033221
-47.88674 7.914794
-94.190165 18.384478
-23.967064 81.775903
28.62685 93.767792
99.972942 2.218783
-72.863684 67.200119
-2.935322 58.636987
19.745739 45.09972
51.610023 -63.667109
-32.407437 26.115157
55.427213 -2.850907
29.980388 34.069879
30.893206 32.164115
-57.27092 10.952209
-74.199985 -9.153486
41.360817 -67.397899
-58.143545 58.597835
24.837545 25.690458
48.129074 27.639524
-76.334123 -34.970524
90.453606 42.183616
