//Synthetic=Synthetic_01919_J30

J=30
MT=20
Vd=2
Vv=1

p: position coordinates = 
0 0
-26.578437 11.344065
-9.947262 23.00787
-15.404828 -3.457721
-0.33934 36.198598
36.332028 7.608569
-9.749333 30.152601
-31.622803 0.56034
-10.313768 27.812721
-1.671048 33.976772
8.195231 26.355112
10.420544 23.632652
29.7245 13.233008
-9.298764 23.213726
-37.821014 -1.060489
-32.894759 12.178652
-0.773031 23.084713
12.530347 24.643045
-29.722315 10.34061
-10.051579 24.421565
37.559177 8.391808
-5.994389 23.465649
37.825663 5.279074
-31.336955 -1.321472
-12.973282 21.9053
-28.139178 21.379957
1.564875 26.757467
-27.070582 4.968471
35.661347 8.266651
38.48545 4.505699
-35.251844 9.474336
