//Synthetic=Synthetic_00102_J60

J=60
MT=20
Vd=2
Vv=1

p: position coordinates = 
0 0
76.277402 -9.30124
78.968068 -8.538766
79.181906 -7.869717
74.082765 -29.189296
79.593217 -11.815603
68.050024 -6.143832
41.944302 -75.792739
80.211536 -8.040728
80.978116 -12.376361
79.579385 -4.590082
36.689753 -76.372725
78.361116 -19.372355
67.066971 -4.555515
82.280318 -14.858173
64.130805 -6.684582
70.788995 -16.709868
72.543192 -28.322518
43.937479 -67.391867
89.544458 -19.683254
43.109282 -91.961851
49.96612 -75.751806
45.208457 -67.143238
45.760298 -83.336319
40.878584 -77.842974
72.598683 -9.824251
79.49835 -8.649899
36.29229 -70.626419
86.358719 -17.015267
86.670237 -20.923239
86.139444 -20.839059
31.029421 -80.262495
70.732076 -5.436167
81.228653 -28.232949
37.823889 -79.84226
84.327133 -12.925024
79.646938 -17.867173
79.987187 -14.94192
91.005521 -16.774571
87.817519 -15.101537
47.009909 -78.747854
77.147118 -20.664202
66.03342 -0.754477
80.726742 -13.688141
77.518035 -18.981332
73.265489 -10.370416
85.623613 -8.239094
42.660927 -83.844989
79.894373 -21.039066
77.453678 -22.105409
47.290655 -82.933727
45.992457 -65.537948
80.680515 -30.193809
44.819303 -72.786491
36.91791 -68.467847
38.909982 -79.149569
75.989123 -4.775274
65.698114 0.550675
75.27074 -16.525302
41.572067 -73.243317
47.100663 -84.345967
