//Synthetic=Synthetic_00410_J100

J=100
MT=20
Vd=2
Vv=1

p: position coordinates = 
0 0
-22.075286 -84.06399
44.476501 -61.901952
-19.930437 -82.686452
61.419553 -80.363552
50.803007 -64.667588
-25.360518 -91.8296
-8.31954 -89.165234
62.889792 -71.057172
54.368758 -74.007807
-10.061655 -98.815972
-20.625294 -83.398914
-0.669341 -95.083173
49.33701 -83.666034
-5.108991 -74.764225
-20.443608 -105.861665
-21.067641 -100.427966
-7.955168 -89.69818
-11.479858 -98.352013
59.054262 -76.436242
-13.249969 -81.394214
1.876014 -86.835546
-13.943681 -101.241658
47.658607 -63.895753
56.642503 -73.007111
52.029535 -63.912492
44.497909 -79.779818
-6.953231 -90.933451
-1.700062 -98.180178
-13.211179 -98.996129
44.774871 -64.9188
-16.999125 -97.665308
-4.758373 -90.035219
54.056232 -62.888855
-23.297904 -92.609516
53.668202 -82.121377
47.724816 -71.493344
-12.487096 -93.434894
53.637808 -72.962408
56.264971 -81.585946
42.911588 -59.414051
57.240844 -82.342688
-4.134715 -87.503136
49.557398 -68.240495
-12.525079 -86.29389
-10.433064 -86.307403
56.706747 -78.895202
50.896114 -61.758127
-19.006744 -99.570812
-21.866114 -86.159465
59.174571 -69.665311
45.653922 -56.893897
-8.851841 -99.937279
-13.783895 -82.344963
61.820925 -72.048027
51.448327 -66.590903
44.102513 -71.717077
41.646491 -77.47981
51.710984 -78.471005
51.555196 -79.806919
45.941547 -72.376546
-4.062881 -94.098086
-13.401166 -83.822745
53.518401 -70.988382
-5.802028 -99.826719
-7.355064 -93.460735
56.886772 -87.278989
-6.671219 -77.855173
-3.218856 -83.352595
-9.80106 -98.287955
-11.165854 -96.072051
45.437394 -68.108537
4.024117 -93.025683
57.169263 -66.959144
47.116052 -64.999188
-9.683514 -100.546081
-3.156412 -90.766156
-11.621299 -86.696117
49.050999 -72.353147
55.739908 -74.212132
-2.320153 -91.476037
57.21122 -77.352108
-16.674939 -78.385549
48.561441 -63.99408
-15.349876 -98.505685
-16.798199 -85.25771
-6.273675 -95.414015
-18.434755 -89.696019
47.449495 -68.88406
-6.66266 -68.906778
-6.641977 -93.065363
-19.648369 -94.626831
-13.549805 -91.526956
48.878903 -79.034968
59.764314 -79.929298
54.725816 -53.68245
47.094756 -66.975082
-15.791064 -95.968434
51.706329 -48.848376
-5.763112 -90.932115
63.333699 -73.657154
