//Synthetic=Synthetic_01637_J60

J=60
MT=20
Vd=2
Vv=1

p: position coordinates = 
0 0
-50.529684 31.297595
-74.112047 40.815891
-84.143394 -22.786024
-70.278959 22.596752
-114.517757 -5.51674
-0.052761 -8.53209
-59.827479 -41.048743
-77.443993 -42.600733
-77.328625 25.289379
-57.465301 -31.859889
-48.684638 18.400441
-86.551551 22.543066
-22.829318 12.967205
-36.392411 -32.676949
-86.038947 48.734631
-68.999665 47.944163
-1.982876 3.41504
-69.172949 38.799548
-71.228859 -39.037044
-56.532503 50.058074
-71.447444 -13.04645
-50.366026 34.118877
-95.18739 20.472689
-18.188109 24.821625
-48.075677 56.673515
-49.331077 60.068627
-69.175772 38.063412
-23.314934 25.130268
-49.486444 28.3491
-35.810546 -8.178531
-55.63721 -42.211472
-23.638754 -26.264575
-34.112353 -41.120489
-79.842855 -12.372213
-92.537485 -11.22227
-84.998343 42.707367
-44.194253 14.698721
-44.754331 -8.441934
-35.138442 26.781987
-65.868371 -41.08356
-75.671411 17.096488
-48.427178 60.908226
-85.269847 -43.791307
-133.377033 1.830478
-92.216198 -26.996777
-32.346803 -16.749695
-73.867374 -18.80104
-87.594786 21.492118
-58.924425 -43.765976
-24.669029 -3.069919
-80.247567 -26.98505
-34.693291 -20.63019
-46.968325 -41.909863
-22.744821 -10.834544
-51.595667 56.246243
-80.412811 39.367146
-54.392882 35.661877
-82.78282 -25.83424
-15.763536 2.245508
-66.812474 39.633878
