//Synthetic=Synthetic_01216_J80

J=80
MT=20
Vd=2
Vv=1

p: position coordinates = 
0 0
-94.099603 -36.330338
-83.990768 32.649308
-39.009569 -18.184758
-49.347724 44.968092
53.158727 2.961501
54.232439 -24.122355
18.383904 -44.111175
-4.527283 -93.781939
-11.705551 97.082522
-5.274449 -98.781551
36.797276 25.143518
67.16723 -22.728333
71.438986 51.411511
60.393571 74.011485
22.272907 75.122476
-91.911912 5.597824
-29.394976 -81.198395
33.801938 -17.015028
19.057008 -91.167808
81.046275 -42.995607
76.760401 6.571942
-11.647806 42.208428
12.762576 91.308526
17.860789 -85.576802
93.547772 24.581
74.603233 50.298006
57.914866 67.08368
40.9866 63.710061
8.453709 -73.588629
86.391884 -4.709368
-40.436513 -5.920262
-61.428457 -79.467995
-35.593295 81.172017
-36.184977 39.947709
54.765839 53.530759
60.736305 45.11432
11.36704 98.316624
31.019787 -78.005441
76.185254 27.71827
16.708756 -97.624856
23.021637 76.889524
4.720932 -81.084999
-38.127125 22.618237
10.101172 -88.935597
-65.029546 77.206861
-91.541897 25.449273
-13.479939 -48.758403
66.326827 -2.546165
51.069539 48.819604
28.943473 -62.23697
-34.446598 -24.096025
33.678757 38.481658
22.012018 64.40012
38.983771 2.696109
52.691494 -68.112655
10.442981 92.062184
-3.977258 49.244168
-24.062566 -61.069725
-37.9638 -52.640861
-62.266038 62.009577
-7.048961 81.520647
-71.761231 16.265821
-12.040737 -39.011464
-37.067698 -45.705925
33.146631 -36.946984
16.63997 -33.886975
87.580001 -12.057085
25.253904 85.583188
23.049984 80.209112
30.133836 46.86328
-37.859266 38.660555
72.551678 12.601361
6.155575 98.735467
-74.806193 45.708856
26.638249 -74.769644
27.010039 84.9328
-35.417769 -42.360312
-51.508369 73.420308
-75.255049 -68.296498
-46.630678 -1.148397
