//Synthetic=Synthetic_00710_J80

J=80
MT=20
Vd=2
Vv=1

p: position coordinates = 
0 0
32.63295 -95.076092
-29.447113 -45.381871
77.631465 36.533388
83.853921 42.617166
5.720491 -48.553108
36.297263 30.660509
28.881312 -85.88605
-6.096607 50.570825
16.709165 -110.985371
-104.076003 -32.676339
33.33196 -11.208786
-20.566257 43.216601
95.116278 6.151167
108.440102 -1.809615
-55.765687 99.652657
-38.979372 -50.368973
-20.445367 63.665103
45.361373 7.293995
-2.429283 -49.258913
82.967243 27.163133
50.882757 -67.581206
52.062691 -1.102619
83.539015 -22.53848
-82.645884 -46.513794
-37.582219 -42.238775
-37.021506 94.194701
-2.951323 -87.406303
84.456125 3.10076
-42.797623 79.763054
-32.261767 65.316674
66.802662 -87.809042
-79.467911 79.067911
13.584632 94.38017
-6.416306 70.752562
59.555315 85.807378
21.467793 -49.956738
23.510495 -34.857533
-58.641531 49.028342
78.246703 60.298619
-12.615882 -46.92017
28.887528 -89.299809
-77.268419 -19.303425
70.304182 -70.934534
-71.965772 49.766944
-70.775005 -46.591037
24.765842 47.485982
69.064347 38.253712
35.755998 -90.276768
-36.146662 51.268848
-59.848325 -21.726834
22.322839 91.694614
93.411228 -38.606324
27.212569 49.340283
30.077918 41.407947
14.419281 -82.61784
-1.607473 68.138573
4.434515 -60.934031
96.196303 3.483418
-8.467828 62.954709
84.843144 -30.196803
45.719589 -8.370728
-46.285207 62.243475
81.840691 -76.239324
102.938536 36.578763
45.076719 -26.437997
-6.374374 -52.569773
12.237767 -115.447134
-48.414836 82.029688
-74.087349 -84.10862
-98.543979 32.865539
-27.261544 80.206033
-29.409284 87.891184
-47.907419 88.926341
-26.159109 47.168374
-22.557176 -31.445367
-42.563962 -3.281864
-7.944763 115.877029
-87.137015 -69.175471
34.878608 51.477462
-54.433059 15.068926
