//Synthetic=Synthetic_00513_J80

J=80
MT=20
Vd=2
Vv=1

p: position coordinates = 
0 0
-58.065327 50.615339
-90.569046 7.933559
-65.993025 57.446586
-87.730044 10.271102
-87.903266 -0.321554
-54.507928 61.914491
-49.364457 67.831722
-99.532277 -4.662808
-48.25225 62.787339
-55.646407 62.643073
-56.485338 58.342431
-52.783918 55.41397
-80.523517 0.142883
-89.460724 2.128039
-86.43733 3.196399
-55.368722 60.38181
-73.242483 62.366141
-88.370664 6.062917
-89.885636 2.210861
-94.911875 -4.870101
-53.775915 57.801089
-55.380726 61.855584
-41.608339 53.201339
-91.362712 5.480138
-50.137663 60.393213
-59.907769 48.268922
-40.710119 51.658504
-65.487383 62.823055
-84.431038 1.756459
-59.91318 53.556258
-80.752868 -4.046629
-98.848946 5.382853
-63.917425 61.031578
-87.979847 6.5358
-90.654491 5.082233
-53.672399 51.980124
-55.336969 49.856757
-83.743682 -16.682279
-73.667849 -10.630273
-94.579227 -8.417025
-81.956373 -3.807408
-97.047533 0.950228
-60.28561 64.700878
-68.459504 -6.471516
-89.127203 -9.031939
-43.790039 65.039078
-62.177053 62.479513
-81.909709 9.579834
-77.223649 -9.030615
-66.949066 68.178924
-62.226256 57.823043
-80.676986 -4.383276
-88.323575 4.213902
-63.964906 55.664325
-41.624447 62.345972
-63.632445 72.012109
-55.939443 53.505712
-47.249996 58.032758
-63.834006 50.843128
-56.171532 78.275942
-62.340804 67.28246
-58.093039 55.656049
-81.90667 8.711407
-41.897943 49.382187
-100.203694 -9.433482
-67.682068 0.837548
-82.820405 14.480627
-64.362254 69.617397
-58.841751 54.947678
-52.294933 51.272747
-90.018274 8.403081
-88.618577 -0.560047
-48.829461 59.171933
-65.817312 56.822114
-87.084475 3.07601
-89.624515 6.880425
-59.777594 68.00884
-56.909374 73.722503
-98.712013 2.959421
-38.469168 64.733713
