//Synthetic=Synthetic_00789_J80

J=80
MT=20
Vd=2
Vv=1

p: position coordinates = 
0 0
38.0568 -57.275611
21.147153 -52.301241
33.125649 -54.98093
24.053377 -16.253088
-27.571104 -50.959069
26.560077 -37.839781
-1.829305 4.776221
-6.812894 -41.953942
-29.523048 -80.856748
4.926858 -55.641999
10.982953 -9.04942
48.893769 -41.301501
-25.979497 -61.984988
-37.497659 -35.713774
17.451613 -57.652901
19.492377 -49.554595
16.890167 -89.557137
-15.952781 -65.566727
31.208318 -23.893615
-22.829008 -12.177598
43.213991 -35.181811
-50.714428 -67.149301
-16.368658 -63.750622
-2.511907 -0.876698
-9.128408 -59.480497
-18.832325 -89.659162
-3.812975 -58.694807
14.829591 -22.079612
-21.926388 -34.731752
35.930978 -26.292206
20.546777 -59.333585
-6.14455 -18.808754
-11.139645 -27.173899
10.794929 -0.639618
-22.139789 -36.624773
16.203564 -46.54587
39.663005 -44.712447
-15.413044 -90.6685
43.396872 -42.333234
-0.553243 4.811027
-8.943998 -17.248271
-2.961626 -58.427299
-27.474708 -49.752841
-13.177739 -22.08069
-24.153109 -25.087879
-25.369054 -58.163754
13.314605 -104.806318
9.205365 -108.123297
37.492269 -76.352757
0.165687 -77.247076
16.525559 -59.654952
-35.946711 -26.105846
21.7272 -13.009529
-17.909464 -60.696027
4.877642 -63.198253
-8.28417 -48.601965
40.29082 -31.644092
-45.06916 -57.423975
-45.010515 -61.138536
9.451694 -12.265073
-11.359427 -50.358166
10.831002 -39.182744
7.973337 -43.39111
12.676071 -98.160221
29.064451 -15.362935
-39.710227 -46.054904
-28.996327 -12.489899
-59.842543 -62.919275
-9.55378 -49.370589
33.340153 -64.09087
-4.785617 -57.24908
41.185815 -39.537152
-48.542484 -52.39764
-33.274666 -28.526106
-16.949325 -35.034726
-20.37208 -11.84928
3.21291 -44.552333
17.152307 -84.090575
-21.920853 -75.213212
32.620325 -49.625849
