//Synthetic=Synthetic_02051_J100

J=100
MT=20
Vd=2
Vv=1

p: position coordinates = 
0 0
-5.099285 -12.248923
26.504509 -84.62162
-3.156571 -23.398376
-2.769203 -43.296956
47.281104 30.763842
10.316716 -68.029867
20.398481 -54.184953
42.434298 31.52718
3.522223 -65.56984
45.302952 42.491014
-3.77211 -36.159793
16.292386 -69.008489
42.546672 27.788731
9.352863 -79.344645
-1.90471 -44.947804
-3.821438 -33.542838
52.244387 30.562809
12.273573 -64.146773
17.538757 -81.017305
61.026388 43.052556
48.057445 31.172282
10.5054 -24.913749
42.258334 35.755034
45.960629 33.18482
43.379021 35.440327
39.795062 42.075777
5.500244 -85.866725
43.431837 27.99869
13.279128 -78.100697
47.54324 32.034818
39.658683 27.418474
7.942055 -36.185301
-9.068555 -43.986294
46.651204 36.408626
36.913891 27.628787
11.234811 -68.16931
-6.1132 -37.336454
53.98855 40.52725
3.292909 -26.347027
4.271771 -25.571005
42.546297 41.681373
2.015695 -43.064996
36.418996 17.650671
44.863868 37.428096
0.74859 -22.788233
6.666108 -34.301137
36.794689 27.718548
-6.015154 -35.291524
12.406383 -25.108298
10.411665 -40.764513
46.011885 32.098704
7.233932 -53.076891
11.036356 -38.227701
23.200628 -79.840854
20.761354 -64.932762
49.995947 36.756315
4.457907 -30.928591
9.584644 -78.172112
38.702436 37.132267
3.795678 -30.806656
28.641439 -76.934291
18.600222 -73.006566
3.761022 -24.046838
18.232789 -33.911734
46.915336 16.352321
17.875489 -25.731636
0.653634 -44.789639
50.610553 39.962715
3.132068 -31.632234
15.399239 -74.594355
38.111048 17.797015
21.287786 -71.454203
50.589106 26.668815
1.222357 -71.316592
24.225581 -67.725594
-6.648375 -39.521783
3.753477 -20.390914
18.426872 -72.238213
6.931058 -74.321998
51.338371 48.464295
0.385105 -57.638974
35.288362 31.453799
-4.709332 -37.617784
8.26974 -38.281565
7.513921 -75.964751
20.687299 -78.880951
17.893507 -59.770022
16.962647 -60.027362
11.351596 -65.171791
6.66599 -80.165238
7.719466 -25.162424
10.903651 -83.459206
7.785273 -86.462088
42.429435 41.574664
54.068403 32.642646
13.112202 -68.454399
11.131667 -68.490061
-4.26347 -29.25477
40.964501 27.913394
29.866434 -74.709174
