//Synthetic=Synthetic_01660_J40

J=40
MT=1
Vd=5
Vv=1

p: position coordinates = 
0 0
-8.791913 61.945474
3.151628 -31.571394
-15.858725 -25.422943
-46.514013 19.209602
42.206089 -7.548053
49.340752 29.279257
-28.685491 -5.031177
44.011625 -44.995268
4.490126 -53.51703
-40.781885 -53.95168
21.145859 40.916356
-35.932065 -3.63713
-49.652456 25.073716
55.42667 -9.069211
36.310709 -49.779132
-32.257012 14.9413
42.846367 -40.22133
-50.390069 10.62378
6.054471 -29.86885
-57.855335 30.87752
62.144591 18.846376
52.438891 -36.872126
20.559898 -43.975716
31.393902 44.194787
47.296161 -10.653822
39.77156 -21.995565
43.321253 -48.443106
10.457584 -22.975053
-38.421081 -23.343323
-6.237031 66.318042
40.853004 -19.936293
33.063534 49.779903
-39.4512 53.081488
18.00261 29.740856
6.916194 -23.259485
25.356959 16.34979
19.644851 60.463874
-51.001284 3.866599
17.070447 41.586087
2.681144 66.809113
