//Synthetic=Synthetic_01427_J50

J=50
MT=1
Vd=5
Vv=1

p: position coordinates = 
0 0
-17.274239 31.397569
-54.375632 10.278086
-8.091199 -57.4129
-10.839854 -21.953829
-10.493593 -35.587079
-30.159819 -51.369217
17.358914 -52.374455
17.204287 -50.340902
-26.662642 11.413808
-56.088286 4.459347
6.82388 -42.623212
14.142927 19.916449
-19.78665 -52.027491
-29.892749 -34.735913
33.754785 -9.395443
22.48913 -32.222785
-6.976042 -34.828454
13.156362 -25.48515
6.849737 56.443548
-31.619852 43.212203
-28.884164 -32.461021
36.818453 -19.546764
-33.275241 -40.30363
-26.613936 -16.13552
-21.089325 55.385715
-12.462897 -36.77209
36.644408 5.426941
-17.811434 -15.889618
13.086693 40.994884
-25.124204 20.173736
38.31879 7.684412
26.332534 -28.94195
-10.559122 -37.845639
-54.481108 9.057897
49.985513 27.17508
-50.476252 12.924151
41.715402 -40.818218
18.366308 50.506326
-4.496145 -25.431273
-40.467685 22.321328
-14.538981 -47.039345
-1.034247 -31.073253
16.378245 54.642551
33.076728 -22.498075
2.156052 43.954422
-10.355811 -19.601426
-47.890396 6.793432
-18.078007 23.218667
18.672586 50.598389
4.474581 -49.945791
