//Synthetic=Synthetic_00916_J80

J=80
MT=20
Vd=2
Vv=1

p: position coordinates = 
0 0
-28.428597 9.207043
10.16124 -54.441457
11.005236 -60.41325
-29.874993 8.165144
-47.637983 2.600145
19.670748 -51.376964
-36.061441 -6.817702
8.984781 -64.489904
-45.20228 13.540913
16.524287 -52.374946
14.275262 -62.737992
-41.756734 6.07409
-27.879832 -3.924544
11.220311 -58.263447
14.147537 -63.725397
3.498447 -58.723993
3.109614 -55.010115
-5.088414 -69.28168
-27.704775 1.612172
-39.087149 -3.078231
-0.025602 -45.003816
9.214894 -57.139756
-31.695736 10.347243
8.878835 -65.133318
16.531576 -62.459462
24.622387 -64.459543
-43.707377 -7.884638
6.216892 -56.785171
3.689156 -52.839201
-40.754608 0.993508
12.09 -44.902214
14.022962 -60.481543
0.828837 -55.431333
-28.790006 1.650611
0.076799 -56.044901
1.18335 -59.964691
-31.888151 3.146771
22.109498 -50.558165
-36.210058 -1.925263
8.402861 -60.211881
20.507253 -60.105428
-33.452434 0.140036
-26.268874 0.25599
15.444407 -50.205362
18.39792 -54.634848
-34.249677 -0.33088
2.497229 -59.607251
-5.700625 -50.485771
8.898974 -44.212859
-37.872538 7.687965
-21.817072 3.422226
-28.732085 5.156481
-28.123489 7.277735
-44.319684 -2.487867
13.257481 -53.347287
22.078653 -66.315473
-36.548722 -4.788746
-35.197096 -3.267918
-36.809237 -6.560827
7.838453 -57.149528
-28.289719 3.021317
13.527776 -50.697099
18.199117 -56.294647
-49.666706 -11.501684
14.568569 -53.293523
16.107437 -66.201938
-30.858117 9.582092
-22.688469 -2.960322
20.205114 -64.547899
-23.687188 2.255678
21.628137 -63.385059
7.046893 -49.250154
-27.156517 2.083224
4.968212 -57.205192
-31.932869 8.846034
-34.529353 -0.826728
-32.316638 -6.346091
15.713229 -51.796131
-29.175556 4.287559
9.069541 -63.580744
