//Synthetic=Synthetic_01794_J100

J=100
MT=20
Vd=2
Vv=1

p: position coordinates = 
0 0
-14.70334 19.143012
-36.949667 9.505038
29.256588 30.254483
-40.036525 52.348878
-56.090389 42.31778
14.503124 12.154483
-32.053387 3.836332
-44.059982 16.792435
-3.969749 -16.076092
40.317827 25.531651
-32.822569 15.418492
6.489833 36.900408
27.246339 59.687338
-33.34075 -3.60697
24.759645 44.285052
0.433768 -13.899591
29.009528 50.669248
4.863482 76.004241
19.679492 7.578913
-0.519993 49.355875
-7.577493 53.094941
-30.770131 21.497272
21.75182 43.125251
37.584099 3.392052
11.394211 8.936369
34.137759 28.22077
-38.982495 56.996954
-29.818301 25.365603
-43.464561 55.181752
45.61314 18.567184
28.98522 24.203045
-45.943364 27.620777
-12.911339 8.323921
22.592711 44.6662
-14.301834 0.110903
-32.063594 -1.265923
-8.690025 14.274481
4.064121 6.178716
-36.713436 45.144859
-40.392648 40.862511
-6.674913 31.51126
2.626308 19.567372
-19.777514 -12.803709
48.023056 17.092712
46.089909 19.787608
-12.480722 64.59126
-5.147343 -6.670478
-4.673039 61.748838
-11.410936 20.067975
24.944419 53.020678
15.414897 60.038299
-15.539145 12.73969
39.97556 30.764458
1.225796 -15.229381
11.443684 15.192739
-26.271396 19.289697
-8.701268 -2.294789
12.460676 59.731863
-33.538294 19.423516
40.061487 18.195538
-48.552442 31.342945
-19.889134 42.662904
1.991075 44.792386
21.923963 16.631337
51.091373 6.130726
-31.221142 -10.16058
19.038248 56.019647
8.141758 0.30889
23.507301 59.102922
23.109932 41.244006
-11.714353 56.909641
24.196174 31.903026
39.465769 33.439874
1.928091 -11.707132
-2.283056 14.652042
-8.071761 27.760966
21.75612 59.095223
39.280736 4.891089
42.294665 25.270825
-53.18048 40.765638
-2.32104 -3.012773
-30.275278 30.338367
-37.39276 33.789943
-20.830334 8.140447
-35.255769 5.117221
16.977333 63.105982
-7.517756 69.18845
14.893811 -1.684203
47.394558 12.208689
20.604566 5.020223
-44.24432 28.048148
-11.092058 61.906805
-8.007747 -9.666699
-8.662349 7.562058
-7.068921 -7.845612
34.06069 18.679586
-42.346004 37.512463
-7.552898 19.938385
-7.051036 4.66114
-1.377956 39.183616
