//Synthetic=Synthetic_00279_J40

J=40
MT=1
Vd=5
Vv=1

p: position coordinates = 
0 0
8.399101 -23.564126
20.536133 -14.309153
13.906769 -34.883581
13.212702 -29.298654
21.863051 -0.437157
21.291452 -21.868207
4.524416 -30.299085
23.126096 -30.800884
12.242628 -30.095217
18.6949 -8.006074
22.79424 -10.226542
2.504009 -41.057849
10.634311 -29.47988
10.020717 -29.316709
8.887983 -17.723255
20.918276 -13.008012
10.21697 -23.657609
11.369965 -24.993426
10.100169 -36.146815
20.312793 -20.386966
11.053765 -40.571922
10.030726 -32.110319
25.660803 -9.304932
19.480677 -13.238652
6.50299 -30.972413
24.815156 -3.619709
9.417545 -32.029694
23.734615 -6.292011
-3.003828 -25.927441
1.278206 -41.388798
29.37144 0.93929
20.31858 -12.517513
25.586582 -20.024138
4.909047 -30.372138
4.699272 -30.0352
30.910873 1.426018
25.075003 -15.616129
3.970068 -40.555067
-1.04734 -47.470192
4.628228 -28.302689
