//Synthetic=Synthetic_00383_J50

J=50
MT=20
Vd=2
Vv=1

p: position coordinates = 
0 0
65.144123 -44.972069
-13.358135 -88.339256
-67.096418 0.585511
65.958784 39.398008
55.304415 50.33888
-33.144092 65.218718
-44.268793 -0.290136
-45.778908 68.939485
21.528907 -78.907725
75.093821 33.805719
-25.577964 69.275467
-18.358476 37.190892
-56.053644 6.469442
-46.907546 55.289553
0.612052 78.085419
-28.87391 -32.684967
-56.020254 57.010496
-12.721194 -63.616603
57.847112 -25.350981
-48.025313 -6.504276
-60.854491 -52.571066
24.099147 79.505659
49.293884 -61.144376
23.042188 32.875422
-53.203559 -7.390893
-44.911304 15.148017
-25.823792 -45.28124
-41.84261 80.905925
75.677517 -27.49798
5.714863 54.535938
-68.186441 52.820894
56.955026 60.726965
-0.705525 -83.126324
-75.94396 -23.210204
20.702402 -54.893793
13.616852 45.012626
-36.992479 11.471345
63.885905 15.132927
39.10379 0.199992
62.677945 24.582389
71.718305 -13.587018
37.271321 -19.145798
20.983571 74.819424
-67.381048 -10.114569
-36.88266 16.751425
-68.154812 52.873759
80.818788 -17.928709
33.66794 21.176279
-25.691291 71.855531
-31.774958 35.026626
