//Synthetic=Synthetic_01519_J50

J=50
MT=20
Vd=2
Vv=1

p: position coordinates = 
0 0
-57.586955 -45.95472
-17.887994 -86.057767
-7.147041 -76.775225
-5.923789 -77.154406
-0.062423 -94.19402
-56.236849 -55.83859
-2.960866 -85.383161
-68.402614 -58.016355
-12.344927 -93.543842
-58.269948 -49.893133
-8.239776 -77.840154
-0.923041 -79.396809
-0.436585 -76.934382
2.189236 -78.472132
-69.343971 -52.922311
-6.29289 -77.891149
-14.938997 -76.577875
-15.173833 -75.995645
-50.075451 -39.251805
-51.727797 -47.225755
-66.664309 -44.846588
-13.03478 -78.529364
-71.863305 -54.441717
-2.234738 -80.972872
-14.91771 -81.164896
-21.972651 -80.021982
-76.255208 -47.28009
-20.718634 -72.407438
1.946145 -73.710162
-78.985751 -49.25507
-67.05708 -56.669765
-4.108704 -82.922991
-71.361088 -44.549301
-7.79801 -77.616024
4.671947 -67.011571
-4.94972 -86.121
-64.188518 -55.042285
-76.110086 -48.137747
-22.560776 -79.114846
-14.891156 -79.282546
-76.415971 -44.6799
-67.330671 -50.554049
-7.162606 -84.348777
-62.133666 -59.013664
-6.862486 -77.617664
-13.568755 -85.567867
-60.497471 -50.340122
-9.098135 -84.730956
-12.488063 -75.329958
-63.240903 -41.474715
