//Synthetic=Synthetic_01398_J80

J=80
MT=20
Vd=2
Vv=1

p: position coordinates = 
0 0
-61.427566 -45.596381
-68.804563 -41.762924
-47.503913 -42.103463
-27.317875 -29.189647
14.685793 -30.184111
-23.952069 -24.318107
24.93864 -20.942461
-64.784027 -35.958127
-44.174971 -48.045846
-38.988205 -52.610907
-59.74959 -35.004878
-62.894804 -31.787874
-49.764909 -38.125012
-47.149604 -49.379563
-35.337738 -29.744003
26.515266 -33.309922
-43.754164 -39.003602
-22.3906 -23.668626
-49.930115 -32.249122
-45.928176 -29.181376
4.992568 37.670433
-45.437073 -40.754295
-59.438299 -35.83888
-27.329189 -25.561145
-13.988882 -25.435901
19.120464 -36.777865
-33.788033 -38.492338
-44.552908 -24.621613
-55.631794 -38.730947
-47.089849 -32.447209
-46.968747 -42.099548
-30.44525 -42.765851
15.890942 -28.157525
-58.834805 -39.249446
-58.362786 -40.762675
-2.057687 31.919561
-15.106975 26.463895
13.318803 -36.36787
-28.757534 -27.824063
21.041875 -25.11814
-45.566479 -44.7014
-9.451352 30.934171
-54.541392 -34.149767
-36.320521 -38.559572
-51.527517 -52.708237
-18.131864 -34.50938
13.113561 -15.912393
-59.313951 -42.916838
-57.433611 -41.391738
-13.640277 29.937041
-43.667122 -46.907384
-58.853422 -24.641477
-20.721738 40.24536
10.788266 -25.223992
-62.84823 -34.022082
11.818251 18.476144
-23.486125 -50.493727
-10.602445 34.697514
-37.225422 -36.637997
-51.166595 -55.799155
-7.821393 32.903868
11.05774 -27.880496
-70.895513 -37.508209
-49.276088 -47.223882
21.685084 -22.243957
-7.861899 25.018222
0.273724 32.10473
-65.371231 -44.709872
-29.828106 -33.186635
-45.760445 -52.961323
-16.880832 17.551045
-53.261114 -44.502674
-54.290055 -34.372424
-46.814155 -40.802824
-17.501375 22.906722
-37.436346 -27.848294
-52.0502 -23.470465
1.926945 25.22507
-51.971069 -41.345661
11.48043 -14.510062
