//Synthetic=Synthetic_01805_J30

J=30
MT=20
Vd=2
Vv=1

p: position coordinates = 
0 0
69.478305 -49.07065
22.121398 -90.13403
20.300882 -92.743647
80.444794 -42.62238
21.8694 -102.721786
73.006309 -33.642494
90.021524 -35.471363
30.077493 -99.248539
30.24594 -83.779008
29.471608 -87.335726
23.151002 -99.714142
71.30241 -49.117851
19.887155 -91.688178
36.013661 -102.402178
36.007655 -82.439045
90.907564 -42.858964
25.66575 -99.049939
26.217889 -110.407334
75.006296 -36.392404
84.707539 -46.926835
75.475135 -46.862387
24.514665 -92.216367
37.25801 -92.526246
63.543565 -18.282101
31.170422 -95.802199
69.905449 -40.575168
27.502877 -81.35473
74.671974 -48.719801
72.966793 -38.891306
25.451158 -96.191086
