//Synthetic=Synthetic_00619_J60

J=60
MT=20
Vd=2
Vv=1

p: position coordinates = 
0 0
-32.923667 -24.345381
-25.716376 -43.200536
-3.657307 8.976792
-62.127252 -21.491389
1.098229 -4.139793
-33.073172 -34.336124
-36.485335 -59.644262
1.341582 -3.061301
17.462007 -28.169925
-32.70096 35.540522
-29.725771 29.802332
-25.598721 -44.36478
-10.699441 -63.04346
-24.703211 -46.0262
9.875562 -1.474653
7.338185 -11.572788
-11.428312 -25.207732
-60.091784 4.885731
-32.955538 -37.667356
14.963191 2.477541
-14.459458 -68.903947
-1.318776 14.34672
-11.564827 -70.33928
-12.540916 -35.981768
8.965319 -49.026576
-24.674617 -26.958258
-16.762527 -35.032688
-9.567832 33.956125
-36.144741 -26.29086
23.159159 14.766406
-47.416242 -18.410642
-5.039815 -3.947404
-6.277399 34.306849
-15.945409 -19.324163
-3.181688 -71.450355
-42.940188 -5.547869
-4.309105 -65.048881
-19.30774 -63.241929
-7.3166 18.10954
0.504557 -5.931161
19.103162 3.655677
14.221588 -45.040468
-6.907396 -27.681463
13.062132 -34.658224
4.766586 -5.622421
-33.302481 -31.864138
15.169805 -3.082257
-14.471175 -71.503924
-55.283844 -25.17889
-6.534101 0.619599
11.432512 -26.749629
16.031462 -1.420565
-46.212674 -22.943827
15.530666 8.493499
20.560163 -14.129688
-51.981036 10.302978
-6.175505 -31.209965
-9.448207 1.703655
5.489695 -47.196826
-3.739804 -3.895249
