//Synthetic=Synthetic_00247_J60

J=60
MT=20
Vd=2
Vv=1

p: position coordinates = 
0 0
56.178762 20.287272
48.42642 -63.007481
82.47659 12.822224
73.325979 -13.305171
87.412296 -1.660111
43.334735 4.228076
84.791189 -0.667314
58.648325 23.7106
45.737419 -58.491332
76.23921 -12.272842
40.011426 21.211384
48.452145 -11.739304
42.635657 -3.542747
40.570927 -51.873693
36.455329 -53.136752
66.391335 -40.348293
74.000953 -13.588697
7.645299 -30.697218
85.884201 -15.699976
76.420183 24.801594
83.956437 -4.783588
29.862059 -50.88193
50.435262 -9.190459
87.537824 -8.895503
40.447892 17.243073
77.317612 -43.012933
73.052703 -72.075603
35.546168 12.661899
42.370825 -32.27592
52.473492 -53.842744
75.872125 -7.999905
70.202488 -66.678511
35.594242 13.550286
31.825372 -69.251315
78.113139 16.068868
87.922051 15.952012
76.85562 24.237026
35.138921 -50.421234
25.150177 -53.049196
84.514643 9.643409
64.17557 17.494033
48.184177 -66.688061
48.548127 -13.226847
70.067368 -11.104715
49.503746 2.248232
90.762905 -11.588326
78.419505 -43.778115
53.356474 -63.18224
67.8488 -46.434532
26.657765 -73.128868
10.363083 -15.674187
72.275964 -5.754336
88.59322 29.674962
51.256894 -70.840649
28.367799 -77.753529
110.682236 -18.534014
41.628391 13.880984
75.197404 -66.458903
86.637404 -50.733342
31.572101 -67.346804
