//Synthetic=Synthetic_01456_J50

J=50
MT=20
Vd=2
Vv=1

p: position coordinates = 
0 0
-10.602351 44.94719
-43.976775 -53.301861
20.849683 78.006267
11.529241 -37.910211
76.189112 13.457255
66.921278 17.942907
-9.780423 51.031051
-46.816617 -48.611462
1.630532 -37.282442
19.801744 80.384943
-9.386951 51.777102
-43.83656 -54.651497
76.311051 18.869515
-2.146475 52.590413
-42.662395 -49.252671
-23.017175 50.815602
-49.345285 -46.983323
76.835864 3.758774
-37.965077 -58.470495
2.939778 75.677288
18.472301 -42.342746
66.918709 13.475034
76.806424 18.379852
-42.670186 -51.494582
71.064107 -6.40818
75.83537 20.120519
11.642137 -32.454923
-49.280374 -58.072432
6.214078 53.999647
10.646777 83.878833
-9.444156 41.228595
16.451925 67.372833
27.820691 75.132507
-2.697227 53.619508
-47.551328 -60.964659
-13.88247 56.87921
4.43039 -40.228577
19.575702 72.285535
-47.785007 -41.791486
-11.637308 50.488847
75.457877 7.412865
-22.443152 51.352471
5.899495 -30.933909
21.848897 -31.599502
16.356821 66.679437
18.046585 -35.762901
13.273458 48.760183
16.03538 -32.90149
69.30794 -0.154505
-9.498637 64.418815
