//Synthetic=Synthetic_01883_J80

J=80
MT=20
Vd=2
Vv=1

p: position coordinates = 
0 0
39.555232 57.969722
-1.019255 49.92495
40.150591 63.392266
-13.434967 39.528292
12.679384 45.075664
-10.931036 1.38298
45.91422 60.470268
7.384978 73.284193
-20.459229 53.569486
-17.727837 105.560676
-8.39953 108.944584
-5.258844 116.118148
-48.636581 37.586565
-41.310126 53.200885
10.680442 67.10898
-18.695318 39.543645
-1.378588 68.220869
-64.527025 53.41002
28.287664 76.975777
-25.233747 59.538943
-4.1184 101.89268
-20.565977 51.486613
-10.601683 68.776707
-4.128736 39.606954
14.700102 57.132979
-27.89194 64.386788
-17.484333 -2.259179
-5.633018 58.18734
48.517112 58.073548
-17.088871 14.091103
-21.502594 78.697752
0.82934 77.101777
-10.511594 27.107188
-9.78156 19.022775
26.157259 66.725121
-28.364041 55.562318
-6.420872 32.384634
-32.115797 40.575065
4.428364 20.952151
6.762565 101.983897
43.673496 49.419617
-11.106498 67.005816
-28.4772 76.276727
0.606856 49.846501
21.353321 37.505635
8.170979 3.568072
-24.754364 58.25016
-51.948865 49.525121
8.249738 58.798526
-36.483546 62.581823
14.21517 64.390073
7.913775 31.910165
-5.805662 57.839838
-5.23138 27.068405
21.106544 56.030783
-13.619661 33.463549
-19.566044 88.462871
-48.500471 48.102198
19.834496 25.461898
-28.133296 90.000582
3.677394 94.82429
17.928318 59.172554
-43.973422 64.752057
-54.390119 55.038543
-31.476875 54.859894
-22.199985 82.827049
-18.359042 10.934212
11.870626 53.725063
-8.912016 11.604914
-4.913326 8.710665
16.19832 39.32109
-31.109472 71.985779
-16.213171 5.685996
1.825989 16.841824
27.524353 55.477053
15.834112 64.069396
-64.803906 51.871276
-20.890834 26.256681
-4.291461 15.242939
-15.031531 101.710178
