//Synthetic=Synthetic_00304_J60

J=60
MT=20
Vd=2
Vv=1

p: position coordinates = 
0 0
-25.400207 -100.523787
-38.437296 -99.509975
-27.550901 -93.538195
-91.702234 -38.744527
-25.980367 -95.047858
-102.655674 -42.430089
-23.890994 -93.580956
-81.819854 -41.619123
-20.618196 -87.256077
-87.468412 -53.471343
-29.827489 -93.104147
-88.437494 -66.611416
-85.368254 -43.809865
-43.479113 -87.120423
-86.253356 -44.941239
-19.423106 -91.221944
-83.604172 -22.821345
-19.786965 -88.913503
-89.302162 -44.28764
-40.239014 -92.552405
-35.354319 -91.254094
-87.266494 -47.354189
-100.874135 -36.072564
-97.554406 -46.595697
-91.226015 -50.794583
-24.321075 -100.303603
-77.76927 -27.541764
-82.42254 -46.121297
-23.324441 -94.392561
-99.90267 -51.105357
-22.59577 -89.192535
-95.391823 -38.670335
-81.720177 -33.113871
-85.338933 -38.203514
-22.097182 -76.676142
-82.942751 -50.75199
-37.712977 -92.064519
-23.095075 -99.213454
-92.169127 -46.117404
-17.40256 -101.822077
-95.184652 -65.34291
-94.882171 -32.909876
-93.765734 -33.257337
-97.012831 -35.122483
-22.462704 -86.078648
-26.761293 -92.405018
-43.101696 -93.797298
-41.340425 -84.351128
-94.65444 -38.577278
-23.548287 -98.858687
-90.276532 -52.667533
-100.331239 -42.435214
-85.129133 -48.886859
-21.341868 -87.153536
-28.312413 -98.629719
-39.343584 -95.432875
-101.441188 -37.96099
-100.607215 -43.033402
-29.218564 -96.213776
-90.560871 -44.176741
