//Synthetic=Synthetic_00586_J40

J=40
MT=1
Vd=5
Vv=1

p: position coordinates = 
0 0
-14.408521 35.730272
5.710173 10.991805
-21.477395 44.193294
-1.913089 -45.92007
17.156453 -47.397302
-31.184121 -19.531776
17.02576 12.811099
-16.560204 -15.850396
-33.90464 -38.88418
20.18041 -41.371763
15.316323 -38.134969
41.237842 21.778554
-17.814097 26.065242
9.421447 -48.184232
-9.347347 36.444583
20.562517 18.05469
3.125451 26.222967
-18.370497 -16.005126
6.302977 28.329432
-35.177762 -20.997144
-36.778656 -37.285922
-27.091236 -8.999436
11.007444 -35.877136
-6.281225 45.828713
34.541382 -46.383579
-32.343289 1.930533
28.587652 -22.84868
-24.868628 -38.845864
28.680464 13.056319
-29.704408 -29.193263
-7.880608 46.002979
-41.869203 -15.144964
-8.180285 27.361734
-25.23553 8.340396
-19.525646 10.922025
-13.031758 32.508938
-9.672742 3.907934
-33.267728 5.983267
36.222405 -43.792359
-25.592821 7.537416
