//Synthetic=Synthetic_00408_J40

J=40
MT=1
Vd=5
Vv=1

p: position coordinates = 
0 0
43.219109 18.176719
6.016108 32.50335
23.093916 15.254237
-30.399324 -38.337726
-16.961091 -15.153555
40.76076 -14.77152
5.970524 -39.863019
21.226366 -58.018618
0.795505 25.381678
24.286577 24.318572
-30.811345 36.627685
28.56496 -39.212431
1.243431 34.018905
-13.562578 36.503685
28.546501 -29.927397
34.10493 37.48767
52.560964 27.249033
-20.377727 -19.437085
-26.584285 9.405181
30.805247 28.088023
-27.508638 26.454063
-34.075231 29.554293
34.961763 -38.02193
-27.556281 30.651769
32.568107 40.316972
-40.51264 25.592867
22.220186 17.696421
-1.072055 12.941341
20.748147 -58.932922
-24.034397 35.348288
-23.868588 -28.393962
39.050605 22.373955
17.274859 36.494273
9.188505 41.631339
-13.60227 -2.11548
-20.016735 23.424502
47.905432 32.018574
28.266699 -29.87153
-25.949846 4.630917
37.880697 -27.943598
