//Synthetic=Synthetic_01436_J40

J=40
MT=1
Vd=5
Vv=1

p: position coordinates = 
0 0
44.429571 -37.040425
-38.961757 -24.169555
-23.530901 19.71062
39.327841 -49.36302
43.099788 -40.664877
-25.360497 24.619633
36.729273 -46.838479
39.806646 -35.662936
-39.979157 -20.801875
-21.44519 16.01243
-31.152466 -29.890647
-31.235876 -9.184313
-26.667007 22.342248
-25.769386 -5.701602
-32.24977 -9.829469
-33.446623 -6.356589
34.143163 -47.217549
-24.432487 15.225343
44.15554 -41.848329
45.099965 -34.281248
-38.239785 -20.386196
-26.423122 -8.243695
-29.856914 10.980228
36.532526 -38.448673
-44.116281 -23.581574
-51.746099 -25.128977
-24.80286 12.109998
-23.685487 5.711715
42.889058 -29.874697
-20.412899 21.073138
-27.071373 -12.844266
-31.224069 -9.403518
-42.713774 -19.088656
-31.779622 -6.042933
-39.921226 -26.097386
-22.752635 24.177384
28.414496 -39.593026
-35.10027 -1.391437
31.897483 -47.636793
-22.45063 -6.053545
