//Synthetic=Synthetic_01663_J60

J=60
MT=1
Vd=5
Vv=1

p: position coordinates = 
0 0
0.229285 1.681525
-51.547676 -31.08395
12.494278 49.520078
37.043858 37.720127
15.338861 56.625353
11.836183 49.120381
6.061628 27.410556
-12.782361 -50.79483
22.305057 -31.768826
-34.146522 -31.506931
36.21994 18.706343
-11.718598 -48.245805
41.914795 15.315125
4.258042 -4.066581
9.430671 12.889238
-25.16535 -24.194361
-34.220495 -40.481584
-15.964064 23.227517
-48.491113 43.055262
42.387131 55.54364
-30.307219 -39.117561
6.565034 -1.164409
0.237464 5.923235
41.213721 55.878177
-14.750785 21.830002
44.594432 51.192722
43.48161 -29.29076
-8.720947 23.376481
13.159023 5.016065
-28.96989 -45.500027
41.204059 -33.524169
4.713112 28.775149
-20.444419 -55.424017
-46.494924 30.407445
26.789306 -29.392891
8.47503 15.574529
41.341056 19.332735
3.746308 -1.070592
-29.196587 -50.277859
-41.462941 -46.717888
-35.318255 -29.092567
-45.977496 -19.549229
-38.994286 -23.461072
8.312658 -42.108083
-25.778233 -26.207227
-14.772024 25.470485
44.489333 -20.841751
-46.879928 31.158748
-33.624952 -29.611062
54.965519 -24.954144
-45.867865 37.955771
21.685975 -26.882096
-18.040634 28.525477
7.900603 15.8265
-31.15548 -28.815073
-32.440084 -32.636739
39.452872 19.687311
9.265149 14.410908
-50.610707 -28.197803
-32.963635 -29.543241
