//Synthetic=Synthetic_00423_J100

J=100
MT=20
Vd=2
Vv=1

p: position coordinates = 
0 0
9.555597 68.58932
-0.680718 71.792691
2.4975 62.251512
68.574385 45.593345
6.964572 64.46653
75.617742 29.07
2.344296 82.844318
72.649595 37.104541
8.88789 72.995522
9.669422 71.691561
5.312723 68.000101
68.374709 45.342054
62.62878 37.811094
18.616117 74.632051
6.67778 73.452743
62.332823 47.755452
57.374555 42.263079
-0.950761 66.327996
56.905307 39.836957
5.346136 77.240054
19.939772 72.424254
66.378787 41.782876
67.899548 45.360784
7.902998 82.579396
66.601299 40.771429
58.733948 45.117968
62.817198 50.351544
52.616005 45.708077
8.479293 74.356884
6.759367 81.717605
80.382751 40.271036
4.312338 64.372118
80.035981 45.014142
13.840889 78.941954
18.546417 77.218674
4.570312 71.742408
65.299381 47.429568
12.229347 77.142068
67.985196 42.728693
13.368841 70.777741
65.008377 35.06023
56.313452 49.249805
73.843584 50.424423
63.919809 49.443869
6.175349 78.576539
0.878522 60.330707
67.367846 38.802375
8.858879 69.040918
0.470651 81.664081
-2.472579 60.333989
68.266369 44.248222
66.454878 31.123659
15.347589 75.347851
72.870991 52.515607
66.137363 49.755235
18.086492 78.4764
10.803024 76.4212
9.546307 80.73909
12.915833 70.199971
2.055294 73.381
61.666269 30.568441
8.306974 69.989164
-0.008654 65.147965
62.275049 46.202363
65.855224 52.524405
5.567519 69.417008
66.120162 52.085243
60.606482 39.090894
63.603726 51.014765
57.411706 42.713893
7.702824 82.084158
16.170411 73.626481
10.427375 79.340088
58.581192 32.896332
17.981062 68.949752
77.616061 41.568357
75.569289 45.334534
55.312509 44.906641
67.91697 52.757509
2.666608 75.513494
69.978922 51.402468
63.817952 51.549617
5.155794 74.288246
-5.260172 70.57256
66.045528 44.247061
7.634237 75.977452
57.311912 54.197799
64.006932 37.623463
54.144218 50.81049
55.324335 44.933822
69.461967 41.29253
14.786895 74.517953
11.952747 84.851329
6.736539 71.000019
-2.036523 84.07028
1.544713 80.288628
20.050606 86.300142
67.005955 48.724838
63.790988 47.280904
-0.56015 80.077933
