//Synthetic=Synthetic_01807_J100

J=100
MT=20
Vd=2
Vv=1

p: position coordinates = 
0 0
31.375479 48.250203
36.391275 34.718627
68.662877 29.621378
-10.75039 61.210024
35.68738 42.820661
16.401754 47.201127
53.3509 32.521171
-41.360142 -1.01311
-15.391858 47.318211
59.840572 19.415587
41.041879 31.96178
61.886717 30.256765
-27.725219 -1.01265
-8.764497 51.948124
51.459179 21.436852
56.930381 20.034351
-41.251835 2.813893
11.325849 56.414889
10.534859 41.535387
-10.902645 50.06707
-10.21129 45.824167
-45.652669 11.367994
-49.178187 11.049841
-4.987143 43.000314
65.911183 35.340539
48.851364 35.085389
11.451011 53.571069
-12.480586 37.107
51.753769 28.656283
-22.423958 40.720521
16.915652 44.571103
-14.667836 44.424714
75.200248 26.589857
-3.105483 32.29774
38.922794 49.931263
-23.471199 29.679637
62.788897 29.464309
28.529903 47.62947
-16.522249 55.034663
37.162863 46.641282
42.978212 37.594435
-22.474988 13.795425
-32.827182 12.948174
58.533861 33.829935
51.660927 37.199559
57.775341 47.371044
-37.155767 9.387887
56.722166 17.180624
-10.060084 33.237579
49.233212 30.986408
83.608713 42.992705
-43.774644 10.167076
37.33635 39.02326
-20.738946 41.16523
63.191297 44.802912
59.650105 32.503812
-23.222286 37.121959
-46.927688 13.843285
41.473192 18.629459
16.223622 31.016335
-10.403728 27.611108
-9.096737 22.441694
30.632683 41.62278
64.566972 29.323632
62.915057 23.658215
-30.069191 -8.905672
-26.596199 1.257279
2.221493 38.245846
35.770491 39.078638
-6.022901 23.327316
56.010303 35.656043
66.666418 37.764615
56.48273 45.519211
-25.763473 -3.748429
-23.574296 39.825439
-33.615793 0.55506
-14.427121 46.282995
29.83887 41.454983
-15.797318 28.93352
-32.349076 6.183965
-1.236091 41.141703
48.156623 26.066734
44.965336 42.054327
25.010538 39.618337
34.540417 46.687809
-20.219332 13.381143
-34.680429 9.893965
-38.240941 -0.887305
-20.26404 51.940449
53.34006 35.302269
64.505268 26.294113
-27.231708 40.83918
-13.711272 52.604582
-42.756087 11.71568
60.312778 25.110487
-27.148117 10.022914
7.280115 50.559388
-10.442501 58.895576
23.726873 54.802961
22.013795 42.407509
