//Synthetic=Synthetic_00656_J50

J=50
MT=20
Vd=2
Vv=1

p: position coordinates = 
0 0
71.54499 -56.348444
-53.216425 -62.136093
-36.995126 36.405544
-67.948169 -64.171903
-39.942431 40.940488
55.046587 74.210075
-20.605425 67.836475
-17.031615 -88.222038
-48.90975 -62.152625
12.664781 59.807196
-48.223982 -49.915528
-50.871742 -32.0972
-81.195189 31.435081
34.330381 -10.037339
79.533486 -8.631075
-66.255294 -36.126521
46.219608 -23.7859
-48.017258 -2.809015
-43.100131 -81.225101
-90.612778 -14.83964
-41.489765 31.851332
55.289663 60.131293
16.914522 39.485534
-35.19935 73.841884
7.888159 -88.405954
-50.623909 24.96109
-21.367099 88.636847
83.396507 38.413116
-16.505419 41.182254
29.954427 35.10398
41.293065 -17.786279
-72.570898 -49.308421
-37.673591 -1.37232
76.40578 51.346467
66.743365 -50.483272
82.391071 -17.206579
-53.527555 -8.790483
-72.819409 -50.38576
-33.123163 38.472529
44.11576 58.093578
-62.212706 -5.746025
70.322733 44.225044
-74.209342 -57.604085
-85.556419 17.691807
-50.393202 43.789027
84.729504 -25.879483
76.749018 54.531897
-17.809045 75.810623
-31.164569 -55.884527
-74.266967 -57.537313
