//Synthetic=Synthetic_01062_J50

J=50
MT=1
Vd=5
Vv=1

p: position coordinates = 
0 0
30.029511 47.942376
-17.351782 -20.412345
42.828161 15.790211
-31.583876 -37.454247
-23.936713 -43.817682
20.06378 -5.94446
47.740429 -19.704593
37.778484 38.285515
19.34029 -25.539696
23.348595 -11.514785
-8.792578 44.477025
-51.899688 29.089601
-17.14979 19.610292
-18.084569 29.515643
14.170165 -23.399495
0.79131 35.261388
-57.516263 3.567638
25.30592 -50.675643
4.840265 -13.120053
-38.615265 -29.362716
-0.709184 32.570126
12.169757 46.264512
-48.933575 27.118174
-4.123082 -26.299389
-30.633844 42.086598
10.400735 31.038159
20.065268 24.933247
33.184124 47.907513
30.72651 7.91313
5.318707 33.965969
-48.633658 -15.538
2.391269 -43.053288
27.080046 -29.180162
-17.865802 -43.737577
24.924563 40.728797
-29.739521 26.703129
43.239973 3.361275
20.46991 -0.60394
11.397109 16.38656
51.543989 -14.820659
-5.014303 33.205289
-7.018605 39.378039
14.701779 -46.877664
-55.153245 36.73063
10.302419 24.742958
-15.870595 -18.819271
28.435416 37.290301
28.215401 23.540706
38.865327 -28.590615
-41.265451 -57.804557
