//Synthetic=Synthetic_01453_J60

J=60
MT=20
Vd=2
Vv=1

p: position coordinates = 
0 0
-52.694081 74.303381
-48.654603 63.51447
14.845074 82.609508
-62.478702 61.768785
14.427594 81.730564
-58.878801 76.495941
-55.904083 70.906287
-68.645044 65.532933
-61.424225 76.373575
13.989898 77.423394
23.535639 96.698991
-53.689211 72.322909
-65.095674 68.232273
11.353761 82.765893
4.464301 86.315456
-52.287396 71.176813
-62.373762 73.289304
9.440903 84.256295
0.297069 83.91447
-45.770484 77.204281
-64.596164 74.147109
-52.5166 79.868988
27.72424 85.65499
-45.6182 80.55196
7.80329 83.626922
-64.147242 66.930798
-59.12455 71.398632
15.649022 81.404221
14.843756 84.832016
-58.513616 82.521147
25.216674 96.657161
7.033568 90.520035
-52.064278 61.991975
9.435028 84.388693
8.954195 84.330459
21.090643 75.088886
-57.375025 78.392774
-56.577556 80.313701
-50.603681 71.204704
-53.351333 58.666228
-75.379489 78.517908
7.499505 89.655179
26.911708 74.941198
-53.766637 74.311425
-42.613354 76.83404
16.321707 89.177484
15.934426 75.05017
19.589988 89.511647
14.065876 93.669458
-65.492382 85.11729
-46.437182 74.299784
16.879573 93.501965
-55.331216 81.47685
-59.136124 71.422409
-65.764976 76.528025
15.478504 78.44884
-56.248054 66.18035
15.492985 87.737009
16.759988 75.939368
-63.686294 75.29753
