//Synthetic=Synthetic_00796_J30

J=30
MT=20
Vd=2
Vv=1

p: position coordinates = 
0 0
-92.763058 30.89742
-38.124921 58.847572
-37.580721 78.52666
-86.905788 24.100482
-92.798951 33.326357
-82.07039 37.382508
-27.502972 76.260259
-21.414021 74.2615
-77.065941 40.649878
-26.256728 74.805289
-23.743901 72.639071
-94.100428 33.423152
-40.443628 77.665989
-40.244826 67.538769
-89.987241 25.300311
-28.199624 74.439199
-36.797484 71.320144
-32.35986 73.873287
-15.651759 80.924098
-32.891463 62.167625
-87.5788 18.078443
-39.048934 78.897612
-44.751961 77.883704
-39.99703 75.376447
-24.298111 73.499237
-93.86693 24.227101
-32.058505 75.193469
-19.080217 70.216153
-29.822993 76.022521
-23.363537 74.450766
