//Synthetic=Synthetic_01935_J80

J=80
MT=20
Vd=2
Vv=1

p: position coordinates = 
0 0
-7.699754 86.445902
12.585888 13.439179
-24.007157 23.942336
-27.185586 52.556655
27.708247 35.921472
17.439879 53.326149
22.602606 51.370983
30.925312 77.644159
-23.026048 43.391399
8.097661 57.989965
-7.57331 40.069508
16.746963 9.292007
45.878222 71.286434
20.35868 49.433675
-8.229627 54.926214
1.084817 95.278775
55.201613 59.896095
8.786052 87.92628
4.811576 3.182231
31.389642 51.29293
-38.060271 42.535116
-4.55012 75.042555
-31.114148 24.747086
16.507932 9.910347
9.04388 61.908632
24.360496 61.653381
21.940647 2.570955
7.068886 102.590884
-2.817254 54.761995
23.391558 80.789673
5.642801 0.59157
27.778534 41.332438
39.624137 70.82908
-32.656092 71.778631
-17.492582 99.424169
-13.281364 59.164158
-14.636923 9.108878
35.768022 46.047104
44.309808 67.085179
-14.430385 19.787541
-4.449431 60.858732
17.033161 1.746389
0.123949 9.795476
10.359297 31.897874
-12.481313 6.043418
19.544991 3.228988
16.583225 12.438818
-10.011767 9.304113
-13.526748 30.079295
-53.590844 34.927721
-23.164793 14.900004
-14.237203 103.428931
-28.423647 61.949917
21.338041 66.5832
6.089129 96.470005
2.867248 43.056324
25.576824 18.232575
-24.375537 66.548374
47.795763 52.267894
-15.348374 61.219937
-33.236507 27.141284
15.179171 39.375946
24.070516 53.577254
25.68374 40.927456
42.142616 50.018779
22.353477 20.312076
33.546216 71.899546
-17.291521 21.079947
-23.071461 44.326128
-7.889328 84.881126
6.667585 97.715886
3.383664 7.529894
-16.367621 85.097326
34.699721 28.084973
-15.235082 44.349627
-44.677199 61.021718
12.073515 21.801959
-22.857711 23.36958
-17.419599 60.213654
-23.387803 50.791569
