//Synthetic=Synthetic_01927_J100

J=100
MT=20
Vd=2
Vv=1

p: position coordinates = 
0 0
-83.226567 25.439894
-73.010399 -50.23717
-72.018149 -54.159165
-65.470023 -55.692249
-76.924858 -0.973229
-80.288866 19.74698
-82.502029 0.665861
-90.767892 16.063823
-83.681847 2.494838
-84.420555 26.586162
-70.789255 -50.518871
-67.463119 -52.325533
-61.235146 22.349947
-77.625374 -52.280233
-59.562268 -64.380669
-63.547237 -52.044556
-56.460277 -57.191779
-76.825289 21.902776
-72.433705 -50.30002
-67.54105 -53.374147
-93.647464 30.443085
-78.096433 9.203601
-70.866551 7.817963
-62.114906 -49.047139
-59.449382 -43.763991
-57.258414 -47.694066
-68.204788 -48.256461
-73.599948 -38.93013
-84.892889 23.865485
-55.361187 -48.429257
-79.41134 13.813318
-68.633629 17.610721
-70.404756 -48.763868
-77.300294 16.689413
-63.720388 -56.729105
-84.719984 25.495874
-88.7906 26.688194
-69.971979 -42.103665
-71.757656 -53.522666
-75.255346 -47.549343
-80.317683 23.753044
-78.197691 24.056978
-62.532404 -47.44193
-68.502658 -46.71961
-85.354508 16.2016
-77.583131 15.557964
-67.695162 -50.493699
-95.218143 19.807873
-78.718874 20.260814
-58.670782 -46.173743
-61.600332 -49.653025
-79.80246 12.15466
-75.883247 -50.373312
-80.543277 6.150155
-85.426979 20.635707
-90.886018 12.110071
-76.545147 -42.392734
-74.101187 -61.540215
-79.522225 25.974366
-73.937846 -42.606351
-69.68872 14.30602
-68.279497 -52.21237
-73.987097 -40.24552
-61.544084 23.161743
-86.698397 26.675079
-78.693238 -56.663703
-66.502756 -48.381246
-90.399113 14.289821
-65.847657 -54.688127
-69.233036 -59.991878
-80.442669 10.021279
-83.564272 11.604948
-71.913873 -58.573932
-88.474802 4.699093
-66.875973 20.697557
-64.817643 -47.744982
-59.853554 -53.009711
-72.503372 -54.618319
-69.454351 -55.875014
-85.029654 19.006627
-87.336492 12.392342
-80.416179 16.338562
-69.221854 16.518836
-49.365045 -51.63097
-93.202039 19.303587
-70.020156 -38.813359
-91.589613 6.845424
-63.181917 -45.490983
-66.371103 8.191644
-85.684227 16.998381
-74.286818 -44.110812
-78.35374 -52.996962
-68.58054 -45.834298
-89.445162 9.209479
-64.875994 -43.976717
-89.335389 19.224684
-75.286334 -50.306083
-84.925713 14.306207
-82.00177 20.819025
-83.062101 10.594426
