//Synthetic=Synthetic_00346_J60

J=60
MT=20
Vd=2
Vv=1

p: position coordinates = 
0 0
46.793314 48.608557
-45.598418 13.070738
-0.521458 -41.118213
40.928533 26.609106
13.251535 -30.017718
-46.603395 2.581234
-46.324696 -4.38299
-0.271139 -31.060691
47.346323 48.092054
10.260275 -27.403399
-37.045817 65.582529
48.246922 51.403296
5.702577 -39.745958
-42.397111 13.80659
49.248216 38.390772
3.704391 -48.285017
-49.60516 9.487663
45.628577 44.74697
49.137191 37.071023
-27.651284 59.495136
49.739603 37.433373
51.927415 45.057929
43.685842 55.068815
5.170131 -32.619128
13.50944 -40.94537
-37.229705 18.310902
39.852389 49.525059
-34.846496 62.075147
48.7132 37.843403
55.349445 45.702587
-27.002319 63.699414
1.712686 -39.155907
13.90636 -34.491341
53.251808 49.14492
-21.96506 69.174151
-28.302515 64.775421
-39.133872 57.550629
-41.439351 -3.740564
50.737186 58.026171
15.964359 -29.216619
57.586287 54.855951
7.717839 -43.94725
-39.013603 61.146079
-30.660355 54.043398
-30.020596 50.487715
-35.192344 72.708225
-45.468852 12.371405
10.07663 -32.795363
51.469303 40.637411
45.493162 50.910843
5.763091 -28.022284
52.601828 45.666296
-39.443033 52.65345
17.716195 -30.237421
-38.216711 6.242236
-26.783515 62.039576
44.588278 45.880591
-41.277613 18.42124
-29.741887 61.836525
-30.873431 7.017658
