//Synthetic=Synthetic_00499_J40

J=40
MT=1
Vd=5
Vv=1

p: position coordinates = 
0 0
18.032314 35.341781
-55.289618 -14.100879
-3.616925 -25.334408
-14.192846 63.585712
51.30484 20.65883
-19.544723 50.629666
28.135541 -1.757733
24.81069 22.826397
22.37145 5.087988
-22.04122 -27.359815
3.686272 -47.652195
19.445633 31.360971
-4.798599 -9.739474
14.84792 6.152696
0.900575 46.328713
-0.418652 45.989348
19.296832 -18.141635
-18.187764 -28.853293
49.889193 11.896272
-6.276664 11.731743
-17.587361 7.820086
30.560652 31.760318
19.777919 -0.206357
2.406692 52.456028
-36.161083 16.516784
-40.899249 7.454322
13.148303 14.266656
-0.140634 -20.974062
19.941267 -16.378353
22.649109 19.49405
28.937011 -18.004613
23.916702 7.295819
-33.562851 22.680845
37.823422 -3.825879
19.039496 19.288636
44.909534 27.207795
-7.285182 54.979865
31.205399 -34.44252
12.464863 -28.708672
-3.305529 18.721551
