//Synthetic=Synthetic_01402_J60

J=60
MT=20
Vd=2
Vv=1

p: position coordinates = 
0 0
2.843325 -45.372569
17.10788 -20.963034
3.090782 -29.128785
-2.492109 -48.509687
-6.074858 -43.929552
6.322676 -49.353972
14.42641 -25.95825
-0.100868 -25.508858
-7.861566 -33.755636
21.924911 -28.056981
30.737637 40.718304
25.434585 -28.828527
14.416413 54.628506
15.754937 -21.056178
20.960334 53.452708
20.311184 42.272409
-9.829038 -37.006486
13.005383 -40.857174
29.19706 47.543992
4.999639 -36.187364
15.206106 -15.866599
10.759472 -38.928771
29.964906 48.738682
14.788408 -18.566755
-1.305171 -29.601292
20.133879 -22.421361
-0.115062 -42.677482
22.690574 53.774525
26.60647 52.730919
15.575562 -24.421463
8.558499 -44.394328
11.656369 -23.478629
8.196436 -46.462045
15.3034 40.532644
18.644492 46.147875
-0.394324 -46.413787
15.038842 -24.644161
-3.61209 -37.96804
15.955923 -18.22486
28.38554 52.043589
26.140006 -18.70372
13.150531 -26.656327
29.654479 -21.253215
8.801613 -41.590977
18.753888 -18.571788
20.118093 -17.401669
-16.608612 -35.305315
21.612547 44.316547
7.638549 58.880099
19.07878 -18.753586
0.075923 -29.892644
-7.737774 -41.420437
21.31059 45.542188
34.37162 53.445151
24.704618 -16.351361
24.842303 -19.88494
13.69875 -27.42481
18.239107 54.581867
13.337863 55.79129
-4.944055 -34.759281
