//Synthetic=Synthetic_01120_J40

J=40
MT=1
Vd=5
Vv=1

p: position coordinates = 
0 0
-48.312692 -15.456752
-25.014057 12.958202
-2.861057 23.459752
-26.10388 2.657344
-59.603067 -2.425422
34.097955 -0.193997
-23.557817 34.434767
56.030339 -2.859381
50.952786 4.159801
-37.967403 -5.337506
-39.125658 -29.522235
-10.536903 12.945855
29.067204 -23.385928
-11.397431 1.309555
22.852527 -20.491691
-34.896107 -4.026886
-0.572336 20.160523
-21.126123 6.331131
30.015015 -18.434739
31.064127 8.587204
-3.663086 38.975434
-7.00631 21.314705
44.804759 7.417685
-13.362819 -22.61172
33.264166 27.802585
13.871108 6.633814
51.904276 8.701529
-1.02562 -47.62947
7.385568 23.795631
7.437483 -49.592192
0.430749 -33.308442
-35.160452 0.188155
8.02349 2.704695
6.146786 -18.437887
55.093279 1.936164
1.481758 50.80006
-29.469739 7.444581
-18.504691 24.650077
-40.672973 5.936137
41.250769 4.834668
