//Synthetic=Synthetic_01087_J100

J=100
MT=20
Vd=2
Vv=1

p: position coordinates = 
0 0
-34.173488 -60.073248
13.667028 -33.379531
-37.382488 -26.006304
1.440736 -5.743693
-8.722719 -59.717527
-80.569057 -38.420849
-63.662485 22.67777
-28.244591 -73.52917
21.240176 -1.974101
-39.184499 26.847444
-91.499765 -24.705125
-14.370403 -6.341329
-55.264564 20.160835
-58.172329 -32.464533
11.113904 -28.322341
-58.348665 -13.887476
17.24252 -12.493669
-74.962791 -48.518662
-52.40102 10.705425
-32.854677 -43.499029
3.464699 -53.412633
-13.16232 -22.353958
-57.514571 -36.995441
-40.849352 -14.302607
-70.141879 -55.351408
-63.76759 -54.478991
-56.656612 2.183035
-71.622438 -13.626256
-84.993615 -24.363015
-19.655196 -22.571389
-64.436647 -46.121136
-18.975036 -63.284117
-53.549474 -31.274583
-22.996599 -19.247514
-52.643355 -0.387868
-15.696837 0.45375
-42.786478 -70.621863
-67.404447 -6.249424
17.207211 2.091168
-42.380209 -48.377721
17.261373 2.592975
19.658937 -16.83604
-45.850044 -45.462605
-4.987322 -15.474269
-57.605697 35.866802
-69.485125 -23.052556
-9.648126 0.127355
-40.379658 -21.083176
-71.926334 -31.943784
-13.97019 -17.775028
-29.400122 -15.107379
-58.162814 21.697157
25.198862 9.414694
-61.307625 -26.000917
-43.545183 -43.876562
-14.244849 -36.178312
-46.575242 -6.469925
2.415913 -18.364027
-61.256672 12.2378
-51.242568 -19.56816
10.552939 -15.050569
2.648279 -37.473836
-46.931454 -3.68372
-10.387669 19.936521
-34.034351 -19.427277
-29.260601 -57.094614
-21.874909 -89.902365
-57.406893 -59.035085
-46.057409 -8.231482
-44.614047 -48.606348
-6.979141 7.550132
-26.908194 -65.315396
-26.687676 14.734262
-48.121569 -61.583674
-28.992583 -62.331289
-9.323183 7.772976
-42.966787 18.307529
-39.111169 4.858493
13.988431 11.052286
-44.316135 -22.012147
-3.147022 -14.363729
-12.548801 -22.17968
-92.41874 -42.744447
-78.899853 -42.76954
-50.656794 9.256366
24.826999 -8.587866
-8.719345 -26.351854
-34.213479 32.103786
-37.723965 -81.887912
-47.370748 27.712723
-14.890614 25.32718
-92.309498 -32.364521
-31.305909 -42.955381
-38.995559 10.998186
-4.923633 -8.21251
-31.757591 -31.177666
-53.644429 -2.854828
-16.844385 -32.84781
9.043663 4.175709
-55.903183 29.377913
