//Synthetic=Synthetic_00162_J30

J=30
MT=20
Vd=2
Vv=1

p: position coordinates = 
0 0
-23.380433 42.836869
-37.950053 37.606585
-27.555695 31.618253
-35.1101 48.269668
-4.184128 63.930103
7.448823 53.766588
16.688148 58.545705
20.697775 73.083314
12.050274 69.05286
3.291269 56.209757
8.377565 57.104639
6.370228 71.260759
6.90165 59.067798
-27.855156 52.482716
-35.837443 42.108821
17.248909 58.934843
-30.483346 41.372763
-33.143746 44.264209
15.080359 57.985553
-33.400419 33.61944
10.769985 54.007574
-25.387833 44.251058
-31.140221 42.365256
13.098994 59.596379
-32.364672 36.353199
-35.829894 45.118144
4.192438 60.287581
-34.780591 33.973522
-22.543577 47.944335
-25.310569 37.953066
