//Synthetic=Synthetic_00913_J60

J=60
MT=20
Vd=2
Vv=1

p: position coordinates = 
0 0
-10.063555 93.423427
60.971008 68.729452
49.163992 50.635438
1.350495 94.09622
60.984393 58.930228
46.898956 51.811908
-9.061059 85.12667
59.047812 55.329525
65.366962 69.218609
-18.772142 96.623497
-12.607362 88.317136
-4.195237 88.743837
63.445194 57.307891
-9.403311 92.792454
69.256663 60.354519
53.878253 58.287341
-14.03444 78.002612
64.676272 69.588819
57.971637 51.946062
-11.742744 95.554314
57.264265 66.109584
-12.880471 79.291994
-6.343643 87.9002
50.568094 47.655074
-8.072255 94.609442
50.929452 70.907822
-19.910809 66.953827
51.195859 75.331673
54.688501 60.430312
57.565923 51.2003
58.884253 55.014251
-0.537694 88.864695
55.119311 67.985031
-15.177956 89.216275
64.222185 65.54797
-1.679963 89.832033
68.262031 75.381858
44.889565 57.10944
61.297153 71.361694
-2.191986 95.029713
-6.836653 83.588054
-14.469818 82.295798
58.716971 58.496583
54.109788 75.91148
59.363362 57.185736
62.784026 66.943706
58.479034 61.281392
-6.487083 80.167991
48.914916 45.599448
-12.425489 98.948578
-13.570258 86.889369
-9.309244 93.012312
-24.752893 74.817024
-16.773522 83.1197
44.935559 57.056459
48.538651 53.223856
52.706963 65.337797
55.822613 66.289671
-8.828058 89.868121
70.488033 68.865892
