//Synthetic=Synthetic_00454_J80

J=80
MT=20
Vd=2
Vv=1

p: position coordinates = 
0 0
-21.670649 69.627692
-28.730899 75.808963
-75.949037 12.883333
-75.240248 24.062464
-74.566468 13.498353
-40.150406 81.548114
-33.135143 72.129309
-32.896886 61.907991
-73.96873 18.363839
-63.765852 8.697965
-71.06981 20.621591
-73.124702 24.120368
-40.121306 63.842828
-25.555008 54.47384
-36.408257 65.457633
-70.641662 19.507042
-69.815558 28.657448
-27.585685 79.220493
-42.320989 65.065845
-24.867479 74.283963
-66.282626 22.569079
-41.988141 66.770381
-63.947366 14.038751
-42.692395 74.150618
-67.160285 18.884541
-32.786456 79.817044
-37.636781 80.656243
-35.294566 76.774679
-65.508937 23.456088
-66.980785 -2.093076
-38.432612 69.089064
-34.280996 80.602134
-67.709961 7.798237
-53.731898 2.762059
-67.042508 24.432027
-69.214146 4.016834
-65.854602 12.409601
-36.011748 68.018896
-34.394016 65.362994
-69.80008 25.562412
-38.495795 88.349411
-72.137492 20.51162
-31.52141 82.199504
-42.281622 80.535393
-68.555008 6.783028
-71.432768 17.044279
-73.089594 6.796425
-52.086396 8.959159
-46.320805 62.043317
-71.609269 21.572215
-32.55367 66.820927
-31.300033 70.047539
-33.605064 76.332278
-63.700346 12.429882
-76.898226 10.444026
-31.430468 85.168905
-49.51749 77.505051
-23.932503 77.689921
-56.645675 3.212363
-64.27674 14.248795
-74.656341 17.029189
-64.472095 14.318088
-67.835931 11.95875
-36.515314 73.073265
-38.961375 76.957418
-59.137088 20.863109
-68.694589 15.444303
-74.28783 16.198774
-72.290539 17.481311
-30.775598 54.192632
-32.104155 79.706942
-67.112612 13.546576
-63.026869 4.748861
-29.243371 70.829047
-43.342165 74.048644
-30.808013 75.819939
-64.56576 20.49978
-78.242379 14.937651
-45.370934 71.195418
-36.477946 67.834847
