//Synthetic=Synthetic_01279_J20

J=20
MT=20
Vd=2
Vv=1

p: position coordinates = 
0 0
-16.091141 90.386333
-1.511288 80.636822
-14.767877 89.076449
-10.81654 71.659398
-63.644996 53.799117
-63.178362 45.500554
-53.608376 45.166684
-20.319496 71.889805
-17.295353 96.849055
-11.874297 87.106011
-14.960962 76.030098
-62.417606 52.631444
-74.67985 45.852385
-63.34424 54.546836
-64.692735 58.736545
-8.220042 89.09151
-67.925477 48.131667
-63.751688 40.329181
-78.143284 55.181851
-72.776095 47.895538
