//Synthetic=Synthetic_00443_J100

J=100
MT=20
Vd=2
Vv=1

p: position coordinates = 
0 0
-17.684295 -82.787193
-16.710586 -51.143063
-20.676809 -66.255211
-25.824575 -15.605344
-40.400591 -11.923032
2.557445 -86.797002
-30.593159 -7.062371
-34.426056 10.725595
-8.169268 -62.428467
-26.747953 20.7205
1.374459 -54.741259
-8.571004 -66.958848
-42.583429 19.343182
-49.629437 10.900425
-43.144417 -4.476483
-23.411594 -71.545
-37.192265 -24.541783
-2.863785 -66.674907
-36.271444 13.389404
-48.424313 20.787071
-41.738729 24.752161
-5.424312 -77.12285
-51.095038 9.168484
-28.284333 17.418258
-45.345263 -12.527299
4.788711 -66.214266
-14.431995 -64.710427
-50.084918 -9.545614
-16.677792 -66.67571
-8.86478 -59.485368
-30.359838 16.136163
-10.251735 -73.993819
-30.116888 19.59641
-40.841691 -25.465893
-31.278456 -9.531239
-44.819279 17.046826
-11.982129 -63.220342
-51.662402 -13.557695
-39.214563 -5.519347
-36.318181 -25.045625
-9.746543 -74.77349
-7.301923 -70.044614
-38.359634 21.268263
10.602945 -58.784362
-8.838765 -72.545736
-22.59649 -12.630367
-20.556101 10.848929
-30.69495 6.281358
-11.034945 -63.695616
-13.78041 -67.459084
-26.986856 -15.130721
-36.958209 14.801086
-20.542806 -20.10163
-46.694759 13.27038
-14.323521 -64.969584
-17.356045 -67.021601
-37.094672 25.772703
-31.265072 18.654075
-7.066229 -72.164288
-25.94289 14.200778
-26.440446 13.224416
-0.346051 -79.551628
-19.986196 18.146538
-11.707805 -63.435093
-19.879105 -70.309569
-29.357907 13.459345
-40.76714 24.025963
-41.246988 -19.299036
-50.114981 21.138745
-6.551754 -69.104019
-56.185664 16.42157
-14.629837 -77.532914
-26.741219 -12.960245
-35.331491 -7.71192
-35.126931 29.142248
-53.848092 11.064034
-41.460025 -18.050828
-46.795143 -21.995398
-33.57366 23.383675
-40.832592 17.63435
-41.018332 -23.337842
-36.391716 -9.406056
-16.892964 -67.508013
-36.674327 20.24447
-10.639134 -60.197657
5.512149 -64.701945
-28.937867 28.642212
-34.522181 13.708199
-48.812405 -16.680692
-17.406585 -92.663415
-37.649601 -72.750249
-45.392299 24.84874
-17.350173 -61.532556
-9.392728 -70.864007
-37.279263 14.387031
-13.621086 -65.400617
-32.855741 -17.075295
-53.246058 -17.102667
-26.96796 -18.578938
-37.95604 -17.01883
