//Synthetic=Synthetic_00290_J60

J=60
MT=20
Vd=2
Vv=1

p: position coordinates = 
0 0
-68.615168 29.86005
-53.295772 30.1434
-53.494484 -38.410673
-48.070866 -5.58737
-9.165425 1.219818
-66.787881 28.917297
-45.229532 -42.043873
-66.799478 -14.090269
-83.52354 29.607537
-37.807862 6.888075
-66.292845 -38.657033
-64.455704 -51.176547
-63.283983 5.015307
-42.149689 55.774504
-71.298925 -10.481524
-87.303098 14.542397
-76.49739 28.168747
-71.122129 -9.476491
-24.665914 -45.013586
-59.042377 -6.354543
-3.464267 -34.440954
-75.360341 14.110438
-6.159095 -2.048326
-29.254448 -0.872303
-36.032421 66.140386
-55.928778 -1.796982
-10.790484 -2.292055
-48.484678 38.081919
-29.945047 -46.77813
-45.269139 -45.304904
-49.003085 40.550583
-34.189184 -44.005612
-34.451374 -1.356639
-62.069504 -2.133496
-36.054022 48.53625
-57.691364 32.56835
-47.316744 -28.608386
-58.25392 -9.927381
-17.217434 -38.650202
-62.695034 12.013318
-76.347309 34.253852
-35.569884 -5.459856
-52.674942 -39.241965
-63.955271 5.560041
-105.106821 -10.79052
-37.50103 -4.608125
-0.147209 -21.274459
-30.737931 -45.524573
-61.586145 42.819848
-8.576513 11.277215
-25.603502 -39.533125
-30.526855 -3.420832
-1.225848 14.277791
-6.56563 8.010805
-28.17604 63.608411
-99.765745 2.662237
-35.790142 63.872024
-89.535068 32.651146
-36.651916 -4.682338
-33.755836 -6.832216
