//Synthetic=Synthetic_01170_J50

J=50
MT=20
Vd=2
Vv=1

p: position coordinates = 
0 0
62.06626 -71.043101
74.807634 10.500947
84.066571 18.922793
80.424465 1.302628
89.082642 15.883767
73.909565 4.025331
73.948723 7.709273
50.669973 -48.496229
58.478788 -50.990022
86.794981 1.493908
78.889477 4.587237
60.618573 -46.627649
63.248643 -60.66011
76.18948 2.500532
60.959597 -58.608939
61.507125 9.230233
71.99252 24.263987
55.865744 -61.140799
71.345609 17.342745
56.437462 -53.611708
70.666359 13.74899
85.661996 8.856434
54.838159 -55.646547
59.295001 -67.097816
60.12512 -45.637638
68.95529 -52.712191
84.824405 2.83919
55.617405 -47.359336
76.316798 0.441571
64.759098 -54.272578
62.458731 -55.102922
62.395036 -49.374423
59.310631 -63.423934
44.453715 -51.056789
48.146493 -62.094055
53.233182 -61.735145
59.256778 -63.214685
78.865906 12.759636
60.202394 -47.681442
56.788662 -62.712762
83.865437 2.62273
78.473873 2.685577
43.484259 -50.48135
62.054799 -42.412842
53.460627 -54.903483
70.519 21.799228
81.732142 1.920039
72.00089 -50.402049
79.381992 13.750545
78.316425 1.081405
