//Synthetic=Synthetic_01890_J100

J=100
MT=20
Vd=2
Vv=1

p: position coordinates = 
0 0
-16.744316 -46.588457
67.162549 -35.016741
49.690382 -57.571895
6.467846 -13.905234
28.392983 -62.027355
-20.357979 -23.185157
9.462235 -53.675427
42.682886 -48.175021
-25.859067 -25.506002
-9.43831 -3.30469
-33.085126 -36.043269
19.558526 -69.315578
-38.302316 -60.079952
42.962676 -48.439063
15.108507 -11.825917
-7.476248 -39.608194
0.675035 -21.506245
10.670756 -52.164249
-11.498023 12.756809
-3.776813 -13.665604
12.378516 -42.327397
10.417441 -23.638733
30.076141 -5.973453
28.796959 -52.787377
-17.259971 -25.193119
6.510564 -55.040608
57.136849 -24.535759
32.770309 -79.819706
-8.415355 -51.679825
16.316333 -36.117534
-14.383203 2.803321
69.891185 -34.610688
11.483378 -38.502398
-6.056855 -61.948595
-22.858904 -40.611661
-34.178473 -35.162016
25.690593 -8.011096
-10.337249 -51.222438
23.333199 10.051787
37.958833 -21.136701
22.018434 -75.191463
-15.097223 -59.645467
-36.695424 -53.089707
-14.356388 -74.341177
36.69929 -35.679014
-5.753463 -69.967912
15.30766 -19.114767
-24.122083 -59.159684
35.360637 -64.486269
-15.480576 -62.230589
-11.141404 -18.242686
29.720807 -17.713025
16.325076 -0.370642
42.136655 -88.120618
67.699224 -17.518627
-38.707781 -36.024426
14.865317 -1.396654
70.257596 -35.065253
24.778866 -24.390734
3.416812 -17.374899
25.819083 -35.469337
6.735582 -83.920513
16.061523 -50.803409
11.412319 -16.154167
15.88999 -10.024708
-15.240211 -37.061852
21.108664 -44.566921
36.213715 -15.335108
-16.600302 -69.607549
12.135393 -21.749743
55.354641 -14.921167
29.31586 -71.33308
29.920881 -89.307681
21.851505 -86.140091
-20.650385 -54.21437
51.158215 -15.196561
-3.275066 13.284868
17.328451 -50.925212
55.023013 -60.693844
12.10027 -54.063762
19.030974 0.461369
-38.798604 -53.228962
32.965276 -35.202222
56.67853 -52.345892
40.607139 -4.951197
-17.997136 -30.232272
44.726922 -28.435217
40.997433 -37.685997
26.099596 -63.8415
-36.685434 -53.416912
6.421253 -13.942573
0.596869 -17.366128
-9.116348 -7.705645
18.081836 -36.934976
21.364381 -6.455443
3.931731 -62.820528
-10.896705 -27.796485
63.689826 -29.310197
49.337077 -19.514177
15.936967 -61.088078
