//Synthetic=Synthetic_01382_J80

J=80
MT=20
Vd=2
Vv=1

p: position coordinates = 
0 0
52.015825 77.377938
28.625234 53.965946
32.697583 23.477525
-5.294573 60.657634
47.559359 -28.700763
-65.178641 51.952215
53.744668 34.88228
39.497738 -6.802696
-28.219001 20.468713
-21.757015 -34.930531
1.946046 58.342594
35.138212 24.839295
-72.052627 -49.303517
-58.368226 -56.938845
-24.589768 -34.272161
-48.466764 33.204145
22.58483 79.115673
-2.620346 48.674668
-54.298054 56.803889
-8.622428 75.400991
23.095154 -83.061839
-34.366288 31.624123
-3.643455 48.792869
37.161758 -51.812335
-53.238869 19.727104
75.535933 19.961919
-41.423637 -13.343754
50.764931 21.828072
76.925998 14.671957
-17.159828 -87.236679
-17.983597 -83.942955
46.086957 -41.82413
-10.49358 -39.188077
81.314851 -27.048031
32.437982 -36.965083
41.433079 1.362826
-65.923197 -60.043732
-20.548746 -34.593192
30.832822 18.929587
-31.923604 -69.622625
-63.564291 -25.416867
26.802072 68.08326
39.930822 13.554873
28.965518 45.682694
38.683198 50.750152
-52.887251 -3.486731
-3.864148 67.871228
81.768431 3.517469
74.273175 15.292011
-49.932878 73.789622
-23.13968 33.303403
23.12073 56.863529
4.50041 41.584351
47.374913 -30.054398
46.840935 82.126053
2.69632 -47.071372
-79.170054 34.642088
-53.595152 35.863315
55.900509 22.743935
-58.293845 -31.969799
-22.286957 33.336934
39.343169 43.379216
-7.246151 -36.918275
-13.716379 -93.045783
-28.689822 -14.699321
4.520513 -50.821215
-11.297996 79.907224
-24.130692 -70.241721
36.243716 -75.448515
-14.006711 28.493597
33.18539 32.968538
-2.139998 -40.52511
-27.022316 27.411509
-6.150328 49.064431
55.080295 17.477411
-84.424617 -5.486706
-39.295894 67.692715
-0.106875 -91.184528
35.662933 15.58659
42.802449 82.097655
