//Synthetic=Synthetic_00849_J60

J=60
MT=20
Vd=2
Vv=1

p: position coordinates = 
0 0
-98.919393 -52.28923
-55.95972 -80.70706
35.20372 96.183788
-45.15393 84.748833
-42.361484 -63.565906
69.369797 -8.644767
45.539214 -73.98866
-6.811914 40.281046
13.665054 63.927207
57.865312 -30.725473
-27.613595 43.121169
-5.998842 -47.465114
-59.078985 0.814685
57.407898 46.365881
7.555159 48.531667
-68.936415 -64.995684
-49.285705 -42.293195
-91.069607 -33.972154
47.629184 15.292577
39.572287 20.488036
-54.898609 -70.381952
44.8569 -98.651342
-33.601269 -99.978679
49.417337 13.235076
91.222851 14.112244
39.800659 41.663481
-104.357045 -4.2716
-0.133954 46.897128
-91.197019 -63.794967
85.439825 -33.79039
-86.787761 35.153028
-88.206355 -68.385085
-3.314651 106.790297
-31.091415 53.769717
14.39069 43.150858
17.154661 -66.253927
49.180577 99.355169
19.61831 -56.396448
103.331271 25.018579
-97.275683 40.833914
51.232516 -19.95228
57.535255 0.017684
15.914369 -55.040227
76.167111 -39.849314
49.289892 46.153337
-87.01451 31.489831
38.910822 -33.515925
-6.805443 -55.556446
-20.096169 -60.454986
104.555914 11.713468
34.234922 -58.192935
103.075638 -33.514236
-72.62062 -84.2923
-86.628104 65.347168
71.984072 -6.86078
-26.092819 66.048459
85.142358 -59.291944
-67.272122 74.119035
48.495529 -42.633267
49.282241 -77.923915
