//Synthetic=Synthetic_01551_J80

J=80
MT=20
Vd=2
Vv=1

p: position coordinates = 
0 0
44.298118 -4.078618
55.741862 8.04796
56.492599 11.315282
64.27123 7.426686
56.603543 10.740561
44.379831 14.657495
-53.511737 -49.79995
-63.691473 -24.09523
-56.843165 -34.68058
-55.43303 -25.922293
54.661362 14.106551
34.358456 -8.627206
64.437128 -7.937917
62.799577 4.721257
39.716348 -21.298992
68.8117 11.018944
61.477444 -0.530656
41.024756 23.26153
48.213031 22.561328
53.676129 -18.408666
48.921898 11.511589
-52.528679 -20.160749
-54.732761 -24.349558
38.722716 19.422746
53.371604 12.89799
38.526214 10.550795
44.453311 24.112774
67.728706 14.151657
76.980126 13.949829
49.811937 19.678732
-51.850085 -14.773464
61.642426 -3.361835
50.066091 15.608764
71.308261 1.611116
72.404388 7.860931
51.604663 19.465341
51.449578 13.007683
61.852994 19.154915
58.548322 21.063538
56.135286 -9.959466
46.287764 3.74699
65.34601 0.834365
37.527274 -19.021163
-56.416028 -30.261738
49.044126 -14.938218
-53.924578 -23.017452
58.169011 9.855453
43.083554 -9.472846
52.287436 13.088225
45.350251 33.767967
39.137461 29.216312
34.296578 -14.285821
59.489092 0.486597
49.240312 -20.82678
61.457552 15.993705
43.224295 14.438443
56.807256 10.402789
58.959077 11.962347
39.994948 9.249213
69.840104 14.710508
44.309118 -9.136157
40.019367 -23.917356
57.547741 21.473625
30.020811 21.479533
42.10732 21.848874
39.289195 27.127989
50.237273 -19.075261
34.902853 32.418202
25.913445 18.180561
41.364367 29.360479
-56.764742 -17.338023
49.220804 27.216289
52.106642 17.845122
-50.616317 -29.328372
42.307338 30.349788
-59.303383 -39.096351
56.49905 17.449435
-46.470315 -28.814582
45.876309 -7.987767
-54.459039 -25.468367
