//Synthetic=Synthetic_01502_J20

J=20
MT=20
Vd=2
Vv=1

p: position coordinates = 
0 0
79.579168 -13.500964
75.943004 -25.590674
84.566467 -24.551679
46.26633 -85.60974
75.760658 -20.358259
33.446669 -81.715024
76.74337 -26.43662
47.693175 -85.365786
44.443883 -78.299733
70.09633 -3.600847
31.617328 -72.850676
79.586614 -25.322649
78.179192 -18.193176
73.606083 -15.288404
54.848457 -88.217811
77.021007 -29.861917
39.095958 -76.099178
47.889519 -92.233184
17.283863 -60.122477
41.242324 -84.277456
