//Synthetic=Synthetic_00195_J30

J=30
MT=20
Vd=2
Vv=1

p: position coordinates = 
0 0
-3.164087 92.272063
51.9558 59.845508
57.380854 51.358782
7.55564 70.870441
56.905571 59.259649
1.55352 82.801338
59.480777 41.752178
4.854568 84.950584
-4.50994 77.1076
59.181151 56.48169
49.414639 41.926994
58.341528 60.239409
54.502502 50.811465
-0.47972 86.099011
60.310185 56.102689
16.136966 80.695939
-4.340508 77.182521
67.314192 45.920801
-3.864401 82.818231
65.508637 49.356836
3.679133 82.526663
6.020472 74.621834
61.742983 58.600435
-7.458089 73.844755
67.41783 50.883986
-2.794267 79.994698
50.635377 49.308861
-3.450373 75.740272
63.746271 52.55345
-6.943882 65.561089
