//Synthetic=Synthetic_00580_J80

J=80
MT=20
Vd=2
Vv=1

p: position coordinates = 
0 0
22.212385 -45.671175
-10.057252 12.431119
-22.616761 -50.87755
-24.304411 -62.640257
-5.911879 -79.343677
-24.952391 -29.515677
14.995492 -41.088074
-21.511457 -44.464458
-52.500217 -49.68742
-8.588678 -91.342642
-41.08948 -13.261046
-31.561376 -34.828935
32.350427 -53.763692
16.837848 -1.814525
-31.054308 -85.042382
2.102323 -76.414169
-12.228342 -48.932694
23.185158 -34.822848
3.973119 -8.594187
15.783922 -49.073326
-52.838147 -42.356407
-15.683285 -19.974648
-30.857397 1.92552
-2.820556 -10.16318
-16.178604 -84.360445
-13.771317 -65.921153
-29.424834 -7.191165
-18.993749 11.05606
30.2043 -27.294293
-32.726803 -49.880277
22.232367 -41.368233
-7.494372 -70.133066
-3.514378 -88.595529
13.447405 -50.94851
30.110158 -55.573392
6.433169 -52.141463
-0.169231 17.060371
-0.015173 7.840026
-37.060342 -74.94863
-7.557012 -42.364915
-14.515122 -5.945816
24.703766 -47.436413
7.282533 -74.250363
-22.818766 -46.667575
-33.073501 -45.979864
16.202208 -70.168267
-22.37816 -92.881676
27.5295 -30.55412
-52.776064 -58.062594
-5.981835 26.971539
-10.284102 -57.080493
-6.23362 -11.271862
-13.025704 -5.897597
2.316132 -56.78503
-4.36837 -39.28196
8.558504 19.094843
-15.550975 -70.496911
-13.681398 -40.674823
-47.503383 -53.677324
8.962111 -5.913065
0.606196 11.852493
-30.950279 -48.187077
31.287045 -33.442524
-39.595317 -41.433871
-1.653393 -64.973822
30.977766 -52.790734
7.253114 -24.053114
-6.030067 -89.651205
-11.477459 -39.914512
-16.410967 -15.628626
-26.696019 -25.182622
19.489727 -55.022872
-47.365005 -32.263488
-8.874869 -23.421197
14.795997 -9.511849
-18.136174 9.567973
-13.10618 4.648419
39.898902 -42.955575
-30.082857 -48.202888
0.279741 -16.91817
