//Synthetic=Synthetic_01489_J50

J=50
MT=20
Vd=2
Vv=1

p: position coordinates = 
0 0
-77.098532 8.81555
-30.190098 -45.305347
-12.114258 -34.242376
-25.457047 -19.109932
-23.600187 -52.439893
-39.970678 -63.044495
-21.578605 30.79749
-57.167069 -69.60543
19.622991 -0.937462
16.280057 -9.120385
-33.538549 -48.176263
31.425441 -44.651731
-62.993059 -79.516625
-2.004945 0.497632
-56.738006 -77.513977
-40.299647 -36.558705
15.531913 22.61315
3.201762 -1.230957
16.926551 27.324864
2.206878 -62.45956
-26.111708 20.826553
-82.49029 2.320648
14.436372 21.132152
-52.252516 -31.488779
-48.458326 1.313086
7.359471 25.572582
34.309711 -17.474208
-41.511222 -30.447829
-25.806784 4.085224
-74.846936 -52.060461
-40.835082 17.062836
-80.543681 -34.10163
-54.028743 17.968015
32.888973 -46.116708
-44.290464 -5.469973
-85.258284 -10.044183
-27.217464 29.645151
-51.493531 25.210715
9.024863 13.731583
17.28065 15.375158
-75.627167 -13.097552
-44.517622 21.199069
-41.703555 -5.709362
-85.444602 10.544053
20.361543 -32.835906
-39.38764 -51.217211
4.744848 20.913551
-3.28845 10.840589
-6.080772 -3.831287
-18.281958 4.727489
