//Synthetic=Synthetic_00430_J80

J=80
MT=20
Vd=2
Vv=1

p: position coordinates = 
0 0
16.27173 -76.191124
30.514531 -72.260111
10.896306 -90.20157
15.830082 -87.632411
17.109317 -80.407271
21.785257 -83.293799
29.032582 -74.402033
25.191423 -85.825376
29.457421 -80.966105
74.823715 -46.923077
72.924216 -33.666568
82.281667 -39.007698
76.164237 -48.04884
17.957581 -82.75558
71.847532 -40.098052
28.740676 -86.017071
20.942427 -78.523834
86.633635 -40.203884
18.464472 -91.242027
72.488926 -38.10942
12.547782 -81.749159
20.088793 -78.222528
16.68524 -75.456106
60.125163 -33.44116
21.64936 -75.029281
9.540108 -73.818486
14.202027 -92.045224
9.190335 -74.027355
14.422091 -75.65608
6.947115 -62.644138
66.704287 -29.306814
21.600134 -75.737832
18.417564 -80.9258
3.753942 -67.6113
71.34513 -36.345374
84.178616 -41.237637
12.359751 -67.996213
20.415795 -64.480269
25.164342 -84.178825
71.286301 -42.024489
22.830209 -82.457396
13.041491 -85.154741
63.091284 -43.480271
30.074769 -78.87203
16.527343 -80.424871
70.962225 -48.758233
28.548446 -83.822813
32.869399 -89.261102
19.168356 -84.893143
83.187771 -37.48272
13.556804 -87.614616
30.517322 -84.755858
62.614028 -40.127966
78.202724 -39.50669
73.04211 -31.56506
77.102669 -38.884912
64.934504 -29.727662
12.860832 -68.938269
83.06016 -37.876336
18.284023 -89.317445
81.551625 -46.595873
65.480329 -51.792252
13.240934 -72.946933
27.830702 -76.078685
66.248299 -52.451811
78.237235 -42.780585
72.139617 -43.428415
27.222808 -83.645043
20.492301 -85.513005
16.370281 -90.72217
10.667877 -81.523359
17.871484 -82.618881
15.066919 -60.84373
12.582012 -77.818158
16.61706 -88.184315
11.370607 -81.034659
65.585558 -40.562433
64.966434 -27.613067
26.449902 -81.300689
16.8173 -56.746663
