//Synthetic=Synthetic_00607_J100

J=100
MT=20
Vd=2
Vv=1

p: position coordinates = 
0 0
-68.873292 -20.347444
-31.372706 -9.607098
-1.625856 -4.769015
19.118514 -32.637942
-62.869901 -52.411695
-62.171739 -27.511975
-90.334591 20.634352
-9.08809 -36.97941
-50.412116 20.026762
-68.490331 20.53777
-7.431966 -6.141794
-32.632807 15.785024
-41.45564 -1.93913
-57.85147 -79.309558
-51.696449 -4.950469
-48.066286 -13.552223
-23.357623 5.533968
-32.058213 23.9019
8.805312 -18.04045
-20.097538 -39.972386
-61.129166 -40.746478
-31.00224 22.590796
-48.012794 -69.995594
-55.080846 -10.217437
-42.6999 7.78798
-12.344954 -37.231286
-53.441369 44.289534
-107.457724 9.87315
-90.634059 -3.178006
-84.256618 -64.163421
-9.455827 -1.255246
-22.24714 27.216215
-47.058393 36.121999
-26.05215 -33.925429
-111.03718 -2.710301
-63.078955 -5.234523
-8.559477 -2.587059
-51.849607 -23.828823
-25.920819 -5.38904
-90.99044 -47.229244
-26.247518 -26.953025
-35.420768 1.949352
-30.536093 -43.685365
-63.483748 -42.504613
9.113271 -32.54211
-41.938788 -4.420056
-118.326292 -10.699196
-36.066071 -54.655958
-15.285926 -46.46692
-27.657392 38.558352
-60.271618 11.81705
-95.12673 7.049945
-47.424418 41.845447
-19.907416 -30.660513
-56.865695 -54.406088
-53.075508 33.408274
-55.996121 -37.617599
-45.070027 9.999341
-72.421284 -27.601549
-28.054821 5.417204
-100.770585 10.688246
-86.81438 -53.091661
-17.858658 -52.284865
-19.845309 -48.732336
-85.404728 9.837011
-88.72647 -8.491814
-6.043589 14.124136
-102.852039 17.696094
-13.830816 -26.978862
-34.928683 36.178566
-70.753875 11.431762
-32.371095 -22.204433
-76.782596 4.313768
-107.856106 0.815795
-25.842734 -3.428792
-48.634329 -19.058242
-95.556383 -55.674055
-37.543026 -34.931527
-56.204442 -42.865021
-52.028867 -28.680531
-54.767728 24.726414
-58.915538 5.893992
-93.403306 -0.063071
-79.069054 -53.102153
-38.549967 53.56996
-82.188899 -53.122813
-68.298496 -71.044102
-45.212321 7.09774
-73.347676 28.908046
-22.790115 -38.449546
-47.585823 7.557287
-69.70517 -35.380052
-73.07177 8.14711
-80.616075 -16.829243
-40.930193 35.04823
-11.711282 -1.019694
-55.331827 -23.040311
-51.291778 -41.420006
-36.983802 -38.821031
-59.589354 3.302955
