//Synthetic=Synthetic_01290_J60

J=60
MT=20
Vd=2
Vv=1

p: position coordinates = 
0 0
-4.445562 -39.439436
-7.28152 -10.436092
-13.439123 -41.326819
-30.677653 7.845007
4.245664 -18.553925
-34.146557 -48.109609
-34.248402 -23.826442
-53.879509 -46.080027
-81.256492 18.001972
-1.651488 -39.171739
-56.770275 -41.154723
-54.951105 18.461508
-21.400158 -48.152976
-9.401851 27.936215
-11.306378 34.180963
-58.636547 14.494717
-41.672082 -3.43705
-43.851574 3.930799
-2.078315 38.159621
-1.638175 -20.300382
-17.498316 19.840986
-17.157348 -21.393943
-59.64861 4.887672
-50.718082 14.023715
16.939589 22.488831
17.53996 -17.877768
-21.011343 19.730881
-27.554267 17.043007
-41.645645 -5.897902
-35.175973 -48.879693
-68.736917 35.013334
-66.941372 10.887983
-72.241048 34.239587
-1.320615 -19.119941
-57.52114 24.87275
-75.401418 13.051113
-3.870878 1.129024
-79.506508 23.22434
-27.878856 34.644209
-22.362783 22.507748
-73.094346 35.074314
-48.615473 -30.67303
-85.959069 21.747617
-30.054492 11.800179
-53.008696 20.968529
-57.447729 29.379085
-55.396931 30.140054
-52.905463 -46.129299
-54.84356 23.928084
-11.969364 2.525599
-17.481972 17.546286
-80.272821 34.048198
-38.979911 -2.033412
-51.219607 27.547342
-20.105719 2.518587
-28.372328 -3.779256
-11.530585 -40.170882
-24.713121 36.123132
-50.749109 -36.327691
-64.974086 35.647431
