//Synthetic=Synthetic_01846_J30

J=30
MT=20
Vd=2
Vv=1

p: position coordinates = 
0 0
-10.17764 32.965581
10.62568 -23.041378
-11.525123 -25.923912
38.918785 -45.546823
49.819014 -36.830396
1.396381 -19.369466
-5.297816 -28.437791
-24.761571 25.237429
-1.108196 -13.459014
-8.122449 47.733243
36.968752 -35.455033
53.850864 -40.013737
-5.493197 -30.854634
-17.008691 40.692502
4.221122 -26.178553
-10.17082 41.12309
-20.0384 49.271918
-17.324083 30.160077
-10.467846 -25.693743
-16.493559 46.379194
48.594378 -41.329717
36.352918 -33.98037
11.779138 -20.175011
-8.976021 35.007776
44.811687 -37.359721
-1.330593 -26.542024
45.363089 -35.881977
1.444981 -16.000436
-12.113416 -17.996742
-6.275547 -25.550216
