//Synthetic=Synthetic_00352_J20

J=20
MT=20
Vd=2
Vv=1

p: position coordinates = 
0 0
14.566447 -69.815195
-35.486383 -86.480192
-70.957453 -63.466537
-72.806851 -33.996424
-2.38391 -26.193932
23.170053 -68.995902
-23.234728 -1.328709
-12.901106 -85.972406
-52.582414 -13.571948
-25.934822 -89.127365
-65.580297 -30.032959
-25.948289 -23.461254
-13.064041 -6.411894
-13.596405 -93.603616
-3.373036 -66.871208
5.489214 -88.066598
-21.638018 -90.398248
-81.029276 -43.863377
-45.465793 -58.92708
-17.631332 -61.743528
