//Synthetic=Synthetic_01849_J100

J=100
MT=20
Vd=2
Vv=1

p: position coordinates = 
0 0
43.762272 -27.421259
21.94886 0.716684
-26.107247 -7.940707
28.362266 9.970107
-33.988845 19.688589
40.538967 -28.945242
-30.237209 -11.136289
26.251425 8.998595
-34.237123 -8.106133
-30.049562 35.525124
24.411002 6.931727
44.484599 -19.434247
-40.893786 31.833291
-30.008552 19.910416
-39.467556 20.625862
-32.379147 27.194728
37.74046 -33.340146
48.412765 -23.209419
-31.669498 25.962345
-31.482647 35.098381
-26.81735 30.841134
-20.97068 -23.033002
10.640774 5.510403
32.143297 -25.678206
17.526925 8.149067
11.245557 -1.405667
55.130674 -24.893175
-35.521289 39.384986
-35.969532 29.958117
-26.777896 -6.50766
24.357229 -1.182644
26.450173 -29.113242
40.926879 -31.682133
-25.006826 -25.990869
22.540404 -10.023601
-31.463447 28.712061
36.209505 -33.125179
-27.131958 -30.309677
33.084188 -27.242529
35.138426 -31.408988
31.003089 -1.54458
39.699967 -23.45051
-39.639117 23.883959
32.125285 -0.300605
-23.512785 29.177699
-33.653938 42.946712
-20.301251 -9.230772
-35.314863 31.836762
-23.363933 -2.808531
49.932829 -25.790777
47.486215 -30.065104
-18.72448 -18.361996
14.68317 -7.220926
39.715654 -22.050647
-34.619711 -11.838695
25.660292 -8.264387
27.997273 6.482279
37.913488 -32.516587
42.479774 -25.96929
-35.940697 -14.011186
26.713094 9.808533
19.46879 1.819574
45.775057 -21.706477
55.274249 -19.725642
-38.638629 30.278997
-35.779038 26.889032
41.351101 -31.996464
28.122569 -5.816876
-36.407366 36.972886
-30.449148 26.926828
44.810759 -30.04115
48.638604 -14.206697
-34.126235 -2.791922
-21.53782 -11.683173
-26.030414 -19.937789
43.989584 -24.798508
-22.62237 -17.00244
21.298175 13.09919
32.411202 -27.941761
26.206207 -3.415675
-36.619161 31.206252
24.276409 5.18409
19.499496 -7.268464
-34.457654 29.337447
29.169975 -5.640552
33.363435 -13.060175
-23.904468 -0.85354
37.276417 -35.343581
-26.693175 26.50931
35.260948 -12.010672
41.916382 -23.616253
-28.116703 26.206426
-10.252306 -2.763077
-34.821799 -6.158181
42.010403 -13.851962
-15.697075 -22.853582
-27.165154 -12.734379
14.981572 9.371634
17.78256 4.935087
36.065547 -30.494818
