//Synthetic=Synthetic_00894_J60

J=60
MT=1
Vd=5
Vv=1

p: position coordinates = 
0 0
-10.825077 -24.865138
-38.432043 -16.646545
13.262046 34.721771
40.70301 -39.906672
26.406353 -32.938558
-1.579436 -2.921415
-4.470643 9.276793
-14.389999 17.951294
12.243691 42.502245
-48.736944 42.996918
-3.209469 36.103867
13.180199 39.668271
10.004519 11.970325
-21.135719 10.547194
-36.133564 -16.978022
7.08144 38.328185
29.871551 -30.958926
22.17744 11.19319
-50.504686 -33.770008
17.899055 6.665734
-1.775662 9.917716
-10.357889 -30.126577
14.97725 14.259549
-1.244268 9.243639
-19.577531 13.908102
39.279932 14.574675
-8.93201 -27.114808
47.63354 38.775488
-6.711776 12.227382
1.670172 -39.60502
-12.745967 -24.589535
-15.29027 22.666576
-24.692764 -25.548324
-35.456615 5.803806
37.90074 38.561056
37.158957 36.886509
-48.513782 21.723862
-17.051559 14.141181
-0.410469 -37.321594
52.147687 0.35201
-6.505258 -7.157028
-11.219872 25.655842
5.663788 32.792083
35.528918 -38.345733
-6.18848 -38.139555
-19.33649 12.103107
-28.68203 -30.167852
8.193972 33.656388
39.630056 38.157671
-28.80047 -31.623219
18.649709 13.115837
-17.862447 11.642144
39.672325 36.963605
40.004202 38.480197
-47.164186 43.154123
-11.331133 -28.086112
6.346615 32.167859
24.755244 -28.6418
42.397893 12.795639
48.244184 3.226282
