//Synthetic=Synthetic_00764_J30

J=30
MT=20
Vd=2
Vv=1

p: position coordinates = 
0 0
76.302694 18.236099
35.384359 56.363348
79.72143 13.636715
36.967753 49.770048
93.610529 2.320412
75.439293 20.139345
79.140385 4.264445
43.270441 70.508511
54.327356 60.156703
44.930336 63.785814
89.62756 3.848095
77.446866 5.079863
48.282606 65.36224
78.9581 5.46851
48.509205 63.042539
79.828312 8.518441
43.821038 63.260872
34.519029 64.529587
53.985865 58.4292
80.25094 13.260928
87.081375 2.674449
76.840464 12.827734
82.043071 8.868784
74.699537 6.252223
81.602997 14.398441
70.712841 11.121826
74.061199 21.97382
38.712138 58.529168
67.957493 2.020487
76.735801 1.147416
