//Synthetic=Synthetic_01526_J30

J=30
MT=20
Vd=2
Vv=1

p: position coordinates = 
0 0
68.226907 18.482085
56.089701 25.99114
72.593427 22.351035
59.388042 24.739162
52.57169 -41.086221
57.583676 -41.665928
67.422009 11.469232
61.637217 -26.216152
62.800583 16.129538
74.352855 23.782425
65.994794 15.757833
71.969035 18.125802
73.853241 18.228513
61.079471 15.043987
58.379349 -34.19744
58.938106 -36.903064
59.28992 -38.671415
66.246776 6.484806
63.309065 -37.823321
58.489341 -38.069459
56.265333 -41.556402
59.986755 -38.806548
55.814037 -32.128237
44.05628 -33.98287
63.121885 25.614367
52.063113 -37.624742
59.125636 12.404478
65.830561 13.591847
64.706709 15.646665
61.035475 25.214996
