//Synthetic=Synthetic_01175_J30

J=30
MT=20
Vd=2
Vv=1

p: position coordinates = 
0 0
7.584913 -88.031118
13.568599 -65.396621
-65.74997 -75.032397
-51.050621 -73.968878
17.693144 -99.82466
-48.829884 -69.676596
-50.133234 -63.372695
4.212315 -88.534801
-55.07058 -75.746466
-61.246644 -78.390688
-55.705127 -79.778165
-60.766574 -54.240458
-62.79378 -72.793384
1.958495 -74.37021
-52.374061 -77.594681
1.857555 -96.25619
-58.115513 -65.076813
-50.463665 -79.693837
9.956888 -87.076321
11.025451 -91.316594
-49.504386 -79.813585
-72.047541 -75.516773
11.081222 -82.706797
-50.099719 -81.297505
16.242793 -90.525063
-62.81298 -67.424663
-52.336386 -74.258065
-57.087717 -73.586758
9.140402 -97.041913
-57.245427 -74.676781
