//Synthetic=Synthetic_01838_J50

J=50
MT=20
Vd=2
Vv=1

p: position coordinates = 
0 0
26.121149 -78.543613
69.814528 -41.02445
73.423681 -31.301519
60.523569 -17.718673
12.848272 -81.67552
81.621039 -43.923493
14.024508 -76.504793
62.36138 -29.468254
70.067166 -47.200871
9.845358 -72.755605
70.295627 -48.82664
13.550705 -76.529274
69.971728 -31.035251
17.444187 -70.308961
71.156179 -31.189013
0.380877 -76.466377
29.147919 -81.453598
28.167075 -71.847668
80.177244 -32.341822
22.348993 -80.476334
11.629714 -78.588669
73.041742 -34.759067
62.454252 -22.507206
5.991699 -79.416532
22.161706 -70.504867
73.590262 -39.297908
57.057894 -26.309118
19.87303 -72.903599
25.401649 -74.364557
19.186992 -81.999842
17.115299 -66.049524
20.205835 -74.03111
70.540382 -27.241437
61.033851 -39.31391
70.978199 -36.886292
72.766225 -46.443384
55.021845 -33.716822
68.200976 -33.78919
64.749059 -42.709629
19.894982 -74.485042
68.253795 -35.421994
15.176482 -89.601071
21.847358 -67.294113
67.416692 -47.124021
16.270551 -80.901422
76.03244 -29.107732
20.111393 -70.552052
78.796256 -34.416391
67.544263 -32.44982
64.676124 -46.823262
