//Synthetic=Synthetic_00402_J60

J=60
MT=20
Vd=2
Vv=1

p: position coordinates = 
0 0
-67.676556 -6.399573
-69.907997 -22.363458
13.906388 99.382722
-58.627311 -17.590246
-19.693287 60.529995
-25.381133 -42.859021
-61.876527 29.697728
51.064713 -73.774816
-48.897041 16.053519
24.870023 -88.633616
20.590448 52.043299
-66.028136 -41.329325
-53.658064 69.605482
32.876162 34.641627
34.626887 25.109265
-65.062788 -32.237023
-44.532779 -77.826953
26.099555 -45.275501
-67.89792 -21.173981
-20.564811 86.669659
-83.393624 31.576981
60.867536 -37.632306
-41.598503 -48.823733
-29.978217 35.703196
24.010993 -46.072219
-31.495228 -56.387531
27.464036 77.016769
-61.805884 -59.463167
42.955388 -12.154137
33.911017 -81.897627
-79.161252 -29.981775
19.384343 -39.804366
76.413453 -7.446312
26.622292 37.247851
-88.354141 1.621936
34.487812 -56.27067
-96.189009 -17.228388
66.130458 -40.464164
-41.324116 -56.618131
26.679809 -80.114772
-55.321986 -43.219967
-10.155189 -32.82817
62.383312 65.151707
16.908218 -80.127992
-1.132712 -39.181662
-82.48541 -27.454738
-44.374218 -4.695503
30.901757 35.834065
6.12655 39.169322
41.192639 -72.819772
59.368266 -75.086102
49.393416 -73.936782
-20.609187 -39.138052
-67.168629 58.967602
4.171906 57.377637
53.591587 83.929423
48.02415 68.263945
-45.855523 -51.532826
-24.436174 60.898036
34.641353 -74.909529
