//Synthetic=Synthetic_01337_J60

J=60
MT=1
Vd=5
Vv=1

p: position coordinates = 
0 0
-37.884848 44.565413
-33.371707 -3.300032
45.237215 1.513345
-32.639174 -15.610134
-27.21907 44.180463
40.04197 -32.362125
8.652922 33.126059
17.470561 12.566848
11.105566 49.731302
-23.382626 46.210198
-9.957447 -3.377543
-25.446088 45.617732
42.03107 2.706884
46.5612 38.928271
-26.167545 47.101321
37.122668 -6.606164
38.678907 -36.657128
13.257179 -21.433271
37.94374 -35.246662
13.726813 -47.696626
-35.567329 55.226134
-36.114848 51.881524
51.128556 27.86743
5.789839 -4.487864
-14.671241 -43.988942
-26.618588 49.644725
-38.429071 44.256971
-18.591905 9.221143
46.808308 40.634594
39.241914 -34.169973
-32.687106 -4.799098
-28.828101 -8.070313
-5.553881 28.50761
10.368129 -10.835604
-34.942708 55.690693
35.982504 2.357647
-26.310707 30.113461
-42.507874 -41.696427
6.19189 45.323591
13.046576 -17.262008
10.325721 14.025878
49.337215 25.894739
7.899924 -22.751341
16.865934 38.090281
35.579977 -34.557652
-35.187756 44.823361
-19.965354 -49.226931
32.851398 11.103437
-35.025661 30.886504
11.753332 39.017762
-9.23207 -2.40618
-25.004883 -34.028343
20.470118 -49.226851
35.223143 9.202275
-37.854252 45.212651
37.323099 -2.430866
39.984326 -2.536953
-4.421061 -40.84711
12.491848 37.525239
6.518989 32.441811
