//Synthetic=Synthetic_01161_J100

J=100
MT=20
Vd=2
Vv=1

p: position coordinates = 
0 0
-12.0758 22.658248
12.473379 7.527825
5.616194 24.08862
-9.979383 21.771011
14.058592 23.002139
24.143456 53.169643
21.179339 26.230937
-10.286622 23.026798
-8.378443 22.782571
-12.157056 25.679267
14.741124 13.04367
-15.162639 28.63918
20.51572 42.408939
-51.4847 15.05359
-15.837588 20.512984
-50.342198 20.910497
-52.162215 27.561139
-4.401716 34.083684
16.375666 16.899439
-13.993115 8.793907
-2.274387 26.570951
-15.968168 34.845781
3.602041 21.416501
17.662577 17.61324
20.970356 50.261544
28.151026 47.982915
-53.295486 18.543862
12.715741 20.97258
23.937835 10.01814
24.805615 50.412341
-0.784368 28.889276
-6.775807 37.005086
18.195748 7.403039
4.531073 19.994734
30.53755 54.019944
18.728104 40.639752
17.095657 45.987391
14.241605 23.887716
-10.482001 21.153561
6.663906 -0.259706
-53.985121 8.737624
24.858501 52.892415
25.816876 23.67292
10.328376 16.893832
30.578784 49.524847
-53.502349 29.825024
24.577624 21.602262
-16.360029 20.720154
-48.468029 25.437479
26.540211 32.398068
-17.344761 28.517902
21.095163 46.320711
-6.385698 23.518427
-50.144557 17.715817
14.306304 15.564945
23.967916 15.767835
-5.513563 31.597691
22.106729 58.929035
-24.667291 13.022752
-52.516403 32.668412
11.21963 21.655364
31.950793 50.644344
26.4401 46.147509
27.293561 47.806198
25.605447 49.324952
-54.616013 5.677456
16.691832 21.292399
-55.153122 15.56092
-24.273712 25.192383
-52.927393 18.363586
-16.507831 28.617298
-52.844673 28.008176
-42.519399 16.883352
20.345883 19.074852
2.903144 19.928487
15.05662 13.657791
-0.070195 31.19478
-47.385367 22.063839
1.173243 16.889089
26.30636 50.43611
-49.515821 10.580048
-57.796627 19.152216
-46.578087 26.948986
17.752844 15.066053
20.856463 53.301221
28.776943 50.757611
15.14746 18.370827
-14.179588 29.984375
-51.784812 5.351771
26.2853 59.259721
-46.536082 23.009564
27.034369 52.49846
-0.738461 23.795852
-51.559433 18.655827
-14.862223 23.931711
-60.254395 25.926648
-41.06523 18.292164
17.516577 7.636887
-43.940488 20.890191
-46.480688 13.798126
