//Synthetic=Synthetic_00725_J30

J=30
MT=20
Vd=2
Vv=1

p: position coordinates = 
0 0
44.26254 -40.59968
-68.460869 -41.989301
-51.134007 -40.03982
-39.903669 -42.468021
21.21791 -50.268635
54.181003 -31.795868
19.456762 -42.431393
-59.456154 -37.366288
43.69894 -28.752273
47.626888 -19.253207
-57.489248 -39.810318
26.31051 -48.943623
30.962469 -46.114559
41.183468 -43.096572
43.251428 -35.87893
39.098483 -49.770786
-46.860341 -40.060577
61.759202 -29.431372
-50.473581 -55.574993
55.112685 -25.091596
-37.400013 -37.352939
54.384388 -32.96094
27.325725 -37.005564
27.638184 -29.698474
33.507229 -34.316228
34.317866 -45.841009
-60.301337 -50.878278
31.801282 -34.254105
54.828664 -32.899555
-58.587612 -38.588365
