//Synthetic=Synthetic_01671_J40

J=40
MT=1
Vd=5
Vv=1

p: position coordinates = 
0 0
-17.309147 -46.668502
-28.310088 -18.995731
-27.616358 16.467032
-16.509536 -35.814321
9.191414 14.276367
-4.280648 28.779805
-14.291714 4.950902
-11.847194 -3.652182
-5.95598 -19.374884
-23.113862 -36.270661
-31.982024 -6.774295
-4.6082 -8.589117
-17.387547 6.924238
9.113874 -15.150051
-12.076692 -56.466
16.455112 -31.279877
-49.371347 3.057901
-8.254862 -47.829554
-16.670136 6.663642
-24.412178 6.181124
32.907036 9.653914
16.594807 15.285154
-5.676326 26.097707
-42.181266 13.641003
-23.082964 -4.93113
-25.74485 -9.200748
-10.93842 39.630621
-23.247711 -36.537221
22.208081 -31.601198
-21.604232 13.428123
-15.590425 35.741653
-39.403238 -11.277396
17.916017 38.026027
-33.907209 -13.75706
-12.256497 23.39849
8.100889 3.461178
28.128601 15.871661
-48.257942 9.273874
27.476499 -25.567807
52.205697 -11.875418
