//Synthetic=Synthetic_01244_J60

J=60
MT=20
Vd=2
Vv=1

p: position coordinates = 
0 0
51.410817 54.458751
-27.932706 59.454836
-19.492644 80.364042
-1.836311 77.715078
46.385446 51.972945
50.794416 69.272233
-6.245734 72.909884
-6.299419 60.633745
58.701105 59.996389
-13.18658 83.391987
-20.959625 66.935377
44.20721 43.700952
53.285814 68.066184
-6.92747 75.913895
-12.614888 83.841011
-23.690301 64.388959
-21.761716 76.4575
-5.245131 76.447524
48.377693 53.756016
-28.343887 70.099682
51.916587 65.074363
-21.046656 63.809473
-23.83625 64.205036
59.607375 60.947399
-21.307469 61.44884
49.242089 63.407645
55.828785 66.857519
44.957663 64.951625
-13.002726 69.087259
-16.9379 63.064236
48.722781 66.218838
-14.205229 80.363349
-9.034223 80.965956
61.562083 64.753088
55.61445 68.01044
-25.347462 85.500702
-8.60653 76.666057
-13.487667 74.224997
-15.010449 76.594884
53.067771 66.616248
-12.038918 63.800423
-19.186416 82.373252
-11.034466 79.637041
-20.240235 81.334485
-16.113365 63.140107
-8.928109 62.339116
-20.18728 68.352879
-20.556285 87.929314
-5.709134 65.455032
-13.969416 72.638625
55.315302 60.638376
41.228996 50.503909
-5.758869 79.624394
-27.58621 65.964271
49.30903 44.233657
-11.943245 68.17454
51.882845 59.382936
-13.106242 82.300241
-19.736826 73.641637
-13.281331 82.14912
