//Synthetic=Synthetic_00269_J80

J=80
MT=20
Vd=2
Vv=1

p: position coordinates = 
0 0
5.050518 13.741073
43.453473 -55.221767
13.111393 12.032744
4.375587 -47.993492
22.430786 -19.995808
22.778724 -2.529946
32.474572 -7.210452
37.045343 -16.032052
41.681022 -44.396789
-7.660359 -67.401068
44.41304 -46.274814
-12.989345 -16.313279
7.881179 -49.24689
50.201585 -10.239217
4.638801 8.975816
44.476274 1.270316
15.173397 -11.05305
8.386662 -41.279162
-9.273243 -29.225487
-9.02051 -53.021225
47.992581 -15.61482
42.949107 -53.869701
25.722794 -24.524073
61.95395 -32.813074
-12.217642 -53.088612
-18.783207 -62.364589
19.273602 -65.996077
-19.478362 -40.074831
1.121687 -22.012892
41.686867 -16.524713
23.585568 -1.950079
12.914056 9.408587
7.736506 -29.561985
38.288703 -55.174501
1.593856 16.88587
16.362416 -41.121673
-3.700268 0.313063
46.09876 -14.559052
42.163274 -34.401694
-8.854101 -21.728395
54.305307 -28.288159
48.540931 -55.243105
7.217205 -58.393393
34.917781 -17.247556
33.548811 -30.385185
-7.697666 -34.618361
18.526273 -45.086972
40.586354 3.870557
9.678861 -8.453008
-5.113286 -50.305147
47.1613 -26.506824
25.342592 4.343579
45.837038 4.053552
25.620976 0.40941
1.516851 -38.368988
12.281832 -55.873987
21.684862 -61.333246
40.64012 -42.463745
15.137947 -27.583702
32.446307 -38.749739
-19.763796 -28.816941
3.076114 15.279685
15.589375 -28.646631
27.968147 -19.998187
64.902489 4.549975
63.526973 -69.246712
25.113069 -69.856023
60.435125 -18.198469
-13.226016 -12.648505
61.237253 -57.665449
-20.882657 5.422904
4.759072 -26.88718
1.14618 -7.144699
15.688573 -28.634388
-0.851403 -9.389874
-3.411412 -8.339076
9.582616 -46.562375
53.526758 -42.238018
61.585743 -41.927689
-2.907905 -57.987176
