//Synthetic=Synthetic_00458_J30

J=30
MT=20
Vd=2
Vv=1

p: position coordinates = 
0 0
-66.917387 -7.057737
-58.506173 48.23527
-67.38157 -15.160784
-69.214775 36.15738
-61.348933 49.752192
-64.568278 38.629965
-67.934575 -16.826987
-47.865972 33.205361
-77.879487 -10.366555
-68.291633 -17.391862
-73.951124 -19.0382
-70.875181 -5.407032
-56.393996 46.646206
-75.043251 -10.332919
-66.5721 40.007647
-80.988909 -15.619156
-80.99958 -5.301854
-71.63442 39.387106
-82.545721 -17.602827
-70.161234 -11.782627
-66.147177 52.729694
-84.611397 -4.807993
-74.517138 -10.278333
-67.056379 50.990292
-79.790377 -17.86857
-84.994136 -12.353908
-80.076011 -10.679633
-69.512549 -19.382829
-59.828288 48.100336
-67.145427 -14.221754
