//Synthetic=Synthetic_01918_J50

J=50
MT=20
Vd=2
Vv=1

p: position coordinates = 
0 0
-50.103183 -24.560688
-46.171051 -20.129849
20.645093 -74.206266
0.918254 -29.488703
17.152447 -41.169526
4.210957 -38.73217
-39.923298 56.696835
-13.236365 -22.301848
-1.381117 -44.006501
-4.09607 -35.373769
-42.373456 76.496187
-2.903044 -28.554106
-53.203321 -25.61702
-2.373941 -21.909127
27.171437 -91.48479
-44.048915 -21.058146
14.581883 -82.076695
2.196168 -30.876048
-50.03596 -14.085056
-40.328864 -26.349308
6.795754 -33.297125
3.830174 -54.327329
24.796224 -72.709364
-49.038018 -22.837301
-53.533145 -20.905934
-59.318274 -26.390854
-45.392379 -14.63303
3.747784 -18.315895
-47.794017 -10.943976
-40.112888 -17.357506
-54.069715 73.417619
-6.424301 -46.243004
-0.710413 -31.193287
45.626643 -74.613122
6.4167 -25.480651
-16.296807 -23.557368
27.994525 -80.924199
-42.505205 -22.376344
5.13676 -75.290937
12.652685 -25.258668
-51.880982 -15.177377
8.361654 -71.341463
9.301818 -68.460144
-53.404806 -16.324511
-53.814781 55.87241
-52.2664 76.953365
-42.743205 59.582328
-36.55955 50.691905
0.747616 -53.121062
11.191664 -76.626683
