//Synthetic=Synthetic_01538_J20

J=20
MT=20
Vd=2
Vv=1

p: position coordinates = 
0 0
-82.618014 -11.451014
-64.262364 -66.249317
-72.51874 9.0269
-75.455811 6.329685
-83.813111 8.172448
-76.62602 13.591516
-53.116154 -60.280241
-85.163687 -4.446685
-85.599557 13.406729
-82.864999 9.723515
-87.015802 0.493489
-63.020722 -68.26011
-64.490685 -53.112862
-49.345313 -68.377344
-78.188812 9.09206
-75.845207 4.596911
-71.438786 -64.26286
-46.434736 -51.060586
-78.425871 8.952797
-57.124718 -67.806602
