//Synthetic=Synthetic_01344_J100

J=100
MT=20
Vd=2
Vv=1

p: position coordinates = 
0 0
-46.178586 9.717299
10.120228 19.624111
-18.062926 -41.000943
-55.159206 -3.248763
-8.337754 30.382631
-9.736839 -44.306733
-76.490229 -11.274936
-30.227698 -6.5469
-47.864688 -13.061867
-49.263741 40.957643
-15.310373 -37.068871
12.956283 35.324358
-34.112611 42.288668
-36.849599 36.763138
18.301435 43.834971
-14.341399 -14.955039
-37.81278 43.483954
-0.20192 40.915652
-40.473507 38.345912
-35.016124 38.363968
-75.928835 -11.57165
-34.090098 27.827321
-11.334641 -8.1086
-12.92182 -49.036897
19.712633 27.109393
-11.743497 -24.599494
-43.990281 34.177414
-22.026681 7.453794
-53.128015 -4.108658
4.374883 39.170741
-29.484685 15.096027
-34.471307 -6.408161
-8.304124 -34.379552
-56.280438 -8.972569
-75.149014 1.310729
-19.034778 -8.188982
-9.005721 -36.566633
-42.288787 52.057741
-38.152368 34.27046
-2.712687 21.097931
-16.973723 -31.802951
-34.856861 38.988113
-51.481315 38.454264
-23.192355 -11.109748
-58.193948 2.589078
6.56571 40.326916
-46.584519 31.966212
-58.810347 -20.799902
-37.287539 -20.011704
-58.245708 -7.611089
-12.286006 -34.549454
-30.046801 -6.474422
-23.693431 3.942628
-41.773888 39.675474
-19.233027 -16.765413
-9.696138 -38.625462
7.267285 53.695251
-8.79096 -30.380919
-24.136952 -31.403448
-17.863272 -15.389001
-9.577146 -38.006371
-52.062712 -10.833942
-25.994636 -4.560616
-3.725535 -30.740686
11.38247 29.074677
-65.491182 -13.903841
5.75637 32.076284
-61.470072 38.328936
8.129612 27.485783
11.523095 23.679299
-25.44932 -15.784892
-73.848329 -2.629454
-74.161228 -10.0927
-70.992904 -11.287498
21.826607 44.944372
-57.170099 -14.079046
-30.23831 -21.304117
-3.451426 -27.397975
17.80195 36.646245
12.784002 39.375737
-10.086517 -42.053876
-57.250967 -25.72356
-21.616458 -0.940169
-43.864052 45.061392
-11.922829 -38.950728
-12.444727 -26.889734
-33.13122 0.797696
-62.835691 1.177116
-21.685164 -49.359946
-72.813491 0.158386
-4.862299 -45.357134
-56.049687 52.854531
-24.207639 -15.090808
-51.434952 35.868299
9.433164 30.7635
17.422178 18.206857
-9.937718 -32.055584
-43.002583 38.943126
3.369987 30.800733
-63.249568 -8.527304
