//Synthetic=Synthetic_00127_J40

J=40
MT=1
Vd=5
Vv=1

p: position coordinates = 
0 0
7.328302 -12.522995
-24.546843 26.388997
50.353662 0.827266
21.33319 -0.086236
-25.500943 27.242341
13.662017 -6.873691
21.894836 -2.673395
-32.330243 15.899347
-25.551371 14.996708
-32.454576 24.429979
17.894425 -1.077319
13.526328 -4.48926
39.949505 2.033481
43.982033 3.200719
15.374796 -2.674188
49.296741 5.33016
44.062851 11.254763
61.623133 1.775158
-23.488366 22.706256
56.321009 10.992303
-25.552042 12.42959
20.148022 -9.671408
58.670205 17.157073
22.28522 -8.786234
-31.840371 17.093882
47.091705 14.875909
-24.914356 9.428333
47.651066 16.045941
-21.077161 18.371495
16.860035 -7.688426
-31.21326 10.062062
27.672643 -5.008734
60.457203 4.041182
38.037602 6.058811
22.465518 -2.047056
-12.530169 20.939439
-18.02603 13.564895
19.779515 -6.075894
10.604371 -7.32909
50.439643 16.63542
