//Synthetic=Synthetic_00233_J20

J=20
MT=20
Vd=2
Vv=1

p: position coordinates = 
0 0
-2.95881 82.692838
47.660713 -55.634163
91.388709 3.978864
-67.876352 -22.168811
-81.793741 -31.738895
-7.640969 -42.975406
4.177011 49.952895
-9.787949 48.564504
46.120291 -84.165901
72.670144 -17.533207
-29.605612 -82.941652
38.883796 83.960064
-53.348795 -39.912808
-79.307405 -3.039453
-51.252062 -38.177156
-30.476531 83.119899
42.104333 -66.392681
-42.698897 -9.969621
-30.024486 54.922014
-54.811248 7.052304
