//Synthetic=Synthetic_01740_J100

J=100
MT=20
Vd=2
Vv=1

p: position coordinates = 
0 0
72.367346 -37.59161
75.660339 -38.254933
-110.619425 -18.942152
64.174921 79.674801
7.184613 -80.369984
104.368085 -8.593346
-115.418258 -9.517039
-79.247996 -26.571919
33.634161 -61.058231
-59.535691 86.976152
44.424383 48.988666
-59.670654 -14.47871
21.331243 91.92639
-51.193452 27.88106
-70.099207 -70.077559
-63.045451 -78.880365
61.680033 79.227209
80.102116 -55.351333
19.912373 -31.7802
36.220128 95.361961
11.977479 99.695597
-36.478863 -59.557003
46.622644 38.727882
-103.97284 -35.767201
19.682791 64.448961
-97.839475 -11.977305
101.476804 1.663371
-48.412953 30.069196
-44.300911 42.665488
49.35755 -10.511318
-30.598002 39.783512
-103.07894 47.40974
-96.5606 46.423197
60.327413 -11.834855
-85.839185 -67.881686
10.62954 46.863424
-107.083369 -5.52541
-22.434235 -42.304723
-10.160635 97.7046
-70.074507 4.464047
44.149172 77.013694
-109.764354 -32.664236
-53.046494 14.10513
-106.766397 -33.510601
-90.64781 16.33377
-6.322019 49.145715
101.394392 51.635028
-41.742428 -55.470335
-75.664167 39.045068
-93.263863 63.119212
43.070407 -12.465296
-32.155948 64.413553
-56.082874 -69.376824
52.207411 -81.32779
44.677637 29.110033
12.075318 -49.964008
-36.972789 -41.210384
36.848194 25.718271
-33.320776 41.92211
22.4571 -62.600766
-78.558582 -36.183801
-8.427461 46.227463
-10.939667 -84.804133
-40.317171 -96.45059
-60.288992 2.398071
-2.594791 -46.004221
55.676275 43.351977
42.633097 27.23802
32.652876 36.577396
-111.458535 32.084832
-80.942001 19.725235
43.812073 -56.722584
-117.550071 -11.487748
-38.43874 34.415671
-54.300717 35.869528
-63.102767 20.304503
100.25635 28.380058
62.739528 -60.222362
50.337938 44.755712
-66.2997 -69.90445
117.250408 -4.232657
54.117708 -50.516304
-23.352889 -46.090244
111.834827 -22.474601
91.241942 -63.095966
62.385456 -77.397086
49.10114 -96.028085
66.214173 73.279166
104.932406 -6.295902
-4.031261 48.276523
15.434631 59.137319
-92.294537 -19.363513
-62.184527 78.176315
-42.556691 77.594196
55.761898 20.276658
-100.861873 -7.658262
53.723547 36.556399
100.482841 18.961092
46.503608 9.505535
-98.473704 -29.710633
