//Synthetic=Synthetic_01973_J80

J=80
MT=20
Vd=2
Vv=1

p: position coordinates = 
0 0
-28.285049 77.484084
-30.970622 70.444375
-23.821701 82.878233
-87.134278 31.258178
-16.302264 82.130936
-35.789548 73.875922
-80.359082 40.655935
-65.075926 36.708149
-76.152552 33.150049
-78.441573 33.632495
-68.025792 26.4733
-61.172615 32.659722
-26.161406 67.127047
-27.487658 63.183276
-72.822502 35.776172
-8.216886 63.865149
-79.56132 38.07649
-76.809671 32.38076
-78.662342 47.190473
-12.257405 80.680482
-80.743201 34.424255
-85.717206 37.15151
-79.681698 40.002472
-15.656623 73.314066
-73.347304 29.78275
-5.296557 61.228384
-14.345372 57.992788
-13.828091 54.878984
-81.413636 39.739697
-78.584497 40.961701
-31.023493 76.227655
-24.557039 73.693045
-33.133208 70.39585
-65.821596 35.077276
-13.911487 73.189215
-11.361063 65.501249
-85.915916 35.133677
-18.430354 71.677361
-20.430932 81.183138
-71.213544 35.017015
-88.489424 36.939335
-85.30165 30.493891
-77.544477 32.488577
-26.188963 72.734326
-85.189629 25.470494
-82.561622 42.716387
-24.139204 71.751032
-19.95857 77.340136
-81.916078 38.390498
-16.568863 63.346608
-15.377747 77.815197
-17.004467 83.514518
-72.65434 35.024635
-18.108363 63.281254
-19.862107 65.941868
-19.436439 78.043371
-65.212887 32.720602
-15.833383 68.300077
-3.04583 68.484986
-26.696543 85.893427
-38.940526 77.079086
-15.830649 77.552022
-17.61612 78.206304
-22.567836 66.46759
-29.026939 74.570113
-73.715925 36.201921
-77.526319 42.342663
-16.270064 81.93637
-77.194043 38.755683
-73.539925 23.885679
-70.384656 35.000983
-66.16622 27.573225
-71.270066 37.852944
-76.90733 40.589808
-18.285325 69.85068
-21.222206 73.518955
-20.06382 68.337175
-77.631251 42.26867
-71.846958 31.752939
-81.76119 28.006604
