//Synthetic=Synthetic_00428_J30

J=30
MT=20
Vd=2
Vv=1

p: position coordinates = 
0 0
50.554716 -16.643912
-24.461836 -23.033436
-40.024607 -57.909989
-66.355951 -17.518095
-63.309018 -53.492246
14.168665 31.649743
-0.647359 -77.385314
69.203388 11.488798
-60.191856 -23.966264
64.886103 28.981786
-59.253471 -14.713257
31.823844 21.570308
32.584304 -67.703468
-61.025668 -59.845718
38.459816 -16.666946
41.814488 -8.920811
-67.512486 34.378278
-17.137879 29.427725
-66.633132 0.501449
-37.20598 -18.280209
-39.574708 -55.899158
16.287618 -69.543788
-27.656115 54.948345
-67.879704 3.75369
17.171834 -31.072123
-32.360094 1.037619
29.039388 32.98369
-37.275357 8.735085
-18.837535 -35.808127
-33.530763 -27.554608
