//Synthetic=Synthetic_00720_J40

J=40
MT=1
Vd=5
Vv=1

p: position coordinates = 
0 0
-16.277448 -20.644773
-27.112117 -14.431758
-28.028623 -10.51146
-36.513689 -32.960747
-28.440392 -32.436377
-27.544045 -7.845711
-16.783183 -24.248855
-26.591839 -35.933771
-21.2022 -22.35649
-22.681294 -12.07442
-26.287308 -27.150622
-34.95457 -26.001574
-35.993393 -5.035183
-18.495178 -19.663971
-25.935676 -35.314246
-22.011457 -19.83519
-33.420763 -28.845016
-29.253265 -26.418064
-25.521839 -34.582626
-24.626512 -27.9386
-34.187482 -17.083251
-21.951418 -32.848504
-21.934547 -22.018486
-16.089919 -17.241357
-24.681215 -19.140032
-16.444969 -21.591858
-31.88967 -31.397307
-23.912809 -19.678872
-20.808662 -12.882798
-32.321675 -32.222912
-7.461874 -26.481279
-29.883489 -9.905614
-24.054943 -19.421041
-13.978811 -24.227941
-27.30099 -28.386921
-18.631899 -33.135607
-35.991511 -18.864277
-24.327098 -8.019835
-37.217892 -32.599943
-29.563714 -7.024374
