//Synthetic=Synthetic_00128_J40

J=40
MT=1
Vd=5
Vv=1

p: position coordinates = 
0 0
29.511239 -35.902974
17.037755 -2.554193
-11.482971 9.742493
54.017523 -10.838894
8.35278 15.258573
-36.947791 12.727224
-29.9517 11.032365
23.262005 -8.953777
3.050738 -30.663468
-19.184702 -53.049095
-50.514428 7.487325
-34.32618 -17.140687
-54.689158 16.095801
-51.333955 21.529207
31.101777 -10.747174
24.555428 -1.960104
0.867374 26.136926
-27.948822 38.803688
-39.666748 -21.466878
-8.772036 -36.118257
-11.395837 2.624614
33.527433 6.109134
27.583901 34.96026
32.270242 -3.394685
26.562732 -12.550595
6.268737 17.349685
-32.107704 -17.145677
43.350237 -2.763282
12.285342 13.234357
26.643693 22.980314
14.786846 39.234278
38.403773 -25.318271
10.778255 -0.659349
-6.095047 -16.780092
-29.503541 20.447265
-44.859363 8.928335
14.518507 58.704088
14.248667 23.427855
-43.297729 12.22475
-12.801376 -52.740601
