//Synthetic=Synthetic_01112_J40

J=40
MT=1
Vd=5
Vv=1

p: position coordinates = 
0 0
-28.14414 -1.371291
-39.545144 1.270271
12.044049 -16.650525
-1.979051 40.387434
44.145276 31.53865
-44.031158 31.81803
33.988623 -23.66292
30.48722 35.910999
0.020358 -32.808631
11.399967 -37.710273
12.639 -1.969333
-0.061562 7.927267
42.750783 55.163381
-5.565893 12.038898
40.1962 0.330126
-2.208651 -47.92415
-1.554364 39.076013
-32.965063 -37.245804
38.006807 -41.839859
14.883655 -14.270364
-4.220448 29.816035
-4.882748 -7.134763
21.449247 0.707606
-12.030131 -15.404916
-35.451949 -20.538348
42.268284 33.088871
-33.66949 9.610068
-12.146407 -35.83494
-25.089951 38.781256
-34.807203 -30.932979
-41.380751 -20.107693
2.921845 -25.974912
-43.96598 10.621421
-22.196174 -39.337482
-24.798294 38.906294
33.402939 -30.493979
-12.284178 0.828611
-43.668945 30.445995
-32.452015 -4.476967
-15.776337 -30.554581
