//Synthetic=Synthetic_00451_J40

J=40
MT=1
Vd=5
Vv=1

p: position coordinates = 
0 0
40.561944 -30.858221
-16.274856 -9.892276
-1.05044 -41.222787
-5.097319 36.136539
49.601148 27.419642
-46.499828 7.029189
-24.694993 -34.610858
-7.518597 -5.247097
43.004716 29.103329
-0.048443 4.949074
-48.503095 8.250975
-24.860315 -31.336604
22.274452 -0.488027
44.399204 -36.883902
-45.112532 1.785751
-24.808422 37.489868
-3.790713 -28.310899
-44.768978 27.804654
45.134231 45.898315
-46.322097 23.35594
-35.419081 2.438914
-40.077835 -18.413422
-43.173626 -31.042746
-30.783891 -32.341963
-28.851448 36.648217
-0.747931 -26.276364
-10.392802 1.490688
-36.467912 -5.830363
30.652391 31.24607
-3.068307 35.05042
-3.663486 25.493718
4.937621 -25.666198
-4.613224 13.652892
38.259121 -22.951118
40.388215 4.24528
14.932251 -33.583384
12.553343 -9.633073
12.890345 -15.837688
11.255004 -1.846417
-37.27303 -16.152593
