//Synthetic=Synthetic_00380_J80

J=80
MT=20
Vd=2
Vv=1

p: position coordinates = 
0 0
2.292987 82.727117
5.407264 76.077891
11.34668 79.864005
52.383119 47.877625
-1.402952 71.827597
52.055628 51.011219
55.742204 49.424198
6.225026 81.58065
8.671113 69.563452
55.985183 57.340748
8.212442 72.253947
53.395216 54.517439
5.321703 82.791649
6.31763 71.473521
8.565206 73.653898
64.034337 46.626063
58.976307 45.42642
4.898591 79.859864
60.539736 43.961765
69.519557 47.183486
7.659085 86.021253
12.814169 86.95667
-3.326975 78.209752
56.1946 48.914091
49.560795 42.006671
67.662405 47.197047
1.680441 88.572815
3.509544 75.072012
5.947921 78.580721
8.137134 70.052478
4.487806 80.642038
12.312569 74.985572
-3.805811 90.126154
0.499546 68.017232
5.322659 75.321046
2.84473 60.147443
9.977747 73.840803
60.117328 39.182633
47.956197 32.029033
2.449991 81.064695
61.956075 49.006782
59.018588 57.253252
63.272989 44.225358
12.268092 76.939986
4.952809 80.495918
12.634594 83.236225
1.080483 74.109102
6.460631 71.59983
52.823624 44.866445
1.996148 80.853004
1.673026 75.465254
2.856986 74.152103
3.977809 82.947495
0.650469 65.038337
7.059158 75.674675
10.396775 76.503745
56.039667 55.853933
1.97991 76.791538
12.700654 74.181719
55.6809 28.320834
57.088642 31.658471
-0.74771 85.005141
4.915559 75.274366
58.375586 49.702022
62.000479 42.012795
50.898008 42.048654
10.419728 68.671208
0.404851 79.331609
51.746906 41.114555
9.857831 84.149954
4.130359 80.419963
56.397364 31.657331
13.65067 71.765848
-7.113895 89.114146
6.232277 71.355794
1.564659 77.524342
12.472751 62.611042
-2.885386 90.838522
13.172889 63.007073
-1.440484 89.095011
