//Synthetic=Synthetic_00692_J50

J=50
MT=20
Vd=2
Vv=1

p: position coordinates = 
0 0
37.118664 -9.070486
28.692927 -47.076297
13.973866 -43.386694
-21.729374 -23.845732
0.92971 -1.867155
33.580598 -98.077836
13.16819 -102.933398
-3.642313 -74.942207
19.627694 -67.006361
-19.345471 -15.639297
-8.893119 -65.774459
13.881751 -82.369179
-25.745045 -8.168239
-4.722543 -49.764298
-13.269918 -46.889091
-6.284051 -40.444574
-34.755339 -66.962972
16.890848 -46.810853
36.510681 -90.21928
35.724194 -60.1708
23.099443 -2.651511
-14.102198 -76.963048
25.988405 -49.998332
-32.759559 -96.750882
29.079066 -54.085607
28.299013 -92.124835
1.039321 -86.280346
22.140417 -26.892929
-3.464935 -55.930088
0.685151 -21.687743
6.903148 0.29494
-2.131231 -5.590158
-20.486722 -87.519593
12.75793 -24.604169
-33.591011 -31.339843
-19.881127 -57.108367
-36.282086 -48.299406
30.625761 -42.261298
34.891991 -63.002697
-20.245165 -65.927211
-21.11294 -22.790294
18.619863 -97.446648
14.063338 -98.179819
-2.475107 -45.07606
21.945245 -82.284345
-23.092986 -57.551773
-6.611897 -81.273046
30.383597 -10.492939
18.952461 -80.628274
21.345591 -89.04659
