//Synthetic=Synthetic_01214_J60

J=60
MT=20
Vd=2
Vv=1

p: position coordinates = 
0 0
-57.364856 -41.891202
5.44825 23.836
12.597407 20.424405
-56.376505 -43.060968
-53.794743 -29.475201
-48.29648 -33.552195
13.142849 33.474976
13.628031 30.519287
19.954528 39.006657
23.897436 31.515999
-46.138984 -24.027074
-65.540675 -30.944516
-61.47925 -37.058933
11.560397 21.792125
-54.974266 -36.911013
24.646496 42.081609
19.622199 43.471274
6.961634 34.728998
25.17656 34.168625
-62.659271 -30.825085
-34.66804 -33.071408
6.268817 26.854707
-48.302636 -34.618343
15.388074 35.993113
19.853614 35.396385
-54.931274 -47.254967
24.049469 28.110008
-47.180865 -28.025763
21.879746 28.766613
-37.062797 -21.228958
-57.052766 -34.81487
20.820989 39.070744
11.745285 47.461852
17.72208 42.245385
11.272682 48.075754
-61.942495 -36.949298
15.625142 19.66781
-62.466363 -37.801709
-57.241912 -32.773712
-55.247485 -24.42648
9.912986 34.104103
-58.043594 -43.13357
-54.654407 -36.227494
6.910133 35.483667
21.187203 32.976314
19.688677 42.39678
13.417559 34.335283
-55.003272 -35.442865
-56.144407 -29.364558
-54.434056 -26.868111
-56.238323 -36.033926
-46.228514 -39.815358
34.870299 32.735037
-51.957499 -31.058622
-46.94997 -27.443131
28.104024 33.29068
-57.966949 -50.321332
-49.209199 -24.571804
-56.909719 -28.538926
-63.298956 -36.92166
