//Synthetic=Synthetic_00070_J60

J=60
MT=20
Vd=2
Vv=1

p: position coordinates = 
0 0
58.707113 19.010821
30.063255 74.708129
65.452943 25.579671
33.448278 70.593014
62.866964 21.571171
63.202969 30.747242
75.347659 33.054296
19.101659 65.066062
29.364773 71.312607
20.338181 54.885278
21.979337 64.75992
27.104993 72.109992
77.135898 18.682247
13.933353 74.017365
17.812481 67.815728
70.069247 27.226873
38.169602 72.294548
24.245591 55.980825
67.716946 21.975074
62.71931 28.39153
24.302401 71.4156
25.061415 81.795104
70.062755 24.086015
19.073075 63.618302
23.58443 85.257876
79.587118 27.298081
28.495473 68.806237
17.374706 68.130792
76.825031 16.492684
80.591566 20.731453
64.259267 23.048664
24.188294 62.681361
64.97964 22.09825
26.324569 88.001184
68.511475 28.131922
25.761826 70.458438
62.044096 24.497088
22.706625 71.264263
23.875357 73.558146
68.160757 27.8544
69.666287 38.61294
34.818671 77.563634
37.089036 70.205456
71.801173 23.663628
69.334086 20.386953
31.605002 74.494609
32.39858 74.506758
29.209739 72.61116
66.847829 12.385574
19.549542 59.085757
73.445676 34.023137
29.160005 70.271285
79.969899 22.379819
33.671069 75.794967
23.239424 67.196777
73.740186 21.113069
67.515843 28.312591
19.993972 64.0301
35.677024 76.789654
76.821114 22.646626
