//Synthetic=Synthetic_01230_J80

J=80
MT=20
Vd=2
Vv=1

p: position coordinates = 
0 0
66.818769 -15.984479
57.440311 20.911923
93.910224 33.00364
-14.758156 18.277253
37.280503 67.895847
63.942758 -14.870785
51.935477 -40.893583
60.660036 29.031318
-14.081998 4.537596
22.560173 20.84643
45.417755 19.829539
69.611148 17.120107
81.571162 9.756505
48.418805 -15.563135
58.681716 16.362899
1.842286 13.888826
27.834995 51.101409
52.622652 -24.829738
80.270011 17.140854
36.757807 4.185421
47.803817 -20.481443
11.446741 4.953421
1.912281 6.981715
57.391134 -26.629106
81.303893 35.245318
1.970672 17.362302
45.847403 -11.579827
37.20571 65.091835
89.888079 19.116296
-18.135375 -4.381246
18.019426 14.730721
73.633448 3.874953
63.735479 22.813815
15.723576 17.742809
15.029209 5.942815
39.456826 -29.665553
34.534976 -8.301447
-19.862434 -1.098444
-19.439936 22.640827
49.621993 43.194049
-14.899575 -6.876353
-21.121329 10.397773
-12.594029 -0.697821
43.888278 41.236884
47.049723 -19.264002
46.101985 29.407025
9.756748 -9.979561
4.785312 49.267576
54.452325 4.863888
60.826225 14.175459
42.303571 -16.562475
32.574062 62.347454
50.341982 40.23748
96.559157 16.014608
62.070783 -29.748571
34.59203 54.850899
47.66122 15.9057
28.484165 85.793633
46.276793 48.089918
62.800538 25.525647
10.771629 15.400728
0.122497 39.325903
13.897791 10.811521
47.538096 15.797746
4.026099 -14.739724
34.212757 23.484294
79.568476 32.673002
15.192322 -1.876133
15.284346 14.770964
-3.43177 25.977289
-28.816021 2.567304
72.349756 48.850257
45.799859 2.348502
4.295459 -13.357438
8.866145 -8.131378
75.455773 -11.644576
52.784026 -4.105293
45.318874 6.409628
47.425521 4.920412
65.608987 49.07246
