//Synthetic=Synthetic_00460_J100

J=100
MT=20
Vd=2
Vv=1

p: position coordinates = 
0 0
10.192945 27.805592
41.075506 -11.661742
4.519593 -30.725721
-44.272105 -14.707156
-15.349532 -24.919665
10.227947 -37.678819
11.900977 -5.520638
-7.532894 31.738235
42.13858 -1.161313
15.686561 35.382721
-40.631236 -7.603802
-0.259002 -25.854977
-21.566021 44.175916
-45.600535 20.341707
27.805824 1.929221
36.031609 14.968587
9.795861 38.40626
-38.585641 0.503532
-1.766576 28.405387
5.54209 -29.184734
-5.864041 -31.880126
12.050865 2.519896
0.141771 28.660325
18.807741 2.540375
-24.777315 -9.966562
-37.793566 -14.900412
31.220522 -1.660931
-43.121424 -6.718061
41.816504 0.072826
-5.064442 46.274085
-30.655054 -10.524431
-28.902332 -12.40502
-37.895975 -20.639497
39.800581 -3.282199
42.191244 1.082864
35.286775 -0.344095
-13.230374 34.353985
-12.921958 -37.067761
0.720606 -48.108045
-22.18053 -6.58919
19.205095 -12.765293
-10.90154 26.1684
33.640211 -7.995306
3.498595 49.900898
-26.948612 -12.957995
-46.549776 -3.89732
3.680189 -30.015575
19.22959 61.112982
28.960413 3.296851
14.103304 -32.943875
-0.057906 -17.015282
5.080322 44.389243
-33.936897 -7.190782
11.93555 5.508723
7.331508 -29.677252
41.89441 4.186882
28.769831 -15.079249
38.725159 -6.058437
-7.047539 -29.99446
5.646996 -23.419489
24.303708 41.719524
-0.75572 44.251998
-25.164444 1.17303
-9.91742 51.932828
24.217014 -8.586165
36.22363 -11.663465
-9.43632 -26.014378
2.766416 37.022684
-9.584062 -35.546507
-35.674673 -10.346641
-33.97322 -1.394637
-14.496575 -51.371057
-52.358405 -1.93221
5.059155 49.429046
-1.424143 44.249462
29.792055 -10.32304
41.544838 -5.539118
-13.621416 30.891262
-14.131019 37.31469
-25.599028 -0.963566
-11.135289 -50.88931
27.481597 -0.928651
14.310874 38.347291
-6.562356 33.982976
12.217139 49.802047
-5.527745 50.202705
-30.813156 -9.433992
36.627168 -8.40251
-42.050065 -18.253716
2.6953 30.978673
-24.696917 -12.278309
19.037712 8.426332
3.788426 39.907032
39.073939 -10.722756
-12.787288 34.378779
30.381157 -7.710243
31.143239 -2.558919
-40.666909 -9.655922
-12.393741 43.464305
38.614309 14.838072
