//Synthetic=Synthetic_01341_J30

J=30
MT=20
Vd=2
Vv=1

p: position coordinates = 
0 0
25.128182 -0.74432
-53.979979 -88.532869
-23.485381 13.40933
-43.532193 23.304563
-63.031609 -69.39738
-81.068382 -37.251512
-34.953497 -39.115968
13.600105 35.66437
-37.017598 11.06062
-31.257807 -71.202228
-45.560755 -73.89214
18.393259 -25.279125
8.903783 -72.152695
1.161961 11.035979
9.124032 11.295645
36.713303 -67.591545
-10.622506 -9.8287
-17.571573 -21.060202
-53.525486 -76.66336
-60.729697 -69.786926
-53.270893 -79.841249
-30.899468 -78.862063
-49.116956 -85.28001
-0.139592 -3.482589
-75.005653 -0.509265
-64.27531 -39.399492
-44.582214 -86.283029
9.189236 24.248632
30.932805 -53.895618
-6.759292 11.19859
