//Synthetic=Synthetic_00798_J20

J=20
MT=20
Vd=2
Vv=1

p: position coordinates = 
0 0
-25.32395 73.533781
-30.721482 69.368196
-87.061477 20.627621
-66.172103 17.098855
-35.599444 73.822729
-61.884311 21.722208
-69.839966 29.36965
-71.022833 36.577508
-74.944469 31.767018
-71.561459 20.408833
-18.586473 56.785786
-46.955638 70.331754
-75.645057 20.416184
-33.209321 75.243654
-68.677328 13.357665
-73.292339 20.501102
-61.099994 19.869458
-80.308549 32.876884
-74.514118 33.789148
-74.769414 33.258305
