//Synthetic=Synthetic_01592_J80

J=80
MT=20
Vd=2
Vv=1

p: position coordinates = 
0 0
23.864546 -70.960861
67.809054 -34.263607
8.845216 -68.229493
8.038598 -80.979141
12.421752 -77.068288
61.033126 -31.804299
17.260506 -68.868311
55.364619 -37.491881
54.509954 -41.838753
67.963435 -36.593877
17.829378 -72.321741
10.157353 -68.558147
17.730898 -72.176627
61.498185 -47.664165
14.581608 -73.312445
18.731497 -77.903253
57.33315 -41.823939
63.312783 -45.668953
15.50061 -77.173523
9.989672 -63.325318
72.103491 -34.008675
9.467502 -79.378868
14.980694 -70.449594
68.302 -37.58637
63.378454 -36.122202
63.686973 -27.854329
10.653356 -71.256617
9.191648 -76.287774
60.878957 -28.42358
11.419849 -74.474293
23.697454 -69.476424
67.937343 -38.90307
59.424203 -46.117443
13.325847 -74.225116
24.308172 -73.901131
66.420605 -45.694374
59.782008 -37.178849
13.91837 -64.395317
68.90631 -39.590733
22.905587 -68.901473
59.007921 -44.680803
71.463624 -42.913408
71.889138 -35.421013
67.70909 -33.208732
26.461239 -75.790501
9.979094 -77.639472
61.152617 -37.609471
7.162423 -63.229511
12.155943 -70.598883
65.96173 -25.349574
14.356779 -69.945848
47.590484 -38.028086
14.823291 -69.092152
61.865214 -39.426985
15.429629 -63.259633
69.025716 -41.461102
68.407058 -38.973636
62.564196 -39.626778
4.512024 -75.348227
15.953588 -62.391456
2.434722 -64.674959
12.146426 -73.037701
4.57785 -64.889283
66.50178 -40.619725
20.535738 -73.916705
62.808666 -21.185288
62.722787 -42.750666
17.32184 -82.804562
16.088827 -66.269824
58.447521 -36.778666
7.733277 -61.682314
69.112149 -39.237987
14.655703 -76.326706
64.29505 -25.80634
60.641711 -39.063642
67.925158 -44.076792
55.557217 -40.116901
61.267027 -32.517928
7.333577 -80.825208
53.170912 -42.155403
