//Synthetic=Synthetic_00340_J40

J=40
MT=1
Vd=5
Vv=1

p: position coordinates = 
0 0
3.926197 -21.336608
-11.821708 -31.246574
-6.697351 -30.344821
-44.402446 1.346556
16.315377 26.133051
20.957292 32.046057
36.968897 -15.164895
8.505463 23.245059
-2.67546 -9.924361
16.102686 6.768932
30.132327 11.920803
27.193131 -4.300624
25.471437 11.176839
-9.323559 16.210158
24.077605 -14.940191
-25.190017 45.241159
-14.779572 1.219016
21.351587 -39.228062
11.759772 16.557535
41.04894 11.410991
-34.237891 35.305093
-15.819032 44.230066
39.221531 -21.006537
-30.637859 49.900694
7.842348 34.590593
-36.371432 -5.606289
36.10448 29.672804
-17.959198 41.290867
10.937405 30.51455
-39.549903 13.016299
23.540113 -14.286992
44.699005 31.168146
46.907866 25.62444
3.701136 -18.354483
18.79784 7.200313
-46.9407 -29.933587
10.975553 13.345865
-9.540111 41.721223
-8.047628 13.319943
22.410869 5.654025
