//Synthetic=Synthetic_00633_J60

J=60
MT=20
Vd=2
Vv=1

p: position coordinates = 
0 0
38.859009 111.468975
24.867912 101.090574
86.836402 68.277579
122.638816 50.57738
28.249161 111.055749
17.590479 99.907928
40.31475 109.156023
100.216015 67.815896
35.746747 108.956489
83.010536 57.767365
29.476516 104.764965
103.038548 67.586226
98.3062 59.051138
30.21619 108.49848
34.415565 117.32347
115.357319 53.719832
-2.396716 98.104921
113.038292 55.578728
22.670619 114.997595
23.276595 112.926129
121.360579 59.076879
96.380846 65.892377
84.742899 67.237895
85.063707 55.335049
14.924303 112.96903
5.64346 101.958934
19.443852 109.594813
22.335127 102.696938
30.938036 104.113957
24.168303 108.266049
17.943959 117.346758
90.906318 67.568283
23.917839 95.001755
38.690014 101.472261
37.878829 97.402525
101.030214 63.937919
23.974389 100.148119
106.340633 64.642524
92.214417 67.700847
103.565384 57.652036
45.823984 109.449616
108.505483 59.375239
83.010291 49.730684
0.144807 106.593985
87.747925 51.616547
22.063133 122.186354
28.725233 119.834742
91.901281 70.326684
112.769847 49.795197
109.311922 51.467338
110.333148 64.20552
105.224442 63.607903
32.949237 109.171453
5.168314 115.272315
14.480067 104.807432
89.693869 70.090354
103.936867 73.167511
99.742384 61.64548
94.460635 50.04079
92.795294 57.787515
