//Synthetic=Synthetic_01319_J20

J=20
MT=20
Vd=2
Vv=1

p: position coordinates = 
0 0
35.335451 -82.242494
43.911325 -86.162174
14.219652 -74.027309
31.686298 -82.599781
37.173187 -73.168302
26.041225 -75.598627
14.840827 -46.084297
20.66907 -72.229843
14.373383 -67.507407
23.51116 -83.314116
36.688823 -78.953643
20.932774 -76.678114
26.496219 -77.62437
31.215144 -76.324122
43.903339 -78.035821
27.106843 -77.924485
32.914785 -72.053601
47.818562 -81.230094
15.476563 -68.754718
16.745461 -80.332824
