//Synthetic=Synthetic_01572_J20

J=20
MT=20
Vd=2
Vv=1

p: position coordinates = 
0 0
-65.857726 4.208376
-84.848572 15.781845
-8.082164 18.695511
-51.810451 7.134333
-20.662008 23.538411
-20.245153 7.680215
-89.939963 16.580725
-32.325052 -1.555286
-50.600603 -18.778158
-34.253259 59.031987
-77.837247 51.824705
-29.516405 5.267639
-24.641217 72.924858
-25.529979 16.438221
-25.797931 59.243041
-72.910876 -26.952349
-28.297431 8.238698
-88.842258 -7.283482
-11.604996 -20.975422
-73.287702 12.933912
