//Synthetic=Synthetic_00324_J80

J=80
MT=20
Vd=2
Vv=1

p: position coordinates = 
0 0
0.722433 29.142731
-14.188182 22.608502
29.589137 60.767247
29.39536 70.174151
12.309554 41.574385
34.573692 13.610966
-12.092817 31.088303
-13.144705 57.241801
-18.31387 36.333874
26.380725 20.794796
0.06319 44.291378
-5.199425 34.219398
16.829458 38.953873
39.546308 60.268987
52.928624 55.43025
10.071412 55.020801
23.838628 22.359828
13.719885 52.601204
35.133728 72.291311
26.551661 80.477643
2.89389 71.673451
-23.506183 27.601869
1.866194 27.157428
25.052666 57.198657
47.724482 16.294974
14.857544 55.291075
33.122956 77.388748
2.645596 39.436318
50.981881 9.751229
35.605033 7.241754
16.665876 25.665323
14.837033 68.298222
52.082892 65.843332
-13.4521 35.840641
46.21111 58.065162
-25.290152 58.845383
50.914664 8.394472
-6.719593 37.045876
39.224621 38.38708
47.341867 -4.77704
30.454989 21.749334
25.706651 7.632353
-25.526425 53.500509
-3.259843 49.952914
43.051359 68.871873
40.372136 24.305926
-0.07552 52.259497
54.537686 36.933791
-23.689898 54.722655
62.210576 6.237447
58.59229 27.295457
42.446193 27.338556
25.815655 15.422152
-14.600061 -1.063576
46.576837 14.373786
43.494377 1.861736
-7.085905 -9.237039
33.750541 28.975089
-4.725116 0.372443
14.647327 2.950856
1.812621 4.66381
24.585383 30.641948
-21.711564 27.497949
-18.465629 34.008437
2.216318 -7.789799
-3.899089 -8.141674
17.902635 60.08509
19.810879 -9.521355
-14.515618 22.50343
46.206991 -1.258426
43.740924 30.327637
11.571905 2.891601
63.269554 -9.400862
-8.152904 13.988273
-4.18725 74.202868
11.487492 43.54086
21.54501 4.761621
-7.026999 64.935715
-16.859697 49.896986
68.544475 40.833433
