//Synthetic=Synthetic_00997_J100

J=100
MT=20
Vd=2
Vv=1

p: position coordinates = 
0 0
57.134537 -45.073702
54.136399 3.318656
32.795437 -1.983732
61.413177 26.252952
33.11688 5.537219
61.836918 11.967316
75.923004 -35.833416
53.214651 4.635019
50.541687 0.984315
50.744231 7.765008
54.641636 4.202236
61.342111 6.942254
0.851613 60.213411
74.674788 -31.52068
72.54035 -29.4168
64.799381 -33.107379
61.675637 10.930996
28.714113 -5.407403
30.354918 0.432109
29.733396 11.86736
39.706204 18.627982
34.634928 17.843565
12.673492 77.044029
78.474252 -37.547382
48.684235 15.534372
68.860274 -29.681196
48.10847 -33.052008
-13.162203 66.759967
29.769902 2.123047
73.055724 15.886934
66.830972 -40.774718
-7.142629 56.188993
76.104801 -39.876409
47.517638 19.659703
62.760823 -45.484952
59.499753 -31.848314
33.960833 -12.497337
45.096211 9.552276
58.008611 -4.729378
49.714275 -33.373585
55.474274 5.940839
35.772067 -4.739123
48.864882 18.727651
49.120788 19.798077
31.625106 -3.624143
65.077625 -38.273022
0.123432 58.480024
75.232454 -30.675094
32.036562 8.038002
-15.130843 60.76439
25.486809 7.128078
32.598671 0.061497
49.299214 3.521571
62.461301 25.334017
-14.486842 65.473017
72.072743 -38.972745
2.629086 69.104411
-13.730574 71.210793
24.436665 21.550297
51.15527 -38.75083
46.504559 4.131358
30.10259 9.597756
34.785973 17.237937
62.86316 3.1086
57.281322 17.683522
41.587421 -20.209901
55.207537 8.289772
55.244223 -16.254933
54.601333 2.617042
37.579751 4.403943
-8.992468 57.898937
-15.370114 61.761801
11.755654 32.61907
-4.424342 55.44253
55.352232 -1.398375
63.574535 -29.851957
44.858341 -9.895701
60.415952 1.44193
-4.702602 63.54602
71.202469 -29.443279
46.234632 9.528757
72.972463 -31.603022
37.599571 11.26294
26.891159 18.413768
2.261704 68.947729
-6.493317 51.95171
69.141294 -42.28371
48.265148 -4.307766
68.124942 -33.02374
60.00298 22.258863
63.616052 -27.169639
61.065031 11.054006
47.873986 -38.649636
0.265361 59.495605
61.740239 -36.485546
48.626152 5.993556
40.324967 9.944151
15.99901 4.958783
48.288109 -44.924112
68.574623 -30.177521
