//Synthetic=Synthetic_00088_J40

J=40
MT=1
Vd=5
Vv=1

p: position coordinates = 
0 0
-22.806237 -34.576145
3.739882 -49.297114
-34.650315 8.055995
21.806369 -26.756758
6.495027 7.278421
31.429798 -25.073723
-10.522209 -50.638361
22.471246 -27.595958
20.508319 -37.49255
-4.907368 -0.263807
-20.901204 44.413683
-29.463464 -10.956348
-51.794952 -14.41574
-3.202862 -58.076719
-22.27502 23.756371
-38.537223 -21.026742
-14.978605 30.869981
-8.655741 -50.91867
-34.4424 -20.180282
-23.606419 -10.575309
42.468133 -13.716115
10.579517 -53.571861
35.945241 -9.434541
-17.096443 5.441791
-15.807414 24.195513
19.154098 -0.690728
-28.844288 -14.645592
-0.879349 26.99554
10.281565 -36.467224
-33.70898 4.88087
46.70835 5.384878
20.613416 10.902862
8.761723 13.629472
-5.951139 -35.796047
-7.86721 38.849769
7.674701 13.963234
-27.837397 -20.135276
44.710555 18.213231
-44.966378 -2.180151
6.561967 -18.05115
