//Synthetic=Synthetic_00048_J60

J=60
MT=1
Vd=5
Vv=1

p: position coordinates = 
0 0
-21.804551 -38.128085
42.01755 0.677871
11.362466 31.679615
1.427024 -63.934605
-2.583307 -32.329006
-1.870238 4.94034
26.967335 4.150311
-47.544881 6.032295
-28.759972 -14.861441
-16.631339 50.219218
-32.282753 28.363044
-14.722774 -53.287648
-3.011308 -61.066453
43.199823 2.970218
15.139938 5.068114
-23.703874 30.964087
30.556002 2.228365
-27.523495 38.828723
-1.60203 -56.20337
-36.02009 18.405046
-5.051686 -13.025547
-2.715028 2.200151
21.844999 62.456094
-48.14252 0.506175
-44.506708 -12.397274
-28.032419 -38.646846
3.75486 38.062745
-25.258173 42.804633
25.964958 35.040885
-38.222561 17.950226
-2.538931 -34.171279
1.737914 4.564243
-23.630049 -37.768148
7.268868 11.241317
-45.323977 4.950956
32.150426 3.192379
28.462274 0.321638
9.888149 -0.170661
-45.908385 11.960685
-0.174648 -59.624159
-31.171728 -17.567158
51.115888 1.308426
-23.58686 27.263449
-50.117447 2.539744
-33.15963 40.43347
19.784607 -33.146631
24.6609 -43.373939
-45.89589 -11.60835
15.326036 -1.108089
-1.06273 -49.868623
-36.273506 32.366693
-46.735942 -4.406303
23.529328 14.957919
-5.052023 -53.210715
-15.754905 -49.657703
-47.201398 -8.704337
9.904268 3.675037
34.623793 28.10534
-21.125654 -47.458522
26.838709 21.869272
