//Synthetic=Synthetic_00046_J30

J=30
MT=20
Vd=2
Vv=1

p: position coordinates = 
0 0
-25.23159 76.227558
53.555837 76.502212
54.099148 77.53264
62.448689 72.259947
58.046314 65.190274
61.407205 63.875366
-10.592563 93.47519
-20.633299 79.88368
57.778446 71.72687
36.939062 77.188795
-23.236622 76.538504
-21.243024 89.699097
-28.371259 75.336804
50.90264 73.942196
-14.103794 89.670375
44.790261 82.815002
-15.535501 75.044253
-24.278315 70.881086
42.808327 81.283934
-9.667699 75.505877
-23.725655 83.730398
53.494333 71.740379
43.290114 73.842396
48.777691 72.832869
52.241328 71.773107
-18.991204 72.40355
47.963834 67.881577
-25.175659 63.427778
-7.550521 82.582858
38.836972 65.098426
