//Synthetic=Synthetic_01147_J40

J=40
MT=1
Vd=5
Vv=1

p: position coordinates = 
0 0
53.581187 -16.710178
24.395939 39.726144
6.523868 -51.045073
51.163454 5.363327
13.184453 -31.066918
-11.155236 -37.631127
53.439675 5.50906
53.225434 14.272347
48.757581 31.822857
-27.117296 -0.948915
-39.799784 37.445827
-39.441351 -34.095081
8.185144 28.615634
-10.964598 -3.568608
-56.776418 55.067087
5.320581 -31.805829
36.082293 1.656678
42.695422 -5.591413
28.807108 46.542089
8.891411 35.267364
-2.391122 4.579981
37.598756 -35.914236
-39.173246 -24.731497
11.373971 -2.20569
24.388098 -41.21838
45.795453 -31.320187
17.356261 -9.082612
-0.53939 41.598998
-46.945672 -47.372483
3.128624 -27.698334
48.571001 32.832807
-54.762749 35.880257
-60.168849 33.046477
7.167322 8.479755
-15.101563 -14.222024
-16.930886 -21.657995
-47.528466 -1.900392
15.791471 2.216748
46.104361 -16.851961
20.538555 -34.881415
