//Synthetic=Synthetic_00027_J30

J=30
MT=1
Vd=5
Vv=1

p: position coordinates = 
0 0
7.761849 22.841682
27.873082 39.547341
-32.419792 52.802038
-23.63398 -16.657578
8.74931 11.624289
3.483442 -40.632651
17.686291 -29.653831
-28.337891 6.48047
-5.772608 59.483592
40.230361 -7.491514
-49.014509 11.046877
-52.013809 -31.797997
16.08603 -7.526748
-5.028449 69.943282
-7.360095 68.780521
11.616812 37.479725
54.566166 -10.890454
-32.937442 37.399438
5.466819 57.389223
-44.14516 -18.091148
-7.392288 30.657259
-13.852521 -37.869789
32.382781 24.346227
5.826848 31.935333
-19.99408 -25.383826
-1.72386 -13.392627
59.962682 27.116748
12.551933 -11.009872
-39.646408 -39.615989
1.829851 -27.312809
