//Synthetic=Synthetic_00471_J40

J=40
MT=1
Vd=5
Vv=1

p: position coordinates = 
0 0
-22.853765 30.60175
-27.474935 41.766573
-15.704534 24.815453
-23.3896 17.711483
4.163775 -36.664715
-22.306554 24.735879
-10.78182 22.806015
-20.169878 25.614695
26.564165 9.647167
-16.236678 35.602258
-29.341445 35.013748
-21.416825 19.661238
32.128803 2.772015
-17.9947 28.1573
16.834971 -40.816799
1.023825 -32.966131
-2.721762 19.633456
-33.632513 22.122994
18.188015 1.416734
-26.80678 29.810724
-18.251915 29.871275
3.047359 -32.568079
-21.399142 29.012444
-23.052619 25.460984
-26.998538 24.181104
-15.436722 25.896848
-28.200313 27.047867
1.935776 -41.038923
11.249632 -44.461149
-27.871969 28.837183
-10.591509 37.80735
1.230835 -34.009631
-24.931216 27.226934
-9.58528 28.53783
-23.4311 27.417301
20.949691 8.578831
-28.710587 25.661006
-14.081458 21.631336
-11.556497 22.673112
-23.47329 20.900294
