//Synthetic=Synthetic_00066_J80

J=80
MT=20
Vd=2
Vv=1

p: position coordinates = 
0 0
13.626501 -43.897011
-21.229481 3.906141
63.145591 -20.844061
9.91412 -58.179544
-2.696224 -70.075123
56.705983 -4.301758
-2.692446 -39.920925
6.710619 -63.942251
51.082997 -15.82712
56.114562 -16.075398
48.595195 -1.502301
3.690335 -38.098367
-18.734686 22.191908
64.730228 5.74876
57.734562 -5.872155
-33.113031 7.340099
4.108255 -58.967453
-9.274283 -45.012789
-24.110467 29.904064
-25.071281 10.875591
8.413943 -62.130292
-27.08125 14.438192
-17.027021 21.598372
3.057589 -63.95961
-4.336321 -47.554315
-27.288564 37.321053
-28.160361 17.842924
63.635377 -2.166656
68.001689 11.237188
68.309279 -2.531887
-2.702113 -45.697219
66.063259 -13.093636
66.42738 -5.209536
4.981512 -54.671586
-20.611327 -4.941345
73.572318 -10.116066
65.619969 -10.031131
-31.271367 8.969041
-23.719843 25.135901
-26.779036 24.696947
60.402682 -12.493089
-4.592206 -54.125704
-32.930136 2.49056
12.22724 -53.970439
-30.466162 15.110104
-36.151859 15.614146
13.96887 -50.2701
56.000112 1.871722
65.121997 0.667201
18.250672 -45.591398
0.609481 -63.327867
-16.970033 6.367295
13.923806 -48.545784
-31.352704 11.380169
-27.742367 4.033036
65.832976 -6.077052
54.774142 -1.891486
-20.179568 20.471653
10.446057 -45.970379
-19.553718 12.464739
-30.656228 13.781718
-28.046588 13.576954
54.366542 -10.604575
11.191556 -60.044
-31.269493 9.242793
2.144841 -47.866563
-16.548724 10.018889
71.640198 -14.389743
-21.048144 14.017982
-16.893605 10.854015
-30.528464 28.263345
10.50912 -51.716353
-23.952312 11.99161
63.228194 -10.805265
-23.905244 22.985057
70.517857 -6.259567
57.9532 -5.050223
-19.145194 22.323592
10.830546 -66.599572
66.425504 -2.642792
