//Synthetic=Synthetic_01754_J40

J=40
MT=1
Vd=5
Vv=1

p: position coordinates = 
0 0
-40.771767 25.450656
-15.642013 38.390556
-14.771703 -24.787017
-24.424683 -35.520041
-30.297928 28.898542
-35.171533 16.923732
29.498387 -16.667227
-31.307206 -28.797143
2.324802 -32.698363
14.578766 33.269152
-14.546193 -17.503631
-33.76804 45.330319
39.970148 -16.158755
-26.64487 -33.438566
11.955993 5.097871
-5.104811 -42.144949
-43.298974 18.493275
18.885195 -12.426442
29.073125 0.145356
29.22663 42.167434
-28.303057 20.40583
4.858812 -24.073054
1.480725 -18.096882
3.110622 -35.364398
-0.739271 -37.420808
21.189783 -21.368357
35.237189 -33.917781
19.232129 19.358885
-39.238664 -25.679456
-46.398725 4.11345
-32.236692 50.215787
31.402382 -27.087663
30.797196 -20.522137
38.08713 -18.683772
-46.928485 -36.918832
-38.280648 -41.037866
-16.216109 -48.4388
16.433245 18.461763
-17.014546 -17.037316
24.840088 6.959798
