//Synthetic=Synthetic_01093_J20

J=20
MT=1
Vd=5
Vv=1

p: position coordinates = 
0 0
46.021492 -41.98287
-25.839086 38.124049
-27.797419 40.085162
58.069616 -25.699551
-27.862513 33.907669
53.194646 -25.495141
-20.025113 33.985199
-32.792542 48.109896
-25.768245 39.493194
-18.222442 30.555801
54.009535 -35.058962
-22.771268 37.35012
58.936665 -34.884155
63.429349 -33.491568
55.664326 -33.677847
-32.7703 37.963941
51.562118 -37.230599
42.404726 -26.918242
63.740535 -29.602639
-28.794834 39.424925
