//Synthetic=Synthetic_00035_J60

J=60
MT=20
Vd=2
Vv=1

p: position coordinates = 
0 0
59.910168 -60.310986
-24.948707 2.063932
46.685699 4.63135
9.172681 -76.565736
3.84268 -29.106175
7.499062 -75.534533
42.208707 -18.57478
-20.696237 -58.402136
15.236304 -85.739822
12.094607 -91.8321
61.593175 -34.501302
7.671005 -97.416363
-2.226337 17.433185
-34.154539 -36.773152
42.285029 -17.149644
41.701696 -12.851724
58.008628 -36.316629
35.769972 -70.153786
-23.969713 -46.314967
12.364012 -93.663032
25.501899 7.570745
6.106088 22.88551
10.223101 -94.558865
14.49368 8.597423
9.027256 -4.010485
60.103398 -39.490084
-8.232199 -34.263238
23.750424 -48.70522
23.037016 -46.395321
25.104245 -39.642973
-1.755416 1.216628
-3.638474 -37.353075
12.740884 -86.884803
-22.431386 -36.429312
42.951795 -49.460712
39.664205 -22.197542
29.527375 -10.491621
57.241221 -61.273493
15.041838 -97.011959
38.330316 -17.765634
33.02583 -60.679167
5.192214 21.427849
29.488601 -35.904253
-13.730528 -76.882013
40.457452 -21.045429
21.105283 -37.875248
4.766673 -92.117898
15.162141 -4.233022
39.910689 -44.863346
48.082607 0.1711
11.569551 -51.275556
18.651015 -68.145887
37.73085 -14.852993
-35.310376 -33.338483
38.429127 -72.130616
38.556603 -10.233946
53.500238 -27.506029
6.694938 2.093298
-28.94816 -39.16284
-14.96327 -81.973287
