//Synthetic=Synthetic_01894_J80

J=80
MT=20
Vd=2
Vv=1

p: position coordinates = 
0 0
-49.028476 23.100918
64.411696 -20.401482
39.194515 29.043345
-9.202753 -80.289719
43.504705 19.789696
50.631904 31.250136
66.129432 -36.482817
-39.383615 21.568426
67.917574 -40.065874
36.782646 32.671244
-15.910938 -72.083734
72.481923 -29.4766
-3.785325 -66.012915
59.444687 -46.925783
45.594284 33.330303
-43.421665 23.963168
-48.257545 24.024523
-20.166021 -76.728903
-51.732979 37.646982
74.006454 -45.429184
-54.888462 22.778692
47.683637 28.324259
-43.414115 40.818926
60.806128 -34.950696
63.790906 -34.117599
-56.74969 24.346372
77.945492 -31.638861
-37.495801 11.628543
-7.672303 -87.730839
30.285117 29.912478
39.693949 18.810836
-15.266659 -81.059386
61.773255 -35.446241
51.871424 28.705942
-21.515655 -68.67336
30.09781 31.509984
66.309862 -38.197652
32.152 33.323132
-43.139214 23.135124
-10.104532 -75.579578
-51.508767 19.39105
54.654068 -33.040093
-15.75323 -77.192335
-57.789739 31.254197
-51.509996 13.307205
46.072214 -23.255043
-52.064909 38.006223
-47.74482 30.325933
23.914475 28.569234
-55.612372 25.471686
67.754569 -35.535412
44.539425 37.594249
-7.664475 -63.794553
72.75719 -41.14426
53.980814 -24.903876
41.83814 31.72566
-42.662919 35.529186
46.061659 34.606245
-38.566464 36.35921
-52.821104 33.860898
-40.700372 28.671643
-58.167121 35.514598
66.339252 -39.148855
-47.47686 27.19631
50.2071 -26.057716
-7.441776 -73.127105
38.679131 26.774229
-52.973319 23.255709
35.598593 37.710468
46.285518 -41.149753
-20.987032 -66.294773
41.001485 31.192745
-3.606852 -70.370921
-58.114104 36.948017
-8.644189 -57.084867
62.558162 -40.497465
42.552307 35.284016
52.831936 43.025762
-7.407114 -74.158094
-45.102415 30.818918
