//Synthetic=Synthetic_00516_J100

J=100
MT=20
Vd=2
Vv=1

p: position coordinates = 
0 0
-16.351392 -32.424642
33.090744 -30.417654
-13.465277 -3.965221
-23.886043 -5.238619
-45.495168 -66.774555
-10.305702 -9.244098
12.627091 -62.792755
-51.542826 -34.02256
-15.242584 13.168403
34.684271 -57.761587
1.847756 -41.342342
-35.08018 -79.89236
-49.021722 -28.323455
11.903245 -7.798226
4.702573 -43.350124
-16.564418 25.217481
-39.008226 -0.072677
9.483105 -2.725427
-10.433036 -16.058345
-68.195633 -27.349597
-26.043638 -87.09283
-21.488435 -60.528506
-84.367334 -13.785177
51.665712 -37.024118
20.076762 -12.615308
-0.495958 -65.185843
-35.894136 -40.457192
-0.822668 3.835743
15.111395 -47.090717
-28.825986 6.99775
-1.872306 -65.875768
7.539601 -55.297886
-65.459531 -60.810607
38.228566 -32.627152
-24.988553 28.038739
30.899776 -12.929417
-3.256594 20.774298
-27.744253 -63.063702
-32.37092 -35.038345
-57.175392 -57.082954
-35.958519 -59.748245
5.112872 -67.602316
-49.396901 5.020163
23.161195 -38.370631
-17.611684 -8.228146
-48.168515 -43.606194
-3.503792 17.12944
-12.691897 -92.070994
-30.515348 -45.675407
-15.173973 -12.24804
-28.198047 -36.222509
-25.271734 9.085184
-38.448716 17.148856
-27.134783 -69.966915
6.363895 -8.018073
-34.176237 -43.02376
-20.634897 -79.711833
-64.085558 -20.534186
-18.505426 -5.547937
-17.003 -80.218501
-46.178983 -46.669959
-47.402144 -52.075716
26.529479 -39.678249
-38.462279 -40.34507
-44.672656 -55.358597
15.047166 -39.901102
-29.616444 13.824427
-41.132729 -45.437221
-50.44633 -60.388842
-44.05441 -88.859466
-50.568209 -47.464104
-59.059635 9.041068
-9.942131 9.366735
15.115212 -35.250511
10.854237 -37.224001
-38.895379 -44.20057
40.655558 -15.030725
-70.546327 -25.431559
-16.435434 -59.795654
7.964732 -51.072972
-26.322548 -59.413931
-23.488029 -5.3285
-19.539988 -3.370241
3.890655 -13.526081
-36.89317 -50.154094
-8.41175 29.523692
10.659976 7.798887
22.246256 -7.240649
-32.664486 -91.14232
13.696076 -38.300267
-24.11683 -11.147335
11.19947 -42.752824
-69.122298 -8.265802
-11.762255 -8.117705
-35.629312 26.289166
9.636619 -24.169273
11.058279 -46.12563
-62.13933 -57.582749
-54.145669 -32.240464
7.754555 -62.268317
