//Synthetic=Synthetic_01840_J100

J=100
MT=20
Vd=2
Vv=1

p: position coordinates = 
0 0
-20.305061 -63.91093
-45.009003 -70.049218
30.432687 -85.852157
-57.463633 -78.050118
-55.518741 -79.283755
-35.386807 -65.420193
-39.91525 -73.913605
-43.679769 -69.373548
-54.352546 -81.679869
-46.522936 -72.663381
-41.44838 -64.733511
-50.539781 -72.286759
-39.775925 -71.160532
-42.364582 -74.029285
-36.772061 -76.753003
-41.346458 -59.483219
-50.207028 -66.727591
24.144203 -83.663119
-48.669881 -82.934677
-54.074655 -76.932561
-49.030821 -59.750843
-38.646683 -75.397461
-49.223283 -68.069844
-55.154592 -73.809768
-37.11163 -75.241662
-45.393389 -61.609651
-40.946008 -66.633898
-53.18914 -68.424828
36.094386 -66.829982
-42.685478 -59.025013
-37.584492 -69.423494
-52.384714 -68.073804
19.257456 -82.388037
-48.206618 -66.811816
-56.862453 -75.763888
-44.269035 -64.49963
18.718177 -87.93306
-54.1775 -77.873746
-54.081115 -75.612226
35.10525 -86.843759
-57.493724 -66.519193
21.657832 -78.396857
18.357461 -86.337915
17.917596 -82.678029
24.573383 -82.170853
18.95073 -95.315595
-40.060055 -68.361935
29.051007 -80.675761
20.644911 -75.125093
34.209743 -84.44372
-56.618324 -74.886011
-58.451695 -73.701282
-41.212877 -73.232847
23.888407 -81.572423
37.447286 -89.077446
-41.761725 -68.580534
-46.99722 -82.513738
-37.457738 -56.962093
-55.084785 -79.312737
26.104513 -70.322902
-43.888497 -70.939335
-48.021574 -67.223581
23.742935 -83.946923
37.443297 -84.63859
-43.779675 -53.043458
15.057042 -84.511769
-48.065889 -67.468399
23.178682 -81.036798
-49.525721 -63.315882
-42.255175 -70.875845
-34.792332 -69.752873
-46.670131 -77.642924
-39.755473 -58.93428
-60.492448 -77.083709
32.932964 -86.642464
40.341933 -66.68781
-40.753527 -69.948907
-40.11555 -74.517249
18.189235 -87.956211
-42.705728 -60.933369
-59.530421 -76.848261
31.292514 -77.570656
29.615803 -69.902356
27.805887 -61.194421
-32.644914 -71.516103
-53.349194 -64.05949
-45.25617 -77.657947
-46.028413 -71.889101
30.541275 -77.982991
29.57201 -80.711047
-35.532858 -57.719187
-37.90921 -59.454375
39.238182 -86.283353
34.061924 -85.807265
23.293815 -79.054563
-46.348275 -85.113067
28.846285 -77.623972
32.813001 -88.052589
-51.365036 -85.403013
-41.326258 -64.683756
