//Synthetic=Synthetic_01969_J40

J=40
MT=1
Vd=5
Vv=1

p: position coordinates = 
0 0
-43.957067 23.852838
13.523949 -34.509203
-26.798527 -0.850377
30.602416 21.523128
-46.76101 -5.392578
-22.709534 -38.931957
19.842561 41.388837
-28.35203 23.772588
-12.213722 28.623228
52.474676 -13.70487
-15.865346 14.806676
43.236206 -14.059222
-40.901242 35.429787
42.536576 -25.29859
4.101414 21.583126
38.98594 12.901661
-24.57119 -11.650282
-21.025636 -43.174581
21.898702 13.035318
-37.521095 31.388758
-1.726243 8.815643
25.021849 -27.754935
37.330903 23.844263
-21.973212 -52.55227
-44.653711 -10.227203
-27.421731 39.685374
-2.130422 71.556674
-8.706344 28.502786
30.410262 29.99794
48.838865 1.059934
-0.843583 30.270046
0.478824 -4.808028
13.997895 47.04765
-31.679482 6.551923
-19.171764 55.667185
51.505245 13.307589
0.502822 17.77269
37.19246 -27.474652
5.042938 75.036676
7.348355 15.142429
