//Synthetic=Synthetic_00264_J60

J=60
MT=1
Vd=5
Vv=1

p: position coordinates = 
0 0
-68.1635 -13.03571
1.403924 4.802586
50.094799 31.3286
49.070133 -3.943709
-18.679781 -48.795833
29.06223 -17.51207
46.080697 -6.231784
48.164876 -11.998985
29.970772 23.133573
19.317974 -51.757288
-36.438733 54.555818
-1.877521 -39.852045
25.04589 26.812943
-13.52249 60.186897
24.965948 -19.668455
33.258331 -45.542775
-13.839822 66.008621
20.386822 -50.361927
25.240852 23.672795
41.589877 -5.781906
33.024949 -12.940735
-19.653968 20.442859
-30.340343 55.521681
-3.113837 -40.768038
-59.771623 -33.166477
1.173738 -44.966688
-4.650198 0.075345
-27.805229 52.597469
54.565355 22.787317
-24.922892 -13.30396
-16.659654 -22.921525
-0.397901 -42.319977
2.713916 -38.048724
42.214958 -14.008613
-23.598653 -18.328099
-12.04158 -19.880306
-11.015835 15.682153
-21.511895 -50.305627
-13.638353 52.895913
42.731087 -18.500387
31.917684 -15.078939
-3.773644 0.150657
50.029699 30.88832
-10.597056 -17.920829
-13.009046 -21.202874
-35.148414 52.784669
35.955242 7.875114
-21.756839 21.960084
26.178884 20.757614
24.427985 24.800348
5.331695 -3.205505
10.242387 -3.446043
-4.234314 4.162825
38.326969 5.674752
57.622011 31.595291
-15.067911 -16.147881
47.217254 -8.075869
24.610295 24.927352
-14.553907 50.503302
-62.158016 -17.100758
