//Synthetic=Synthetic_02030_J50

J=50
MT=1
Vd=5
Vv=1

p: position coordinates = 
0 0
15.111819 -25.21117
10.515405 29.972969
7.183694 -44.088377
21.624795 41.538764
-8.158029 62.419995
0.526996 -55.830391
-26.551842 2.008106
-13.610602 -9.558775
-3.559175 13.312468
43.250409 -14.865272
2.682488 -34.745952
14.645623 -52.65797
-26.691615 -5.445646
-34.970302 -6.834247
26.21584 21.161009
-27.217869 10.335531
-15.817793 27.198448
35.740227 21.824065
17.652443 -23.416366
-32.659243 -7.116935
-48.161014 -2.655204
9.277443 10.163451
14.765009 -32.775212
11.287076 36.372196
2.224519 -34.91937
40.737826 -2.742402
4.153889 -34.171756
7.902165 28.98038
23.200739 14.133858
31.348102 0.199171
-2.72997 -11.649193
4.504136 -58.247452
-1.173998 -13.07227
10.14634 -56.317808
-1.713507 -3.140133
1.435534 8.164154
-11.241313 3.882808
27.290403 -35.960912
1.244649 33.350421
-33.611714 -20.254986
-34.446961 23.845944
35.325572 17.368259
-16.73053 -7.520029
36.046731 -13.116532
6.794237 -49.633277
-51.590406 10.848088
-1.337216 13.819225
-23.445387 8.67422
20.596221 11.084681
-14.357803 4.96566
