//Synthetic=Synthetic_01563_J60

J=60
MT=20
Vd=2
Vv=1

p: position coordinates = 
0 0
-73.080732 54.310108
-62.886688 46.349104
-67.764157 -20.341751
-87.393053 -19.597142
-77.558986 41.512339
-78.971551 59.201649
-95.935668 -13.75742
-100.006568 -14.788371
-71.305658 55.430907
-74.793406 -16.78129
-77.290295 -21.589266
-81.113594 40.738555
-89.575803 -13.425853
-85.60446 -18.977977
-78.034932 59.497246
-76.769621 32.366881
-89.58805 -13.78944
-88.329545 -21.155409
-89.674651 -23.219058
-91.07836 0.592443
-68.163353 56.17406
-90.140363 -12.874632
-92.361572 -29.764557
-88.871083 -25.601596
-78.451564 61.412057
-59.184065 61.533277
-74.712571 -31.005829
-70.498468 43.390279
-79.516106 53.314162
-92.489464 -29.309074
-83.86303 -10.389954
-75.606282 -20.084503
-80.127874 -10.654503
-75.500956 48.831222
-66.412194 55.630229
-65.1318 -23.417465
-95.770026 -20.607074
-82.084282 39.572442
-75.452174 46.304623
-93.985153 -31.938576
-97.281122 -25.42614
-79.093043 48.700196
-95.957182 -23.48526
-85.861484 -25.210928
-79.996036 -20.874621
-95.921553 -13.343667
-71.249528 47.74441
-68.913464 50.511828
-83.490932 -20.556993
-88.202866 -14.368845
-98.607732 -25.187959
-74.591277 48.806463
-63.882838 42.255418
-89.516488 -13.185643
-61.198646 42.555505
-78.829745 42.973335
-76.515365 61.492388
-72.707558 -25.18184
-62.599645 49.247533
-67.77974 34.459841
