//Synthetic=Synthetic_00741_J30

J=30
MT=20
Vd=2
Vv=1

p: position coordinates = 
0 0
-56.839326 59.241102
0.822565 90.561076
8.217945 100.252234
-65.624342 56.159381
-62.373252 58.00029
-7.115826 85.183359
-61.098933 58.092252
-65.585504 65.426105
-60.672393 44.202298
-2.646364 94.177707
-2.221022 80.324206
11.331844 86.236337
-62.33991 61.129288
-61.827108 55.756426
-68.313904 39.507223
-10.690979 90.21528
5.424497 84.157643
-61.331632 51.847465
-6.569087 96.375244
-60.483203 64.15294
-62.073945 55.601537
-63.854655 52.665226
-67.360574 41.238145
-1.705217 95.035837
-74.659411 61.306406
-64.665915 56.090996
-57.479053 65.375232
-5.391209 93.688083
5.542268 93.376126
2.547435 102.237843
