//Synthetic=Synthetic_00426_J40

J=40
MT=1
Vd=5
Vv=1

p: position coordinates = 
0 0
-5.090697 20.272346
-33.462547 0.482936
34.797275 3.517263
-24.522837 35.633723
-43.788338 -22.016783
-25.122204 -7.248221
-33.810911 -6.745515
8.810074 -1.101366
-8.989936 -0.370267
15.218969 9.367569
-9.332649 10.771003
28.747767 13.752399
45.020609 12.930356
4.844181 -23.335554
-28.742429 2.418612
-0.928943 22.46492
-58.319262 -4.516966
-31.621994 -6.821225
-29.593291 15.709635
-25.335667 -32.563893
28.650114 -17.029379
47.309239 7.005932
48.691424 10.34956
-2.058089 18.890851
28.503943 35.350398
-7.063981 26.968829
-19.056338 3.816269
31.582327 2.471302
-39.107044 3.753662
-20.57386 26.946169
28.755491 -23.126841
27.54663 -23.981564
-3.671478 42.978646
-11.05616 -33.69264
6.512412 -55.089556
2.066302 -34.981106
47.229932 -0.244977
6.550649 -52.282502
-10.028473 60.741513
43.389963 11.16357
