//Synthetic=Synthetic_01465_J60

J=60
MT=1
Vd=5
Vv=1

p: position coordinates = 
0 0
10.222555 23.920863
-27.590558 -31.749963
17.828384 19.255052
11.78608 58.724842
19.859622 13.373786
-27.546443 -37.765653
18.117946 7.404231
29.140006 10.515996
-24.112471 -24.585251
-26.21291 -29.043988
-33.011592 -37.300099
24.809822 25.366182
28.629299 20.019974
-27.091918 -33.989024
27.480589 11.835814
-19.502981 -23.529957
-23.847297 -21.372928
22.862868 14.242839
-22.660153 -44.493106
17.015203 16.12348
-26.920981 -44.611572
-32.084445 -49.328581
-5.902875 -34.767545
-27.091124 -24.471125
-18.734394 -37.65744
14.347912 15.991642
-18.563454 -45.609019
-19.170901 -48.358325
-17.834363 -27.380315
18.335167 55.53897
14.991225 19.089796
23.209553 47.954198
23.234772 16.803552
-24.168661 -33.570144
25.442093 7.927192
31.95304 2.090743
-26.518982 -43.174668
10.336991 15.181497
22.315533 42.025343
-15.958044 -25.041159
-21.991513 -28.882857
16.880572 7.310473
-23.553082 -17.286787
26.058518 21.905867
-30.129003 -33.36697
17.200385 20.03772
-21.167326 -41.158745
-23.947828 -41.793732
-26.291118 -34.581122
14.483795 11.550575
-21.196268 -21.395274
-30.367637 -36.406203
-26.604972 -38.904496
-18.118253 -31.767759
-19.71386 -22.871225
22.971014 11.099566
-23.897167 -55.499604
21.266138 10.877419
-20.723281 -37.945604
14.722336 41.247667
