//Synthetic=Synthetic_02075_J80

J=80
MT=20
Vd=2
Vv=1

p: position coordinates = 
0 0
26.419103 -4.77442
31.53052 1.249307
35.627347 -7.443603
24.701921 2.373736
21.753732 -2.689339
24.68285 -7.120717
21.705103 -13.3515
14.173758 -42.160166
10.177087 -58.932663
10.126242 -43.932442
-15.098982 48.859673
15.123499 -52.281025
10.092112 -43.702188
-10.440291 31.32976
-29.10368 40.835511
27.475365 -19.150145
10.160712 -53.20129
27.574835 -5.781876
17.855881 -12.394966
-18.202429 40.505012
-18.972295 36.196164
21.129407 -6.343727
21.392707 -6.723099
26.878118 -12.683383
19.379196 -55.219825
-23.843367 39.722973
-14.606022 31.201261
17.596558 -48.92822
-18.363507 38.967089
20.793531 -4.279953
19.793256 -52.034413
19.219081 -53.423812
21.574197 -3.547356
-12.365298 41.70741
34.517043 -3.25349
13.176939 -48.17077
25.575116 -3.883404
-27.039895 30.503334
-25.035667 36.269831
-26.940027 35.021167
12.403195 -49.066314
23.944206 -39.56559
11.880693 -47.39795
-11.527584 51.787787
33.643038 -7.579257
21.236388 -46.787343
-27.3203 47.64006
15.68027 -5.782512
-19.249397 38.534493
43.46747 -6.011321
29.730157 4.451518
12.177639 -54.411394
-17.377163 38.637412
8.904096 -58.613314
24.528605 -13.38534
-9.960277 32.092442
30.439129 0.712374
24.931729 -6.733145
26.636899 -18.271883
-20.691062 44.12007
-25.096272 38.552765
-10.138598 35.816755
19.01357 -52.675866
13.911257 -52.440198
32.615892 -12.953847
-28.857005 44.237407
7.387864 -45.846398
26.783004 -6.50769
-23.186108 37.074224
11.977637 -40.617718
5.739011 -49.370167
25.064843 1.564424
-14.145366 44.763301
28.455774 -6.195237
9.872479 -46.581992
-15.689361 46.929265
-32.315772 40.989034
-27.493272 38.545731
-17.252207 32.657905
31.635494 -8.861399
