//Synthetic=Synthetic_01101_J60

J=60
MT=20
Vd=2
Vv=1

p: position coordinates = 
0 0
-19.64587 -54.194043
17.289105 -30.437756
-14.32963 -93.978288
-15.392584 -62.244376
4.318162 -38.163498
-18.783749 -8.401331
-12.330008 -58.923248
-11.614123 -40.218235
3.730251 -69.739065
-19.367469 -97.081694
-14.11113 -61.678136
-2.580759 -78.064173
27.429532 -77.740975
5.306466 3.619679
-34.60534 -76.475113
14.209032 -58.30318
-19.67741 -93.705423
-24.973614 -99.958121
33.535154 -38.291181
0.93326 -68.775472
11.56946 -28.854612
31.591729 -32.244738
-3.238114 -94.684397
45.82441 -55.356374
-3.859637 -66.648768
-41.69295 -58.788271
-10.092437 -39.304885
31.734684 -32.312868
-42.522271 -36.893447
4.400757 -26.909044
-25.247665 -30.066485
33.490537 -64.269764
36.215912 -47.200857
-16.924773 -93.907175
-7.435376 -100.722494
-40.345199 -16.856863
37.039776 -62.924305
-41.672824 -20.178659
-31.079215 -33.052344
-26.565462 -62.037087
-3.673776 -80.140373
1.039081 11.328391
29.13192 -33.548284
-31.316462 -61.811988
-46.845923 -39.656676
-17.518336 -65.920528
-28.59773 -57.853813
14.635167 1.581663
-10.781448 -67.052377
-22.6471 -88.317163
39.718239 -45.443881
-51.955928 -38.662858
-37.897137 -28.685858
1.904794 10.123861
2.798312 -16.266579
-47.516746 -35.442003
39.611892 -45.123991
9.82492 -0.279786
-0.836717 -102.289797
-31.002423 -33.422824
