//Synthetic=Synthetic_01697_J50

J=50
MT=20
Vd=2
Vv=1

p: position coordinates = 
0 0
-84.146244 21.136709
-54.947203 73.107092
-79.986961 16.374763
-96.065663 9.147163
-88.284331 15.320095
-93.700813 18.163808
-62.433428 73.86793
-51.294842 80.021391
-85.837378 8.924586
-91.584606 3.721669
-52.990233 72.974282
-87.065594 9.27509
-45.552785 79.384941
-40.12079 72.561688
-58.189942 79.54118
-55.590225 76.085075
-88.709517 13.70661
-44.966688 73.665058
-61.636105 72.935216
-54.052012 82.969806
-59.534156 78.994327
-62.535308 76.607007
-63.455223 81.901958
-38.318171 75.414015
-80.280447 11.697982
-89.519551 17.913278
-43.895772 84.192717
-56.416315 68.41815
-92.0867 17.405478
-54.087314 70.352856
-81.216582 18.102482
-83.482772 10.945213
-47.355116 83.953868
-83.852065 11.697009
-40.120378 74.892963
-88.192197 21.202512
-77.345672 15.721873
-89.733476 4.440135
-47.590123 72.958486
-61.389302 63.200067
-84.909243 10.993549
-59.731632 82.416388
-85.015104 9.834093
-60.137845 81.336873
-54.846554 91.215368
-55.84796 78.785268
-49.059131 92.747025
-53.591366 82.449406
-90.269246 1.926493
-39.324138 73.044006
