//Synthetic=Synthetic_01160_J100

J=100
MT=20
Vd=2
Vv=1

p: position coordinates = 
0 0
-77.459283 -43.349603
-15.970155 3.057133
-1.450313 4.02639
4.882514 -50.04949
-30.169588 -6.455447
-70.746538 -17.34612
16.176039 -78.179918
-52.798089 -75.226314
10.700336 -63.573002
2.766871 -54.817346
-79.937324 -82.476313
-28.745358 -72.475724
-19.422813 -56.808682
-2.690298 -31.563405
-47.556459 -13.883448
-8.107654 -49.712402
-19.13403 -13.10001
-44.677689 -64.54004
-2.588626 15.897606
-73.352665 -58.201997
-85.247829 -51.867447
-16.683068 -65.518225
-60.386798 -2.446972
-66.995178 -52.673629
-51.011703 -61.667302
-90.016482 -21.352979
-36.311615 -28.316583
33.730965 -73.754686
-8.994675 -7.769316
-36.534615 -81.384691
-70.198197 -13.919274
-48.878921 7.252612
-50.975706 -42.180437
-80.426051 -52.855978
4.50757 10.318763
5.294299 -5.988478
4.132964 1.611082
-69.858935 -7.336212
-39.5785 -17.047039
-48.679386 -29.959983
26.260107 -50.764446
-73.094133 4.986813
-86.28827 16.116248
-96.411091 -60.087223
-99.171456 -11.153152
-2.736877 -62.756854
-69.511746 -37.900805
-11.072052 -11.04613
-6.802642 -14.354698
-19.410966 -7.178896
22.564766 -51.204871
-62.862549 -44.870188
-55.408744 -4.466718
-84.494148 -13.510723
-51.853536 -87.464879
-75.200277 -8.341538
-8.591509 -50.425904
-71.011463 -67.775636
-58.004167 -31.15334
-42.401726 -81.88705
-89.70587 -6.345812
-42.558776 -63.871337
-50.679651 2.115233
-40.949956 -39.65604
-75.494906 -4.970568
-77.470228 -70.122834
-29.235361 -21.090606
-28.117227 -19.716322
-77.683679 -1.245929
-9.023754 -28.576036
-30.277425 -59.408377
-16.963687 -60.422756
19.978381 -12.708107
15.087095 -4.479671
-38.18358 7.008217
21.95886 -31.138193
-4.601299 -4.817204
-52.822714 -40.321931
-28.353585 -69.016492
10.778124 -11.528369
-64.599361 -77.126355
-64.338755 -77.967673
15.533382 -24.181782
-72.074339 -56.340912
22.254394 -52.85697
-45.888509 15.434224
-67.126201 -94.562319
-36.190541 -23.420601
-56.087534 -46.623222
4.343924 -18.156776
-57.662793 -30.837832
-80.137999 -26.055745
-68.464362 -59.787953
-50.176711 -66.145052
-85.155612 -8.628117
-53.09805 4.845401
-87.222511 -34.934957
-61.456419 -74.082655
-3.084353 -22.407045
-4.794207 22.735001
