//Synthetic=Synthetic_00677_J40

J=40
MT=1
Vd=5
Vv=1

p: position coordinates = 
0 0
-6.826083 -51.684414
8.421928 26.456533
-4.51382 -32.116467
-3.080407 20.000669
-5.839533 -37.055206
28.996867 33.81348
-13.420188 -32.511416
-26.797474 12.762799
11.525755 51.560528
46.721057 -1.364809
42.804221 33.185562
42.812096 9.269794
-36.644136 2.353042
-32.047269 -44.807407
36.229423 -38.050572
46.751902 -23.326022
-32.972129 -10.997887
-30.765895 -28.929547
-23.250873 -31.273125
-41.851243 15.295993
-26.181347 -58.283066
18.127992 -4.716076
41.123934 -17.643068
49.240393 -27.051053
55.270498 -21.466246
33.501705 -39.402443
9.653441 -48.721457
-29.865497 -4.779626
-15.453444 -11.060255
-4.212346 16.447522
30.386289 -26.069888
0.267136 -5.629932
-4.658137 -45.280143
-3.795488 9.645308
-54.916193 7.495961
1.114644 -36.481646
26.778296 50.445105
41.377593 12.802474
32.652667 1.284653
12.765003 22.112591
