//Synthetic=Synthetic_01881_J50

J=50
MT=20
Vd=2
Vv=1

p: position coordinates = 
0 0
26.973947 -23.740615
42.119414 69.096992
35.273966 -6.344895
-17.035436 73.29408
-9.417643 44.798086
-8.016284 61.840128
22.05365 48.293286
21.089331 42.711338
-21.821275 11.513596
26.52761 7.245749
81.016191 34.928319
22.388551 8.777471
65.271198 -20.727078
62.810967 3.583462
14.819628 75.584733
64.128685 2.799236
66.952652 2.134389
58.248675 54.378699
-24.200246 7.323639
-40.620714 24.211632
56.501093 9.290816
65.463888 -25.264391
19.296018 61.184616
68.085068 22.486293
51.328404 17.017462
55.931319 8.037083
19.453038 21.296547
-6.107298 80.332312
7.78745 83.79631
-52.692891 6.563853
23.357642 76.420084
-15.587689 12.297218
-44.389999 7.515239
59.821404 31.333314
-12.095984 -15.128916
29.554119 40.221299
11.787884 37.962425
-12.69709 68.368106
38.515724 75.869703
16.866751 73.145243
65.680327 2.750951
59.441217 -12.53764
12.73263 8.491104
-9.596944 54.065321
-1.576571 35.356274
23.112932 32.422417
5.07149 23.878786
-20.199998 21.251846
67.237545 12.347673
40.809376 7.869136
