//Synthetic=Synthetic_01036_J100

J=100
MT=20
Vd=2
Vv=1

p: position coordinates = 
0 0
13.683721 -37.056008
14.868978 -42.897791
19.994445 -34.75174
-53.567148 -44.311658
14.41995 -38.942049
-50.336099 -51.304336
-54.216174 -55.224307
-47.988882 -51.735967
-61.554331 -56.233149
-43.170427 -46.637673
10.860051 -35.302876
62.033083 -6.908427
49.141363 0.403137
-46.508219 -54.058532
11.229761 -52.803161
1.168617 -34.083835
-44.785312 -41.306668
43.890097 6.453396
10.761486 -30.299447
-47.135767 -42.927402
19.433185 -44.296528
9.337511 -35.145593
58.639259 -7.381837
-49.546839 -34.233747
-51.596126 -52.69069
65.042215 -3.22762
-48.315575 -38.27455
19.870994 -39.842277
24.842311 -35.005226
5.333522 -33.628717
-41.67691 -32.852886
10.80442 -49.428619
26.956442 -33.406405
11.906481 -43.842257
-51.492587 -56.028413
10.641745 -39.36079
43.817572 3.640824
10.708115 -54.536427
-49.562063 -41.00659
-44.149832 -46.584546
-46.854977 -46.014222
-48.605526 -48.015011
-52.844573 -42.293462
54.014909 3.134798
53.306241 3.388549
10.391749 -45.28981
-45.69081 -30.346049
-61.42373 -42.317054
-47.64711 -48.42727
-51.024658 -54.986933
60.075638 2.382186
45.065616 -4.35823
44.439151 -1.735958
16.165083 -37.392424
61.9116 1.175047
43.620436 2.035283
-49.165823 -45.988489
-52.261233 -36.222706
0.558462 -32.126731
14.475471 -44.019553
-52.865533 -40.616376
-47.227039 -41.170227
7.448316 -36.771359
4.040162 -43.994097
51.629056 -1.030651
61.226303 9.367853
10.898087 -39.488074
50.265898 -7.999748
-62.567537 -47.831622
-53.487603 -45.185838
52.43942 7.15025
4.556183 -41.340328
-49.949845 -41.847227
9.545873 -27.234221
59.129458 2.130946
-54.455825 -38.914269
23.914888 -30.02018
-50.38232 -36.942655
30.459916 -35.745012
54.778122 -3.004035
-44.410928 -55.856475
13.027885 -36.600375
55.460601 8.592495
-45.598272 -40.57638
16.703451 -38.667706
22.675645 -42.388273
-56.061119 -49.676155
55.450072 2.326501
9.543564 -40.509679
40.081052 2.727094
58.323023 -1.503407
11.655142 -42.119687
55.656826 4.593409
16.401941 -36.944529
-46.80629 -45.260834
-43.090933 -50.429102
15.037412 -35.761167
-58.702684 -46.570557
-54.350029 -50.599708
10.704174 -46.411037
