//Synthetic=Synthetic_00361_J60

J=60
MT=20
Vd=2
Vv=1

p: position coordinates = 
0 0
8.016731 73.213709
48.92492 16.2483
11.515584 16.340294
19.801893 80.259909
15.61076 75.244447
6.737604 63.334411
13.968976 69.396719
11.755889 46.944967
28.355765 7.519156
5.107562 55.47386
20.25259 78.930596
2.527031 65.519278
25.866162 8.153166
30.101369 12.802775
5.203592 64.782551
15.950822 76.53649
35.567019 11.635699
18.570348 70.271461
6.681309 80.61055
16.080011 71.916373
-5.089567 72.050159
40.50581 41.119147
6.577933 68.539505
33.964863 17.898674
6.338583 77.065396
24.242044 59.780712
14.652059 69.36919
31.919598 23.339408
22.839443 47.499732
37.899198 19.957283
7.17139 74.600912
13.654665 57.283245
34.099746 21.721252
-0.157274 60.268007
30.785045 8.700253
11.274547 74.210367
21.984871 71.652662
37.636325 34.641083
34.493549 25.819095
34.38796 16.460575
21.910903 11.312323
2.307628 80.058379
14.16841 104.623469
15.174231 60.621172
4.536213 87.674821
-4.395939 63.637659
35.020782 4.343261
27.050281 22.226267
11.092761 64.887937
41.19828 22.460298
25.542202 25.836981
0.611582 79.889025
31.271382 22.07438
37.906509 22.14239
40.337345 13.544397
5.748769 82.219617
49.560024 23.243744
5.792186 73.008586
27.217474 51.817788
5.880956 73.254245
