//Synthetic=Synthetic_01880_J20

J=20
MT=20
Vd=2
Vv=1

p: position coordinates = 
0 0
-10.06937 -45.469668
26.756131 -69.889238
-15.03393 -47.205522
44.558211 -64.156611
48.702764 -58.192412
-10.072978 -50.679177
31.172196 -66.937464
-14.386119 -47.033081
-3.817661 -50.181803
-12.752452 -51.061315
-21.519462 -52.799907
6.547928 -42.956113
43.358124 -70.023484
-12.682988 -47.529541
-11.806318 -46.610248
47.302034 -71.306302
-5.671454 -60.112774
49.414961 -53.506859
-17.703 -47.646758
55.464788 -70.223466
