//Synthetic=Synthetic_01997_J100

J=100
MT=20
Vd=2
Vv=1

p: position coordinates = 
0 0
-35.939578 -34.517795
-80.135939 -25.081783
-57.73768 -4.742446
-38.400499 23.902376
-39.189319 -9.177987
-42.918361 -20.257423
2.180971 -53.055465
-62.55696 -3.498724
-27.114974 -32.95183
-20.956259 -80.698808
-17.337434 -81.52024
-44.67874 -19.621442
-18.974189 -24.93704
-49.410382 11.723173
-34.163947 5.253171
-48.367187 -6.572184
-15.77174 -30.997663
-37.062949 -43.857273
-59.529906 -37.381136
13.699308 6.721036
-46.467689 -24.537638
1.562254 3.156793
-27.075678 -69.807332
-51.53266 28.04936
-5.28906 -46.120334
-45.065706 -12.466374
-37.238781 -3.76234
-21.926216 -17.83801
16.221866 -9.979877
-23.10326 -60.567331
8.838382 -33.731522
-45.191472 -37.38326
-87.798048 -37.746673
-16.592665 -50.053756
-36.422129 16.935226
-64.371492 -64.614155
-40.38326 18.175569
-29.325885 -54.864282
-11.303931 -8.474044
-9.720094 20.237459
-38.042571 27.109056
-57.132452 -34.549573
-4.410294 8.254053
-86.925312 -26.97059
-4.400479 -33.356034
-28.961514 -28.315061
-26.592889 -11.600532
-43.065264 -64.374461
-31.516569 19.504642
-77.998372 -26.062349
-38.113824 26.892886
-34.856447 -36.374842
-35.686441 -75.464051
7.006101 3.592662
14.53466 -13.056389
-42.245163 -37.479191
-2.391 -78.899668
-1.527548 1.785583
-39.490066 -29.938475
-1.261978 -40.329896
-13.970747 13.964173
-16.797357 -3.649832
-10.843998 -77.526047
-32.59297 -39.169189
-28.463471 -78.694163
-29.133316 -9.162172
-0.408221 -19.19678
-29.588331 7.427121
-37.931411 2.773877
-35.327452 -48.123051
-3.181903 -42.580577
-33.954774 -61.276311
9.544141 -22.261957
-84.692619 -39.354123
-37.738622 15.264563
-47.391602 -43.356568
-2.980305 -65.094317
-39.744147 -2.798041
-32.151868 -43.848738
-32.890831 14.055817
-45.492063 -65.907628
-54.373264 -31.220563
-53.558355 -5.636521
-50.68031 -16.861151
12.137841 9.134856
-48.700807 26.337779
-0.208728 -55.870774
-56.86801 -61.747675
-15.068544 -44.98458
-80.836396 -27.172105
0.093361 -29.421793
-79.537985 -12.908283
-60.240549 -36.250733
-48.792083 -26.530592
-20.994626 -2.35549
-35.834788 23.000509
-13.887247 -40.741655
20.054904 -8.827487
-56.825341 -39.262176
-27.829663 -31.976227
