//Synthetic=Synthetic_01419_J30

J=30
MT=1
Vd=5
Vv=1

p: position coordinates = 
0 0
25.988457 -33.061769
18.680876 -39.052608
14.227538 -37.547028
-15.367308 12.518782
-28.436297 12.990429
-14.021043 16.357166
20.493688 -46.097436
15.055242 -46.554041
13.77368 -39.160592
-29.032187 17.048671
-16.538583 6.279323
-20.727027 15.137495
14.651526 -42.093598
12.941806 -48.115362
-27.042648 19.331074
20.66526 -34.731577
10.134935 -47.991268
-28.424764 23.661251
-19.539072 14.374654
23.308264 -32.224176
-23.245613 21.979663
-10.995295 18.883141
12.52841 -45.87577
12.1886 -48.832745
15.809465 -34.101111
-12.402172 17.067623
-20.754794 26.922641
-26.556754 23.679654
-24.859576 19.65367
17.097011 -45.579905
