//Synthetic=Synthetic_01486_J60

J=60
MT=20
Vd=2
Vv=1

p: position coordinates = 
0 0
-35.644986 -41.412192
33.290031 -31.0365
-87.235654 17.461942
-40.261388 -4.214305
-4.343866 80.231498
63.615518 -76.962384
-48.110682 4.671394
-50.300848 -65.768218
-54.360997 5.428888
-51.513492 74.116622
-9.117813 -85.11368
-8.154833 -85.686049
39.318165 -86.529118
43.990603 -7.585471
74.442676 32.624034
-0.22098 -50.500756
37.85458 21.130445
8.914329 74.006402
-63.244784 24.655096
-60.798568 68.49109
-61.537408 24.227996
-37.333551 2.198812
-2.251965 36.588166
41.607157 -31.944887
34.413545 -85.932104
-13.617029 63.679751
-84.285591 23.889966
-5.515037 45.679012
52.171811 48.178462
-25.544576 -40.573658
60.274869 21.974884
55.091065 12.699525
-4.075159 -63.636834
98.059061 -26.912518
31.314605 -61.511947
-16.511115 45.886987
24.112283 -20.359383
43.181342 77.158444
-30.26304 75.157435
17.417016 -80.380751
-71.23365 45.749056
-91.572156 19.430942
-84.262186 52.109138
-80.181594 34.019166
89.112049 -18.281703
51.401235 52.00385
-70.967954 -70.70636
-76.182807 47.728981
44.114285 -47.167546
0.898156 -44.349557
98.811863 -24.205754
81.461925 34.102456
-47.374337 9.233793
-3.105676 75.560332
38.640618 14.029496
74.345321 60.779396
69.40677 4.224805
44.646098 -15.982929
46.570209 -78.310442
0.238225 52.154897
