//Synthetic=Synthetic_01303_J100

J=100
MT=20
Vd=2
Vv=1

p: position coordinates = 
0 0
-44.516341 -36.321411
-44.915535 45.850591
56.467425 41.067592
49.431434 51.222055
-16.679433 36.450497
14.308386 32.40449
-30.124543 -64.132594
-68.865727 17.883007
9.361777 34.348415
30.41449 5.648411
-11.762103 68.224572
-34.024511 -62.295982
-56.675078 -38.005704
-2.515192 -71.212819
-40.018936 -54.709716
4.244055 42.269087
-12.88719 -59.08707
6.620763 -54.122483
-20.315687 -70.332562
-36.322445 -62.367154
66.960169 20.93158
-67.757289 -6.778704
52.269083 45.624765
-34.879308 -20.100607
42.550376 -47.898641
24.403143 71.73863
41.658921 41.98782
-5.86588 -74.078733
-2.458557 58.290648
24.688254 20.94619
-67.561299 26.035523
-20.535835 -62.901958
49.194184 -3.44767
-25.237246 -58.106174
-0.187275 -32.136323
40.491682 15.291677
-30.853028 23.27802
-31.786381 6.10811
18.959098 42.289673
-29.248303 -28.829725
-30.21079 69.182432
26.758957 -59.963573
-9.011594 69.329406
5.448153 57.996675
51.695794 -49.188583
-56.271853 -18.80651
20.651743 49.890987
73.121797 -21.792337
60.475712 -33.95004
-60.922197 27.781638
11.953828 38.751567
-31.274517 12.414214
2.932859 -29.704862
58.630888 14.219223
-74.203353 0.784545
-14.87093 -39.717689
-52.917184 -37.840994
32.692882 24.845723
24.907372 20.461793
31.409111 -3.28525
-44.389321 57.182681
28.408803 22.672084
-35.03062 -6.737158
-28.038598 -13.241446
-68.145534 13.969082
-38.661999 41.391942
-43.479922 -61.967906
28.113096 9.895494
54.765581 -26.249631
-42.290735 -50.686872
-27.210555 27.330152
-33.116598 25.117393
-25.353221 9.439671
49.324648 6.666838
-22.666198 -27.903226
35.808536 3.760769
57.665818 -22.867598
2.069817 -39.557308
20.731597 48.908927
69.836108 -15.810066
66.508107 -34.35352
9.092428 -30.930163
-32.117538 14.619483
-25.255409 -33.246396
40.066921 11.964807
1.4745 35.172063
-5.632563 -51.574237
-24.010815 22.696359
-34.810723 -35.452532
31.054046 44.184112
-59.230594 -22.084527
-65.178103 17.068828
-50.585892 -33.975599
-53.503001 -1.39478
40.295219 53.693246
-22.358184 -25.034441
-30.34108 -12.339597
-22.502816 27.327537
14.97134 -32.976201
-49.080407 -36.744184
