//Synthetic=Synthetic_01195_J100

J=100
MT=20
Vd=2
Vv=1

p: position coordinates = 
0 0
-56.055931 -59.50693
-66.92036 -62.932238
13.349337 -87.728909
-43.413548 -72.354129
-60.581502 -44.728726
-65.924464 -67.360711
-53.030054 -76.887967
-43.563608 -67.668697
-60.931377 -61.67909
-52.31489 -59.248127
-66.46749 -69.530198
-51.344532 -68.634625
-47.342301 -59.084223
-65.321689 -66.42758
-58.258432 -64.333943
-51.529098 -65.80272
-71.01751 -65.451261
16.642497 -83.577556
20.642102 -65.088575
19.963512 -79.741427
-61.482475 -66.489137
-62.863697 -74.449904
-54.901739 -80.095267
13.851842 -77.658672
-48.981506 -63.085564
7.065343 -73.366476
-67.11402 -62.873237
-49.090715 -56.522947
17.485035 -92.031248
32.536346 -88.071079
18.485974 -80.44573
-55.597095 -69.380034
-47.391686 -68.774671
-55.095491 -64.990822
21.137521 -63.644124
9.414448 -87.516039
6.789391 -77.487629
-50.379836 -69.277089
-51.041464 -65.981984
-46.857638 -63.735226
16.4635 -82.56366
0.494779 -79.131137
22.037185 -70.182393
6.847006 -80.454409
-56.026239 -65.938731
-2.399379 -83.732712
15.19971 -84.00705
-53.829548 -63.267138
7.615915 -78.391081
9.735529 -83.538696
-49.803309 -62.590465
18.033354 -81.514101
-62.543951 -47.104416
18.254455 -76.456808
27.972565 -79.84243
-57.711943 -61.886727
17.217923 -76.745921
14.42235 -74.191717
14.029298 -87.456405
-51.618277 -61.21793
-49.933611 -68.672329
17.667858 -72.704553
-64.157399 -70.861781
-48.610243 -61.838097
18.908199 -75.821083
-67.594703 -65.168654
17.148895 -87.556433
-58.988417 -69.632912
18.751197 -87.283385
-43.586899 -69.105672
26.186496 -88.108683
-55.377276 -68.225786
25.81118 -83.476711
-49.13799 -67.525938
-47.576767 -48.492265
20.077159 -69.851702
3.141201 -76.73731
-52.17542 -71.677381
-50.970171 -54.129801
-62.198734 -62.624918
18.70567 -85.091776
26.179127 -83.240929
-62.451801 -72.58236
20.375902 -73.04875
-41.309782 -67.056898
20.336012 -63.735804
-66.584192 -63.92962
-52.675124 -64.442536
-55.407721 -59.96179
-53.920034 -55.091505
13.859218 -80.446063
15.339555 -72.068052
12.895795 -80.81369
5.506761 -85.136527
-50.092821 -71.121251
-46.75248 -73.647639
17.613526 -72.927417
-61.293377 -73.562022
13.301344 -75.443465
3.503692 -84.614564
