//Synthetic=Synthetic_00427_J100

J=100
MT=20
Vd=2
Vv=1

p: position coordinates = 
0 0
30.396397 20.13336
55.686074 37.685862
17.494528 -34.098587
28.793307 22.599327
-24.937208 -10.287447
15.885403 -24.877748
-23.597875 -8.538252
33.392662 -43.472798
16.917979 -29.52903
-8.559106 -6.110539
31.488074 50.564754
-5.92092 -2.890224
24.570714 -42.180568
62.120823 10.044105
35.707434 -22.778025
31.896893 -23.262071
19.828626 -48.37461
46.402894 -29.893769
-21.423268 -23.592813
53.834789 8.153506
12.243225 -40.951398
33.897408 38.280649
-3.881952 -26.582796
42.005337 2.063117
6.30381 -23.461422
33.080783 0.903806
7.210374 -41.929297
66.614687 22.183577
15.21657 -13.355702
16.759432 34.814942
45.866556 -3.5591
22.207238 6.432449
26.67303 -34.950986
47.880282 -22.405995
25.432836 2.367042
25.697042 21.3298
-23.022512 -2.284025
39.429402 -36.144451
67.453509 24.164856
-16.199913 -7.554532
54.815667 -21.75347
45.260421 32.275968
12.304476 0.661726
12.037973 -40.205867
47.169972 -16.635198
20.290286 -28.378725
43.978134 -2.797034
10.396312 -5.363149
1.849343 -35.643821
-26.436873 -5.38512
10.751059 33.611896
-9.540303 -0.747916
35.605589 -38.437647
14.301719 34.512211
53.622032 -18.448755
2.914971 42.971982
26.156823 20.639244
31.783904 -38.433203
-10.308256 7.206109
-5.570644 37.434344
-22.486532 8.006879
19.615242 32.16695
-24.539499 2.549071
-1.191264 36.153074
18.748356 -46.238964
-18.524553 1.598102
26.145235 40.960403
-17.012177 -6.655987
8.990636 -15.105932
14.163943 -39.582455
33.446974 -16.62782
-2.83435 39.683516
4.508818 -9.327967
56.697093 2.243743
-17.099643 -14.470743
35.650755 38.754078
23.632427 -1.55119
64.022732 22.45431
-1.372265 0.813583
-11.681771 -0.400743
20.047635 -30.609621
36.09162 15.887104
-27.189156 -0.747105
-10.204073 0.380351
-6.100523 -32.905904
22.430493 -55.228311
-24.603548 -10.648685
-7.721813 25.97323
58.850489 24.162093
7.758152 65.369623
13.807942 -4.938439
42.382199 11.911757
-14.963269 -3.482486
25.959964 14.664421
57.159778 27.339403
-4.200503 23.74624
49.434341 2.080164
12.398007 -40.108059
1.961329 -20.260302
-8.910047 20.975917
