//Synthetic=Synthetic_00493_J100

J=100
MT=20
Vd=2
Vv=1

p: position coordinates = 
0 0
12.959931 76.846531
10.428218 80.818031
16.566055 74.778822
17.868194 64.336657
71.697031 44.98427
20.980048 80.366226
11.05889 72.72685
61.404114 37.834705
69.690012 49.360119
1.952816 63.169521
57.862307 42.841387
62.954447 40.213775
76.851359 45.467689
13.912707 81.276895
9.759715 84.428849
72.046576 41.992994
23.367838 76.976028
22.138605 80.075003
71.08388 48.670965
67.475239 34.693942
22.226184 74.831469
60.797277 46.336016
64.682713 56.048392
0.611722 78.703281
12.349949 70.149025
57.284723 25.553325
5.588837 70.742708
11.83709 84.419506
67.359614 45.055583
66.47819 42.449675
22.784289 75.074762
6.343079 78.092223
58.730251 53.00292
3.654209 62.344726
59.108041 42.5388
17.341092 74.966821
3.282031 90.755701
73.51879 48.668006
69.897993 30.883071
20.768463 79.01362
66.716972 49.315266
58.988077 44.96266
12.698167 68.968555
73.755758 49.130956
8.70382 75.542069
22.164585 75.984531
79.231875 36.946286
71.135499 48.858489
22.746802 82.581299
62.658044 39.392811
15.944857 73.55155
62.469682 30.063548
7.220805 87.2368
15.394933 79.723472
61.995645 46.318256
59.197154 59.710233
3.808291 89.191255
15.699901 80.353983
11.803033 77.538118
20.94923 75.872064
82.370779 44.551511
12.20396 80.464872
21.643399 78.591361
64.593666 45.138834
69.23182 44.745366
10.369137 84.877884
73.139562 39.55876
19.310028 87.02362
63.078213 43.952699
22.193767 79.10397
74.893082 52.463845
20.52213 82.684601
1.818047 69.148451
62.69768 44.673005
62.394813 57.463324
55.969498 28.569518
64.38326 44.430469
69.273124 47.456547
3.315934 82.210295
57.822879 37.586581
11.295711 77.065365
13.665597 87.985718
12.863264 59.891003
55.78106 35.646686
5.265461 83.123343
64.279752 37.200843
-2.604174 65.85909
70.884508 40.174528
71.476921 43.648074
62.82117 47.07174
74.514529 43.544244
11.442771 82.971205
66.003694 28.621016
63.029149 41.143928
-0.275376 68.515254
14.434943 75.447907
14.247707 65.481691
64.567243 46.733364
21.477893 79.134235
10.059768 66.021229
