//Synthetic=Synthetic_00932_J100

J=100
MT=20
Vd=2
Vv=1

p: position coordinates = 
0 0
46.762242 40.951004
67.2084 41.638217
26.895783 -27.323085
37.967402 37.287136
48.982735 40.830207
51.255131 34.544927
45.080349 34.438974
46.353304 44.425616
50.275956 34.333961
62.441939 -18.731793
20.411324 -16.338058
62.264342 40.166317
41.262861 36.898723
26.506886 -23.800032
27.022428 -24.473033
35.006275 -29.80965
32.380335 -29.38042
37.148719 -34.471545
29.833496 -33.528124
32.958543 -29.171162
51.243021 33.102313
25.201783 -18.576957
50.984691 26.97834
32.581171 -17.263911
50.813745 36.556138
51.20123 38.822995
43.46959 30.515139
24.636799 -34.151827
40.903781 35.354896
43.308022 -25.775737
37.847635 -11.103951
53.849262 35.599394
18.060697 -37.222625
29.37299 -30.73364
30.17614 -38.278293
34.908794 -22.827905
53.344432 44.451734
53.358603 53.750888
53.595245 34.509808
30.67629 -29.422644
36.708336 -24.192088
57.877915 38.252281
52.854903 31.135026
57.627806 43.13258
44.519132 24.522585
35.305946 -16.770109
54.108501 40.693175
38.287119 -29.476256
28.694801 -19.146712
57.09476 26.327646
23.702977 -27.098528
49.076415 38.748438
49.749027 45.975241
43.126612 -31.569112
30.971783 -33.934172
55.967019 42.361828
37.05709 -18.004882
46.595763 31.922946
29.135112 -10.170683
32.224846 -22.131647
39.313316 -25.674082
54.737354 41.831243
49.261801 34.417869
36.685679 -25.732738
40.749315 -26.481767
33.228395 -20.530094
52.462565 41.639182
62.220244 38.389299
40.417302 -31.096062
32.3747 -26.136115
45.641191 43.589559
52.986014 38.843569
52.58777 45.263234
41.041457 40.853261
30.726223 -32.671284
43.128066 -20.716345
55.452702 26.846011
54.511477 44.349162
33.084813 -21.912742
57.858626 42.801332
36.962977 -36.17767
58.805797 39.462301
31.995326 -14.369538
35.126036 -19.396868
45.007943 36.546758
28.730001 -25.075272
49.876854 44.178814
19.953379 -31.638229
37.778202 -29.362091
40.724073 53.574521
28.126122 -30.519942
43.82245 -17.483146
51.556493 31.948055
51.167982 34.547369
60.999056 35.820698
51.525144 38.686241
34.451421 -39.423315
57.112204 45.597017
37.227176 -24.25391
26.559998 -32.024044
