//Synthetic=Synthetic_00601_J50

J=50
MT=20
Vd=2
Vv=1

p: position coordinates = 
0 0
-43.16944 64.515785
-55.469796 54.911996
-33.688863 58.600923
-47.66287 74.836671
-48.71752 50.500233
-96.792235 8.934972
-48.16039 74.29858
-42.273891 73.910285
-49.40768 60.941194
-38.836114 57.883743
-50.291494 63.370344
-36.135087 64.549051
-51.58147 67.322844
-81.196838 8.853801
-81.025344 17.276184
-55.421222 59.015413
-87.161265 3.712055
-99.686547 13.689374
-56.796607 52.149763
-96.120043 23.15843
-90.990826 11.813026
-47.94751 61.749985
-92.391306 12.164045
-64.401104 7.39035
-86.848752 17.928097
-49.389066 69.560163
-52.227579 63.217836
-50.15684 72.594626
-49.182232 46.069307
-79.721965 14.095421
-81.39857 3.412878
-46.190739 58.645201
-42.368919 53.008787
-86.985645 6.740684
-37.203925 69.744426
-74.023327 12.882737
-82.684356 24.147192
-37.791966 61.633532
-30.907473 61.219402
-81.3075 9.675927
-89.901902 13.969608
-83.897216 10.199742
-86.709258 9.57806
-45.752154 77.201424
-80.923001 7.729242
-52.379587 54.81352
-44.629823 60.051801
-77.35183 12.609567
-91.460869 6.434342
-89.246286 15.888593
