//Synthetic=Synthetic_01704_J100

J=100
MT=20
Vd=2
Vv=1

p: position coordinates = 
0 0
-24.920242 -78.982855
-25.011436 -73.840519
-22.563875 -70.077757
52.953407 -72.834994
-19.781138 -76.351769
36.6426 -75.270311
-29.961954 -86.196786
40.270917 -80.782088
36.994828 -66.997445
-22.271358 -76.815303
-23.066026 -78.017936
-21.85512 -88.358457
32.237165 -62.988344
-31.331068 -85.829237
-15.975419 -83.871579
-32.927264 -79.498563
50.384541 -70.307984
-31.505718 -75.22172
47.722566 -74.641432
45.233646 -76.945674
46.778038 -67.757095
-25.178866 -77.291094
-10.776911 -85.261359
-20.760122 -80.827216
44.315297 -67.851983
46.00318 -56.982579
40.391984 -68.685714
-31.173048 -77.670911
-27.890854 -78.804348
-13.114412 -80.032789
-30.044329 -64.899614
-23.484909 -75.715984
45.104793 -62.707632
39.671338 -81.269442
41.690122 -80.166291
40.816663 -55.564072
42.745743 -78.401516
-18.228608 -78.475363
-17.133851 -61.908675
50.265065 -70.941468
-24.599005 -72.715119
35.081967 -71.250301
32.452343 -73.901043
-12.076602 -84.899722
-29.877765 -87.794382
-16.842365 -83.880196
39.108906 -79.313511
-23.685503 -90.419821
-22.768061 -75.503856
-25.820088 -71.961855
40.51593 -77.152645
-21.368575 -78.761321
-24.567593 -87.758471
-33.294807 -69.256618
34.716203 -75.433522
-11.488505 -84.72792
27.956716 -61.059855
-18.279966 -90.459583
-29.459945 -87.165702
52.730097 -74.515477
-26.352993 -87.671152
-32.136064 -78.120766
34.754742 -80.598587
-26.99779 -83.551309
35.733794 -67.296926
-22.691387 -63.910833
-39.372805 -90.747461
-23.213644 -84.195148
-33.00159 -86.823118
-29.278124 -76.247256
-31.548616 -80.633441
-24.541151 -85.920748
53.584784 -77.267816
-30.307038 -72.591259
-14.964977 -62.386284
53.879469 -74.082104
-24.266888 -79.770682
36.89219 -72.168025
-27.640311 -75.588754
-23.67429 -72.188923
-14.259292 -83.115907
-11.118231 -82.584309
44.589734 -64.569953
45.602066 -74.552144
33.891294 -73.974138
-26.429895 -85.847857
-25.420944 -80.801431
40.226996 -63.24515
42.099183 -74.424999
-32.946607 -78.484463
38.008019 -77.95094
-29.687381 -64.067732
-21.421669 -73.816435
-16.058174 -64.560392
-22.658486 -85.99282
38.321084 -77.571461
-28.795041 -74.716638
36.493801 -62.898323
36.688641 -60.124634
45.416876 -74.030189
