//Synthetic=Synthetic_00474_J20

J=20
MT=20
Vd=2
Vv=1

p: position coordinates = 
0 0
-75.583837 -35.66782
-91.827879 17.692772
-79.61389 22.234042
-71.636957 10.082452
-62.093324 36.445884
-59.628501 -38.210101
-78.389162 -28.678461
-77.467611 23.492315
-82.362394 13.624219
-65.717319 -51.23234
-87.348263 7.228076
-78.123354 13.307058
-86.591955 13.190864
-45.898474 -37.936908
-64.464982 -29.020651
-66.379701 20.699614
-77.329083 -34.566666
-63.926913 -46.947721
-84.4263 -41.10588
-79.266242 -39.166213
