//Synthetic=Synthetic_02062_J40

J=40
MT=1
Vd=5
Vv=1

p: position coordinates = 
0 0
26.162809 16.148642
-5.012263 -14.580398
36.562382 6.008735
-4.62343 -39.393289
4.327888 -32.539734
-11.878882 27.363032
-14.346927 35.639877
54.158025 6.329086
-3.1301 33.583362
-45.775149 16.902256
-15.913133 37.665841
0.457517 -51.50459
-15.220148 4.969659
23.388954 -20.577581
-24.519 -43.622039
49.072672 14.058893
-10.133573 16.159988
30.002442 -16.436115
-0.766699 30.992921
9.556615 -50.501129
-19.983674 22.265009
33.128441 -23.655293
4.87109 -45.979418
-26.590439 1.032222
-17.033164 -3.644128
-32.039797 13.694036
7.283117 48.094367
24.468486 42.777863
-18.576387 -3.554954
7.306346 -41.855905
-3.012876 10.785099
13.244337 -50.680265
-3.671897 -13.508951
-57.381454 -11.049895
-21.24287 -14.040113
-39.219938 -8.290104
-5.274321 24.35429
-13.693856 54.942215
26.529439 -0.252574
13.477324 -56.009799
