//Synthetic=Synthetic_00657_J40

J=40
MT=1
Vd=5
Vv=1

p: position coordinates = 
0 0
-38.619305 -28.313123
1.318246 -4.567516
14.825726 35.077062
-18.373905 -40.055539
-26.154097 -38.14049
-33.77203 10.17433
6.835948 -19.284323
13.339553 -49.002868
-49.678061 -6.920496
25.838097 -43.799409
-8.984712 -13.520777
42.860914 -1.4253
-18.486302 35.792711
-10.00831 53.099925
24.04274 -20.24011
8.417365 19.196251
-6.518928 6.259512
25.264803 -30.525384
54.641922 24.251334
29.480048 23.829644
-15.672521 -36.966287
-10.036024 -26.187859
36.159399 26.194606
-47.030883 -30.165788
-33.256702 59.833129
-48.253441 -15.067802
-33.718772 5.95904
27.17622 -30.815655
3.2077 -45.347854
-9.585668 2.523518
24.580959 -11.315581
18.014099 6.474589
-34.511431 15.229399
3.634274 -42.519205
40.97319 -14.518316
-5.986937 -36.643741
-14.012578 47.181166
6.636811 11.977043
15.812697 9.427577
24.509625 -8.467242
