//Synthetic=Synthetic_01318_J40

J=40
MT=1
Vd=5
Vv=1

p: position coordinates = 
0 0
11.499103 -10.760206
-7.68521 39.308513
12.168433 -27.301692
-16.398384 34.061142
-17.180928 -33.397418
-3.568222 -1.023778
-38.261902 15.775017
-11.312228 19.696302
66.347538 -1.811302
28.470454 28.138672
44.746298 20.175274
38.986473 -1.207082
-22.368536 -14.133943
-23.340659 -22.960658
17.460035 0.386996
4.481046 -40.92958
25.506056 10.380286
1.22159 30.226021
14.101603 -1.641786
23.04559 1.75819
34.730757 -8.468759
26.788425 35.442198
-17.937729 -32.708774
19.209627 -37.75583
21.099316 -21.844586
13.418713 12.734165
23.011838 -4.00545
23.16934 32.373056
-34.047733 16.1119
-6.446327 18.700766
-7.157155 -39.998844
25.274103 -26.950155
10.098271 0.249939
56.916259 9.860404
30.242476 -20.828008
-8.009065 -33.866868
17.91445 37.197094
25.585946 13.03966
17.749957 22.732418
-46.834818 10.788321
