//Synthetic=Synthetic_00232_J60

J=60
MT=1
Vd=5
Vv=1

p: position coordinates = 
0 0
15.400803 38.331357
20.430021 19.399359
55.025676 -17.52858
-27.836032 -19.346627
-20.725846 7.135962
44.813733 -9.375632
7.31108 6.515332
37.584497 15.835093
-37.698426 -12.622724
-25.105402 -26.638255
-28.259121 -22.532251
22.701694 36.636313
24.821445 -41.093691
-36.416801 -14.469368
-18.629439 -54.646827
53.618516 -13.25108
-14.022569 -49.310843
22.652233 -41.032918
-1.983834 -17.554015
-35.55456 0.944898
25.591642 7.549093
-6.148274 -14.63465
49.603972 -3.965649
-36.658501 -12.427052
-18.666318 -47.120614
-21.261237 30.070518
-6.969366 -18.67141
15.352888 40.446798
-33.050889 -24.17871
24.06858 -17.445203
-44.202391 24.348847
-17.133792 -51.301471
-36.050098 -33.169411
-8.238097 -17.481675
19.707822 37.339388
-38.930494 -11.732567
-59.021313 2.84743
-54.68291 6.81279
36.558964 19.629442
-32.23362 -19.191057
-17.709999 0.598896
-29.702277 -4.033178
-1.200161 -36.414712
0.534712 -18.552397
53.887793 -11.860829
-32.476515 -28.497395
-44.164187 25.91078
25.162933 0.246041
1.560958 -38.60429
-24.478631 6.2319
68.112464 -16.990273
-19.855503 3.502271
-1.690969 6.750294
-17.451029 -48.54359
-9.124292 -50.236256
-24.026233 6.051771
-69.160119 18.339819
-20.2021 11.310276
3.128575 5.001579
51.864579 -18.612361
