//Synthetic=Synthetic_01492_J50

J=50
MT=20
Vd=2
Vv=1

p: position coordinates = 
0 0
5.836339 4.444345
-39.517607 29.409077
-64.13225 20.358233
-38.935882 62.679712
-81.928925 5.546069
-9.213418 -10.581242
-31.625085 36.304972
-11.259804 3.83746
-15.623892 44.314518
-20.776463 1.463992
-25.976909 11.40038
-44.24951 -19.861605
-0.147684 17.967669
-79.674623 8.061442
-56.423794 22.163074
-36.528624 77.419215
-72.55123 9.07491
13.160094 4.826892
-90.80594 9.270301
-13.515238 44.917577
-76.603322 32.893151
-56.528459 -12.381652
-34.088324 57.010055
-51.840855 -30.412332
3.509449 24.845614
-33.594298 36.278011
-38.539708 -25.555448
-10.391367 25.666907
-54.788902 -11.605775
-65.125563 40.805053
-3.655754 43.948361
-29.682266 46.044498
-10.967136 13.739044
-14.549397 -21.499241
-8.370747 -17.462631
-55.14117 17.275468
-44.485647 19.672808
-73.017213 38.093646
-51.739732 50.852371
-90.104968 10.744106
8.202336 16.518065
-38.182879 22.531341
-59.949954 29.677995
-94.660567 33.895531
-72.873132 -9.40525
-28.426625 19.627681
-58.294767 22.186239
-59.843855 -5.028573
-59.939081 -6.11957
-37.608597 3.258126
