//Synthetic=Synthetic_00775_J40

J=40
MT=1
Vd=5
Vv=1

p: position coordinates = 
0 0
27.034665 13.79955
-6.020269 -9.015083
-32.850295 -22.883108
-45.168133 -31.519178
22.815771 -13.000448
-37.807127 4.303199
-43.067299 2.534067
32.879912 5.181475
-8.160169 -15.10546
41.158948 -36.525318
-36.919044 -40.669339
-18.989996 -23.625796
-47.416595 -33.320906
-17.920451 12.598738
27.480449 34.177783
27.03714 24.64875
19.862607 9.447349
44.24516 -14.918614
34.238389 -28.464044
6.307507 46.689011
-34.740879 -30.637531
26.70732 18.634923
13.982742 -2.259979
32.98898 -6.460067
-38.336797 39.106578
47.869222 34.212342
6.387626 -23.490807
21.12542 -13.849471
23.88094 25.421895
19.38392 16.058673
-6.711406 -38.757465
-39.693276 35.338296
-26.373102 -21.150411
-25.064989 28.396132
7.476202 1.408676
-52.412251 -28.655491
-9.543148 24.751487
43.33128 17.989006
-36.979333 -0.487651
16.181728 -14.352079
