//Synthetic=Synthetic_00751_J50

J=50
MT=1
Vd=5
Vv=1

p: position coordinates = 
0 0
-51.291541 46.673057
-7.090823 59.840229
44.492944 -6.515895
3.383284 30.358021
68.61025 -12.082097
-11.923475 53.559943
-60.655864 12.917783
17.867543 -48.214405
-11.968558 -64.930954
20.426591 -30.785133
-35.482545 1.54494
57.385827 27.311488
40.099344 -54.920271
49.071944 -34.758926
-34.756217 -38.723592
2.575207 -43.487978
-14.065447 32.83536
-62.516442 33.314443
34.589796 -57.907789
-40.873704 20.983915
-41.842432 -42.723791
-37.553442 40.772259
42.798819 0.94893
-49.793634 8.208089
-8.053265 -65.423555
-18.479526 48.931943
-16.347779 -51.025693
-31.306929 -1.338912
24.151925 40.100673
34.5472 -1.807619
22.235511 22.201185
-53.724814 38.843745
7.172459 41.054337
0.595038 33.762439
-30.282085 -13.209322
60.851938 23.363224
35.160698 52.197009
5.313852 -57.485705
-43.454528 -42.363386
-21.552687 45.929008
-52.235836 34.361412
-60.780109 14.979636
29.019527 31.815164
26.959938 1.096632
-59.253676 -38.059611
-28.683034 -43.00536
64.88961 -0.381641
56.165049 10.761965
-67.460628 -5.107159
65.655155 -3.985701
