//Synthetic=Synthetic_01747_J30

J=30
MT=20
Vd=2
Vv=1

p: position coordinates = 
0 0
66.733825 28.879858
-22.947354 34.754277
35.634159 83.221053
-13.035157 16.54154
-8.252053 40.562585
15.218331 -35.798046
30.164031 81.160791
78.296223 18.982996
55.891668 46.229876
78.178058 39.493645
7.885476 -14.687725
78.278878 37.020379
-5.615642 53.005187
-7.892078 39.678875
20.602856 27.205144
45.631448 55.173417
59.018095 8.629155
8.297817 47.97699
53.566222 0.930655
47.413627 52.71874
15.049183 76.339765
1.482843 25.562487
24.551329 15.546294
-2.444587 40.520672
27.520625 2.151451
48.163866 73.080223
29.944561 46.412119
56.350137 66.426377
44.572671 40.614359
77.116755 15.705236
