//Synthetic=Synthetic_00838_J60

J=60
MT=1
Vd=5
Vv=1

p: position coordinates = 
0 0
-3.094122 -21.841634
-46.927098 4.104332
-27.457755 47.771196
7.574905 17.596348
-38.948648 -13.423324
-6.403433 40.836966
16.744336 4.861982
-37.048432 -46.068141
9.925055 -3.522535
-46.459885 -46.940211
-20.122576 -3.216294
-33.161107 17.788755
-57.368699 -13.626783
-38.681787 29.136619
35.061349 -36.765877
-14.553919 8.033916
23.896609 44.821182
-15.830005 23.703018
-5.189329 -24.291441
48.912403 -3.85938
41.246449 15.309976
-32.588888 19.567532
-38.611701 -22.805567
-37.520912 2.329675
12.426319 41.383486
-22.427457 56.502508
8.913227 13.272817
-25.587621 -41.127281
-36.498969 46.506175
-1.036093 36.922036
-32.516148 18.661032
6.097688 21.32961
-18.578461 1.125043
-32.362079 -48.258595
4.553182 -35.681908
14.168592 -1.725269
11.919777 44.75037
-35.133746 -9.08042
-14.481751 -14.418849
5.513773 28.168492
18.25061 46.002872
-23.305245 18.976598
-19.323268 50.724357
-17.380043 -7.616862
-36.550418 46.377188
-32.349941 -48.468507
-48.498756 0.818639
-2.873502 -23.64901
-38.160082 -12.3375
8.275725 -25.220892
22.283216 2.707749
-53.503076 1.162761
-48.597679 5.305317
-21.507003 4.097709
10.339603 -36.512087
25.325658 -51.652239
-19.02828 -3.992958
23.057879 -52.121406
-17.249928 17.265324
41.662977 14.975889
