//Synthetic=Synthetic_01729_J100

J=100
MT=20
Vd=2
Vv=1

p: position coordinates = 
0 0
-44.100601 22.506425
18.674952 53.458747
10.072434 2.278014
30.974541 5.716229
-70.39035 37.039467
-40.828328 28.702069
-3.250278 77.102634
-43.410652 46.714399
-31.588414 19.760331
-26.622788 38.417915
-2.215577 18.357888
-31.518835 78.817044
-42.891143 57.975293
39.031559 68.102321
-17.39122 94.828797
-41.071245 77.362351
1.468659 9.878492
-10.309444 -16.769877
20.251075 17.613181
3.086649 98.087023
35.578822 26.651949
-23.613907 66.259501
5.341501 -17.805955
53.797105 51.72771
-13.561311 17.711514
-14.237389 106.984503
-26.226375 89.799566
-8.535364 66.856596
13.145467 40.418659
-27.27283 55.15881
-39.681346 15.48675
50.352673 35.605499
-25.269656 66.987278
-57.6501 23.618262
-15.599326 -5.425136
-44.921969 20.827545
41.376491 58.049029
2.502324 37.21189
23.715371 70.043905
6.594766 95.510824
33.429491 22.721803
34.866478 75.449197
-13.774288 -7.337385
9.915966 15.901132
-13.667453 33.135137
-14.782559 6.676929
-12.905665 75.654163
-38.218147 83.519291
-6.980993 -2.037996
-2.590401 -20.415473
10.161857 8.532528
36.379994 0.731396
-9.917017 22.200451
-49.886157 39.138217
-24.876024 0.37881
8.75875 52.281679
-3.344461 -9.963174
5.796112 0.826202
-1.378916 32.847457
-28.987782 62.759219
38.424256 49.669355
-4.829044 32.030938
-27.492834 0.54435
30.468237 46.589572
-28.356271 35.358395
22.982069 66.407715
24.46581 84.265962
-57.262738 41.516606
51.682479 41.975831
6.58845 14.900164
27.144362 62.507397
-16.604164 36.920873
37.57863 17.560147
-40.487411 21.070195
-21.867059 12.496682
-20.28254 -0.163868
-3.17575 60.868263
-47.445864 38.363127
4.837806 8.808479
-34.906678 68.964199
-23.192537 18.754657
19.099953 5.166033
19.250647 54.396322
-25.738813 40.259127
-34.782343 41.173029
62.268651 44.569579
-20.607773 13.799518
-0.681447 77.214482
35.205052 61.901837
7.785384 -7.359297
-5.1507 58.829188
-27.135576 101.827432
-37.460619 59.893968
-6.73895 43.339725
17.24946 52.47692
-21.09057 79.279494
45.181808 32.030601
25.929714 32.166908
32.179568 36.792096
11.158368 37.829049
