//Synthetic=Synthetic_00872_J80

J=80
MT=20
Vd=2
Vv=1

p: position coordinates = 
0 0
5.970172 96.26988
61.108557 52.381687
80.645312 70.727694
72.031812 60.478837
62.401133 63.406703
-0.016749 103.720929
13.548757 93.686479
73.589444 38.296658
5.025109 92.418927
65.092043 63.642422
70.462762 53.790882
1.258755 81.742863
3.328252 87.974538
1.102182 85.17154
80.956043 67.398563
-6.502142 96.001781
64.155803 73.421834
86.71555 58.634852
14.27553 107.817227
-9.473556 93.669432
2.523 90.02088
72.01557 72.93313
-0.145888 93.165591
-1.217271 87.390439
84.436983 60.884329
78.617366 63.428111
63.65731 47.039851
79.813758 67.480957
4.133851 98.315815
-7.741424 93.111739
70.409818 63.668024
3.63296 107.917664
-1.895681 102.716521
62.298887 59.804231
74.752256 55.874503
61.186081 44.849509
64.101745 57.898359
12.519645 100.772609
-6.852532 109.667412
10.87513 97.904487
86.211948 61.975758
66.25094 46.52295
76.025289 66.005813
-16.649783 83.909046
82.943133 57.69623
84.867032 63.859804
5.230453 98.788371
69.652778 50.526125
68.285595 65.629455
-0.84012 97.382781
80.099898 53.991444
17.210577 95.059343
71.092324 61.465573
1.187026 89.890673
66.159163 52.978594
-2.553983 93.531504
67.863155 70.555521
74.363893 67.536483
69.670491 67.524711
0.997793 98.712476
77.770228 70.635062
1.459771 86.753453
66.653004 61.488546
3.451138 90.061753
-7.501005 77.07798
75.258085 58.147627
14.052722 99.156171
62.938164 62.889223
-1.269511 92.434649
7.578351 96.320296
68.413017 55.464279
6.408432 92.780997
11.094057 87.413289
-7.360965 84.45369
75.263137 68.40675
-0.131568 87.414782
2.829533 89.761013
85.444496 67.21506
67.928589 36.829086
55.403113 55.39024
