//Synthetic=Synthetic_00170_J60

J=60
MT=20
Vd=2
Vv=1

p: position coordinates = 
0 0
-63.514411 55.505773
-72.680935 59.03204
-95.869781 -3.429703
-65.729496 64.056296
-68.32937 51.819153
-68.599038 57.751443
-68.058363 63.085747
-89.782509 -8.564938
-80.174873 74.134159
-91.330501 -8.324406
-62.591883 62.751287
-66.387104 56.948283
-89.96839 -5.354618
-74.199858 75.93059
-63.467112 61.849106
-91.241225 -4.647927
-71.709457 59.765534
-71.738004 58.892276
-76.059692 66.7243
-88.450296 -7.205855
-69.210203 50.910793
-91.993473 -10.309164
-84.029928 -2.450358
-80.706774 63.291436
-87.623684 -12.323591
-57.365683 63.212529
-56.614704 58.387443
-92.14831 -7.729522
-90.864038 -10.534176
-87.572139 57.687017
-65.946716 70.936806
-92.596711 -7.94942
-93.894738 -14.02953
-83.967163 -19.746934
-66.413866 62.734665
-94.202181 -11.291276
-78.398966 61.663124
-86.339785 -16.999315
-98.228103 -24.879718
-98.086392 -20.01268
-64.273923 61.016335
-81.73214 59.324262
-77.96956 58.905847
-74.446861 68.173204
-67.637218 63.809478
-90.550416 -6.774741
-61.419384 53.89874
-92.853931 -18.837039
-66.673607 59.883227
-86.956899 -21.432263
-76.219685 75.635807
-94.745866 -9.553364
-90.762289 -18.205737
-68.45701 59.570716
-98.061989 -10.388052
-96.02701 -28.78047
-84.206248 -17.266652
-93.449925 -14.728755
-90.500527 -14.798924
-66.751868 59.302727
