//Synthetic=Synthetic_00642_J80

J=80
MT=20
Vd=2
Vv=1

p: position coordinates = 
0 0
-37.745122 55.211791
-39.361194 64.45365
-67.504738 15.575895
-62.216981 22.444959
-42.134436 58.3825
-31.242367 56.32109
-31.331127 68.399738
-53.540715 8.245133
-72.548481 21.640563
-81.206036 10.426198
-72.372412 12.025257
-24.291825 64.814056
-78.767674 14.975349
-44.936426 64.016828
-35.896737 53.505877
-70.404384 9.589208
-68.034642 7.751067
-36.417251 57.860236
-31.475497 58.468033
-67.501298 23.667466
-24.723463 62.724792
-33.634573 67.418759
-41.113014 61.917777
-66.133155 11.023812
-70.856776 8.139134
-44.364661 62.379101
-25.545295 57.678752
-37.49265 59.206123
-37.674074 60.448906
-42.946607 56.375392
-67.613336 13.565628
-74.320073 11.341964
-73.03801 14.962588
-64.454566 16.104301
-27.346363 67.448521
-41.229887 69.743732
-31.920576 64.083245
-31.278005 59.209493
-84.646001 9.571909
-71.472557 23.96508
-62.27789 2.688014
-74.163842 17.052851
-34.519692 52.236416
-30.377558 57.121492
-22.195931 56.264169
-77.517576 17.195947
-35.802443 65.953309
-74.91753 13.197532
-65.074269 18.141079
-37.442773 63.414614
-35.228994 64.922204
-42.415263 63.137474
-29.293322 60.461571
-69.468609 19.297991
-33.766306 56.963719
-44.533287 56.918131
-72.296973 19.379729
-32.476168 71.941027
-72.985529 15.167095
-39.758374 59.29754
-64.404512 5.171137
-73.691152 12.571578
-35.98938 68.061135
-75.035503 26.010433
-24.415798 62.432597
-72.918531 11.927488
-73.063629 21.502583
-66.182003 14.31167
-74.212554 17.769858
-66.849364 21.504378
-67.147356 16.064716
-31.997575 61.125281
-81.033964 20.653453
-32.280178 71.432052
-33.666348 55.117501
-35.500335 60.972255
-30.136614 68.066034
-68.543882 18.631616
-69.854109 24.576256
-33.04371 61.781693
