//Synthetic=Synthetic_01408_J100

J=100
MT=20
Vd=2
Vv=1

p: position coordinates = 
0 0
39.691301 42.596496
-89.760251 -35.402999
93.293164 -0.070472
57.585048 -27.033788
-28.036937 23.896941
26.381654 -32.609093
-4.681922 85.26552
67.858902 -59.248422
75.200759 33.882855
53.024225 27.31836
-63.001942 30.18386
-84.93507 45.08561
36.306928 32.614755
-63.83334 -23.645673
14.179149 33.834261
-20.787127 35.183132
65.886384 63.71253
45.275134 -65.688376
-2.421043 56.891428
-34.024046 81.581993
-37.261597 -81.600446
-29.822529 70.250405
-19.287108 49.904333
59.903435 64.35212
30.953757 -25.847561
-87.470771 -28.425033
-62.844682 58.074411
88.058927 -19.951499
22.523348 82.258995
-61.263135 -49.821303
-30.269694 -30.951385
-27.477966 40.02143
39.038845 -24.922796
40.412183 68.97241
-18.957589 52.786599
-16.777732 36.875106
-73.820482 -23.60989
37.527608 61.509081
-48.14472 3.10419
7.468343 81.392562
55.53345 63.585096
40.696617 1.555312
71.550658 -12.925212
-7.776957 40.445073
-43.183452 81.61645
-12.406392 64.221361
74.904112 6.970217
57.962699 -23.434045
-53.216737 -58.619027
57.701287 42.349884
-31.582653 -41.00894
-2.904391 -75.92839
6.680836 90.343757
-6.800054 82.881438
41.943718 2.933969
-48.584976 21.313838
-21.74177 42.716024
-4.054021 -47.827639
-64.966485 47.391407
23.718649 87.331743
-58.877315 -10.131652
-12.546638 51.657009
-49.391306 -40.135579
80.293561 -38.170447
20.968149 -45.45675
68.174012 -28.85911
85.399036 43.56352
-19.446348 -35.346677
73.880169 38.735526
-48.754392 -68.571401
40.008046 -71.024948
-61.783701 -26.972625
30.225038 74.004974
-40.779125 10.605994
-52.375107 -78.52528
-45.891787 74.247385
51.088077 -48.440698
-80.41299 -29.940246
23.969426 82.032156
35.290708 -14.276901
-20.776646 72.511193
56.427116 -53.077776
6.842348 78.267336
7.568455 -64.87164
-26.664577 -38.953813
-19.991906 90.059216
50.350175 -7.156262
-30.074972 52.36011
14.026949 -79.974522
43.178039 -7.981084
81.031922 -27.837279
-0.277752 -87.200584
75.462594 -14.468267
-38.995743 2.305864
-42.715682 -65.745857
31.468091 -78.329312
-72.848053 57.616379
57.868998 3.727284
-25.260339 -76.40975
93.43622 -7.698817
