//Synthetic=Synthetic_00505_J20

J=20
MT=20
Vd=2
Vv=1

p: position coordinates = 
0 0
-55.06099 -62.706311
-38.363675 -75.319267
-56.691673 -72.42703
18.277677 -89.861035
-46.028409 -76.555861
-45.052155 -82.140966
-54.191712 -69.659721
-46.494421 -80.049593
11.491849 -80.813518
-54.046511 -74.189601
-43.079161 -65.143889
18.769275 -87.462244
16.56251 -86.225989
11.600599 -93.21201
12.517184 -85.372808
-55.913287 -51.091289
9.162648 -83.473639
11.43081 -88.154247
14.473614 -90.95903
26.275008 -69.74711
