//Synthetic=Synthetic_00769_J60

J=60
MT=20
Vd=2
Vv=1

p: position coordinates = 
0 0
-84.308768 53.706889
-12.173671 84.815558
-17.709958 88.374109
-82.536456 67.436942
-17.932692 82.918816
-17.136836 92.874601
-71.487324 64.612246
-80.78516 48.470173
-70.264773 52.909118
-5.114463 86.616758
-9.821551 84.997485
-69.348486 50.612807
-30.795474 83.78106
-8.617169 89.713009
-79.718314 62.125693
-87.266795 58.041507
-6.630786 98.026258
-11.787761 82.750692
-74.496355 57.098397
-76.450537 43.966985
-22.278619 88.066516
-75.162246 55.505052
-71.298592 55.483294
-19.800767 84.37618
-22.160413 88.356469
-83.465689 50.645506
-16.558528 79.707476
-80.208531 48.124937
-14.05168 76.987657
-70.113173 47.054287
-19.887419 83.982669
-72.853719 50.639791
-10.961596 88.746854
-84.07105 59.894248
-25.209204 89.168122
-68.048089 38.698847
-7.875623 95.510049
-13.040623 92.289725
-7.416128 105.440386
-15.839485 85.559492
-13.056458 79.743589
-76.914975 64.232116
-82.775719 62.727695
-18.401455 96.662185
-79.809613 63.403928
-74.531959 48.445729
-11.856952 87.750157
-74.095598 59.462404
-81.517344 54.067199
-3.405059 87.312699
-7.091574 84.845797
-21.718526 84.841656
-74.934264 43.319774
-4.325089 82.664883
-85.429238 60.923563
-81.5502 62.23503
-22.846247 89.898962
-23.011862 81.615442
-82.761552 53.896966
-87.493217 46.174278
