//Synthetic=Synthetic_00050_J80

J=80
MT=20
Vd=2
Vv=1

p: position coordinates = 
0 0
15.634763 -37.348684
62.165132 20.167074
-52.141208 9.574136
-21.009297 56.147235
71.547007 3.684427
21.229043 24.996513
70.815998 -17.237024
52.652007 -68.01268
15.269101 80.74314
-72.425574 -39.556505
57.673617 9.808341
-19.11112 -27.273641
-60.648092 -5.255272
-22.05302 64.564192
-48.854846 -39.509014
-25.132997 -49.920366
29.377803 -17.606358
6.10689 26.867484
-28.719198 28.278861
-42.44516 -65.689851
-55.2276 -31.750816
24.116762 29.300218
-79.618459 -6.123438
41.304418 -37.578531
55.345977 -2.993575
-11.349776 42.250001
-46.991518 17.261834
56.002492 -34.726683
-57.750288 57.630887
-77.086306 23.147718
-51.099529 -28.102845
-15.808836 -37.961554
-43.86864 -13.925918
10.813631 -36.41262
58.308857 54.167343
-13.150428 31.530773
54.843859 -4.054073
-6.269485 52.919112
17.163668 84.40354
28.180988 25.681692
59.801123 32.598095
-10.383859 32.007958
-47.41002 72.31932
-3.197267 -60.938147
-66.160061 -29.193375
82.152383 29.416326
-75.376066 -32.779435
42.211689 31.727868
-22.601744 -31.420313
-2.790262 47.517336
-61.342406 58.586846
5.137541 37.725642
-53.563212 44.2174
37.099339 -11.272636
-41.510023 -35.535516
-28.450976 -24.261327
-35.043747 -1.86428
6.296361 78.889638
9.45139 -63.35435
-36.660437 59.043197
11.502583 47.389777
-54.785441 -59.057341
3.508807 82.341345
62.624407 40.594981
75.630125 11.916397
23.954243 31.903241
-68.206928 -26.71363
-13.794105 36.706735
-46.431404 -55.480586
71.554749 4.934097
-20.110933 -52.06978
-61.089212 -27.225068
11.018265 -77.394578
21.66575 -29.786457
19.942026 57.642427
-73.347016 5.982276
41.220885 -4.554233
24.21871 -77.934378
7.271415 -50.599455
51.486357 57.231772
