//Synthetic=Synthetic_00604_J80

J=80
MT=20
Vd=2
Vv=1

p: position coordinates = 
0 0
-12.047069 -77.440758
-6.228648 -85.438453
60.539692 -67.123962
58.137686 -69.633719
62.410506 -71.17554
51.511888 -67.592889
64.871201 -66.858767
-13.787323 -87.808342
-2.153953 -80.603775
-28.672101 -90.103441
59.551849 -45.839393
-7.652762 -78.261484
46.806036 -61.63067
-5.275968 -77.867849
-7.603777 -86.196271
61.190533 -64.384071
5.45987 -87.143069
-13.623956 -86.356046
-15.257855 -81.821796
49.821453 -64.099393
70.968134 -62.015917
-10.284344 -88.727074
-21.087776 -89.301346
-13.578188 -81.895989
-13.019548 -78.07287
0.918163 -94.763734
41.540954 -57.734687
-12.839111 -82.023587
48.638365 -61.12777
-13.288079 -80.980127
-9.860179 -75.569886
47.369238 -72.171791
-3.240373 -83.186939
64.381891 -57.31371
60.905615 -69.316881
-25.905747 -92.895064
42.555718 -49.780678
67.705049 -65.732798
63.182472 -70.924089
42.246618 -61.182396
-11.846973 -89.197795
3.217356 -87.042555
50.633854 -65.347603
51.709035 -65.026657
56.309874 -66.949753
-10.553183 -71.261163
-6.870124 -86.011674
-13.495096 -83.869157
-1.22509 -90.560832
49.064643 -61.159323
55.690458 -53.722972
50.432199 -69.702752
-11.638792 -81.705471
-2.752975 -79.537529
48.275289 -67.234107
-21.436841 -81.512052
59.596302 -43.677296
-6.748187 -92.997668
54.370446 -69.044766
59.406024 -72.744223
-15.220654 -89.279573
-8.99984 -70.206681
63.851002 -67.870745
64.401293 -69.566094
-10.427011 -83.990555
54.673542 -67.192523
-0.076613 -83.283734
69.439821 -61.675715
61.900542 -59.863293
0.895126 -78.620305
-17.305413 -88.791367
51.874997 -68.263577
-7.797506 -89.864203
-19.470521 -86.665051
52.197407 -64.802671
61.909828 -63.10344
46.622176 -50.230581
49.782115 -73.103561
-14.615449 -84.86663
-4.535158 -73.81192
