//Synthetic=Synthetic_00054_J50

J=50
MT=20
Vd=2
Vv=1

p: position coordinates = 
0 0
-48.608503 -37.080428
-61.433952 -36.829969
-9.75231 -77.997802
-11.337458 -78.418593
4.360385 -61.568722
-78.881606 -54.407267
-57.139029 -55.659021
3.474699 -82.585607
-64.904776 -53.006221
-7.761187 -83.056386
-8.832642 -83.342534
-77.710388 -54.97173
-60.120872 -50.143784
-3.805897 -85.995219
0.848738 -89.326125
-12.705265 -87.833306
-2.603273 -92.39107
2.286859 -92.054383
-61.50793 -50.068471
-7.204916 -94.142167
1.477788 -79.673912
-63.851946 -44.35334
-66.343421 -54.594489
-51.664956 -57.727983
-57.962276 -35.735921
-17.289666 -86.664113
0.020079 -87.056658
-69.884646 -44.624714
-7.584885 -92.672551
-4.91211 -83.174363
-5.071406 -81.009684
-7.084682 -88.204343
-63.444177 -53.312889
-13.443907 -79.676311
-70.886535 -50.013818
-0.162167 -79.830231
-13.127157 -79.565272
0.703076 -72.239361
-66.023777 -64.157152
-78.370484 -38.253614
-1.875461 -78.58232
-2.619766 -77.954421
-62.415689 -53.266292
-71.577084 -61.549526
-75.397363 -56.51538
-68.37506 -53.669755
-68.323528 -54.621918
-22.214067 -90.652337
-72.312102 -57.034078
-64.249804 -40.753833
