//Synthetic=Synthetic_00467_J60

J=60
MT=20
Vd=2
Vv=1

p: position coordinates = 
0 0
22.853347 -91.904908
73.359226 -27.689834
62.353719 -18.046157
39.905442 -83.081319
87.665068 -21.918859
25.333298 -96.404658
78.458157 -27.546601
43.61107 -82.02895
31.028537 -77.336524
85.986359 -30.022224
28.43098 -90.645565
73.454861 -23.761792
33.251357 -68.133476
32.393574 -77.884744
18.10415 -77.740459
71.109029 -31.773425
69.915851 -34.724935
83.728286 -21.842757
70.447383 -30.059804
32.923543 -82.410942
69.148337 -40.888294
42.29097 -71.981988
36.973694 -79.638119
26.870896 -84.184443
25.65169 -88.559796
34.235796 -91.044295
63.29722 -20.322935
67.884924 -40.983072
85.351637 -31.55497
41.491378 -76.370898
75.50295 -32.366209
22.505542 -96.810254
28.152331 -94.912971
35.195331 -75.333045
76.565751 -27.567848
81.042824 -33.530444
30.76309 -92.933084
30.908673 -78.510294
40.07845 -88.902788
70.321397 -24.351158
81.647974 -30.256441
32.269468 -91.97869
42.980553 -77.432391
61.750066 -28.554102
31.755895 -83.91871
35.930882 -80.099493
72.304969 -27.466377
38.671179 -84.518958
70.749111 -24.172588
31.743943 -82.295403
70.006531 -39.591752
30.188731 -92.780937
32.149107 -99.695088
41.799306 -82.884639
34.282367 -67.755146
87.541424 -24.40556
30.82439 -84.873797
36.246852 -94.904692
34.884081 -83.706016
85.161976 -25.783139
