//Synthetic=Synthetic_02015_J60

J=60
MT=20
Vd=2
Vv=1

p: position coordinates = 
0 0
-1.426642 -17.325591
1.469239 -6.242206
-46.105752 9.9618
-26.619975 -22.940553
-82.965956 4.549603
6.638363 -3.198611
-54.3138 25.168213
-4.208268 -19.81054
-15.001009 -50.059762
-12.446745 -15.921329
-69.102655 -1.848125
-1.650437 12.456953
-32.510434 -34.137168
-2.926189 9.852503
-83.511299 -34.134121
-11.476649 -6.513103
-45.753662 18.672219
-66.704138 1.423695
-19.0577 7.785537
-28.793479 21.026788
-15.830988 11.175779
-22.424981 -28.470115
-49.577744 -48.465152
-47.319792 -15.843368
-20.639729 -17.603425
-42.232703 30.455796
-88.333994 4.614352
-57.42951 -54.929348
10.387593 -7.186311
-84.900853 12.35942
-26.59073 -17.49517
-11.288616 -8.784082
-27.620021 -49.907898
-32.031445 16.864367
-48.450459 -39.900431
-41.697903 40.198657
-71.181778 17.123455
-34.944445 -33.072976
-25.163597 15.049195
-45.962473 -30.301322
1.538498 -19.357245
-79.883551 6.875134
-33.461726 11.666305
-29.683692 22.886715
-28.902734 -49.737699
7.403178 -2.066315
-43.960928 14.605062
-30.164374 14.525211
-22.557313 41.902644
-36.248688 -31.440279
-7.055081 -0.055721
-72.830383 -38.499752
-35.988567 27.308178
-85.706958 -25.963849
-54.441992 -48.871936
-49.604731 60.109634
-44.962419 62.035088
-71.802714 6.897163
-101.131821 -15.2333
-14.980549 34.158092
