//Synthetic=Synthetic_01905_J40

J=40
MT=1
Vd=5
Vv=1

p: position coordinates = 
0 0
29.131523 9.861104
18.969888 -35.761508
-17.446251 35.783834
22.502767 -14.654209
24.478859 -26.160796
-24.668887 2.073802
-40.379069 -19.31457
-5.505861 -14.661096
-30.855676 -12.056217
22.801531 0.520737
-5.414237 -25.343419
6.355129 -6.65359
-20.880379 31.214114
-5.932731 4.483383
-12.53793 -27.5842
-28.857965 27.936554
41.722286 19.599414
-10.026076 0.272814
-30.483842 13.104887
20.181325 2.037138
-9.47143 -11.953728
-31.692436 -9.344242
34.121405 19.783491
36.448391 25.009473
-32.020226 7.495897
-1.845617 -38.567878
-28.785542 -29.10575
-2.318611 -6.419679
21.415754 5.375629
-1.734903 15.841881
6.241415 -16.74283
25.394693 21.345791
-22.481778 16.599605
3.342874 15.436845
-46.221163 -24.523117
4.263412 -31.288203
4.784262 10.296671
7.566427 20.392596
-26.064173 17.933428
12.340129 12.845128
