//Synthetic=Synthetic_01929_J40

J=40
MT=1
Vd=5
Vv=1

p: position coordinates = 
0 0
11.463954 54.621629
37.707086 -13.995643
56.196778 8.822078
-14.145602 13.644809
15.891951 -67.763384
21.011564 -59.198369
36.852985 24.672903
35.643409 -6.296717
6.383111 37.235957
-14.073035 -16.129306
30.427319 -50.747548
15.717141 30.080592
29.182653 -41.92308
39.299624 -27.627132
22.626938 11.587494
61.455961 15.870034
32.438061 -3.277443
7.591666 -24.058694
58.363399 18.438079
-22.800944 -47.571386
21.558565 10.540221
9.999984 -62.93189
-27.449419 -42.500961
52.157052 -6.517959
18.504705 1.870131
16.39384 46.177137
21.962768 -1.474272
-65.317435 -19.570167
6.983421 -10.366651
32.356219 21.222621
-20.282701 19.668623
29.507792 9.69475
-34.3694 19.105873
-37.20754 13.47346
6.02501 36.518677
34.259228 -10.055265
-22.776394 58.791333
-13.624142 8.365253
-35.503773 -30.566018
23.252672 -47.16387
