//Synthetic=Synthetic_01507_J50

J=50
MT=20
Vd=2
Vv=1

p: position coordinates = 
0 0
-37.555364 -15.366798
-30.56114 -35.022022
-47.352724 -15.533171
-71.977888 -56.829764
51.580335 81.308906
2.218331 -54.91158
-73.389389 3.427831
2.824029 63.328256
-22.074186 71.673133
-13.182936 -70.320285
-37.947918 -9.947088
-82.997606 0.334301
28.382285 58.578829
-31.612256 -44.83414
8.024804 -48.308532
62.003562 -24.363757
54.409721 75.829387
-71.353977 12.060065
-54.013289 47.116918
-48.227887 -5.172822
83.720099 -17.678264
44.424959 -79.572403
-16.839708 -79.899677
17.40247 -33.712802
-7.067341 -46.388997
19.604294 29.633867
12.326961 38.655474
63.699036 -38.00667
4.770835 -62.422795
4.056861 61.414177
-42.020712 56.651983
-75.482185 -33.735093
-34.882414 90.886075
-33.176617 -44.739224
-36.731243 3.740766
-22.056279 36.39347
14.84958 -55.309903
20.665244 -44.303973
42.669026 25.098974
-94.34445 -5.129103
-57.603615 72.165837
12.298081 -35.578422
-40.304987 47.374186
31.074997 25.352122
-24.369083 -27.839503
-21.64438 -37.090356
-30.446609 86.490979
2.527122 40.326138
60.130387 -54.375038
-8.010571 57.822257
