//Synthetic=Synthetic_01692_J80

J=80
MT=20
Vd=2
Vv=1

p: position coordinates = 
0 0
-77.626936 -11.904178
-84.624587 -26.454804
-49.949372 -66.202793
-68.14708 -22.440133
-62.878964 -8.187935
-84.49581 -29.342089
-85.079288 -14.072773
-43.236152 -66.695832
-87.652225 -23.286258
-80.38874 -18.306481
-83.297158 -22.434046
-35.662869 -56.051575
-71.776057 -12.133591
-32.195424 -67.197572
-64.105331 -17.235817
-89.784747 -24.035251
-39.278411 -67.378633
-94.742798 -24.257556
-27.069925 -55.724468
-46.478926 -64.013965
-95.274075 -10.203285
-37.750279 -73.098062
-46.841464 -69.298808
-34.235977 -56.538675
-72.586248 -23.038937
-38.680986 -60.965308
-31.684307 -63.774648
-34.943093 -72.321236
-42.385254 -65.220566
-85.692897 -12.774739
-73.046226 -18.328887
-36.754993 -61.66475
-82.034533 -26.989023
-80.814473 -23.944345
-24.011545 -65.621453
-27.587921 -53.544745
-79.822269 -16.218734
-35.52474 -64.219447
-88.178158 -13.421902
-34.295609 -65.310258
-36.26685 -61.518328
-75.790429 -22.917458
-36.143804 -68.450738
-81.897555 -22.501842
-86.769692 -19.962045
-89.563385 -21.541055
-79.276806 -17.554234
-78.393507 -15.328168
-41.741155 -61.370543
-34.296985 -63.298554
-74.941371 -15.009902
-20.655003 -63.95173
-73.07511 -11.517405
-78.778174 -12.50806
-82.535191 -17.143023
-62.740038 -12.975303
-41.616141 -69.417639
-39.727317 -62.395355
-76.236989 -22.389176
-37.766894 -65.191691
-77.308554 -17.64547
-37.112662 -77.037206
-74.408594 -32.060376
-39.617709 -64.692335
-72.555929 -17.432501
-78.338003 -23.173943
-27.083273 -71.788145
-51.07523 -68.267179
-54.030687 -64.90097
-81.355364 -20.136795
-23.800051 -56.041844
-74.762515 -13.140523
-87.531593 -21.935411
-51.147673 -61.188909
-31.949461 -65.408805
-40.370171 -66.185501
-89.280889 -13.150234
-41.013367 -67.309035
-42.588865 -62.524803
-75.146161 -31.49728
