//Synthetic=Synthetic_00273_J50

J=50
MT=20
Vd=2
Vv=1

p: position coordinates = 
0 0
25.809495 -9.155188
-56.124867 -61.575878
-51.077318 -29.905009
-14.786987 -61.850863
19.09078 6.042196
13.436691 -31.236016
19.046553 14.00113
-2.269938 -76.626717
-61.226913 -8.240412
14.041691 -42.83838
-50.549919 -59.508125
-3.488276 -69.59429
-58.88995 -22.791677
18.463902 -34.739405
7.711219 -9.133458
-27.627092 -52.752023
-65.365603 -38.560959
-30.899124 -51.993435
-47.245531 -47.868145
12.144987 -48.843599
23.738499 -55.436293
-46.872141 -11.562434
-24.81433 -13.555293
-11.681724 -18.518845
-50.046153 0.162672
-56.733523 -64.596807
-55.647336 -20.73263
-25.427461 -68.036896
-50.436352 -62.631819
23.529696 -34.325028
-42.73923 0.179738
-38.824751 -36.227452
-12.404952 -47.813453
-34.92782 -19.458783
5.525066 10.468059
1.280559 -50.336202
-16.594541 -14.66911
5.671942 1.239914
0.523068 -40.667518
-57.137349 -61.967782
-11.815964 -55.43336
-49.097123 -41.720855
-28.589627 -46.041552
15.131818 -67.070048
-15.097394 18.014406
-9.670409 -39.892034
36.29274 7.446416
-35.569514 -4.414235
37.880966 -36.13744
-34.074097 -68.106903
