//Synthetic=Synthetic_01981_J60

J=60
MT=20
Vd=2
Vv=1

p: position coordinates = 
0 0
54.257171 9.1057
-8.986489 -51.994571
-0.962199 -39.718943
-7.067732 -46.348519
29.181412 1.460385
-22.353638 -37.038565
-13.915228 -49.812789
48.464234 16.563468
-1.166145 -48.350639
41.855205 8.738228
-5.938234 -41.661045
49.655717 8.6026
2.410329 -56.440655
-8.224626 -69.236487
-5.849327 -50.641414
-19.641128 -53.024352
56.318117 19.977372
44.172587 22.307893
-21.93341 -48.457312
43.189201 13.731587
-10.956217 -56.649497
-14.896476 -40.405728
-21.89395 -42.015002
30.712061 6.806245
52.403074 17.321968
-5.311546 -31.802875
49.032454 10.514998
43.116408 17.265293
49.177338 11.984592
-19.660356 -47.337077
0.077944 -42.596884
-15.508664 -32.819125
52.518866 9.307915
54.758088 13.857138
45.30895 20.387975
58.038075 3.199955
-26.351014 -60.472906
39.341612 16.937589
53.483871 16.500207
5.377503 -42.252747
51.543993 10.167139
-7.856113 -36.133099
52.915263 11.050049
-11.090869 -45.307803
-18.708189 -50.548158
52.636462 20.27105
-4.731271 -52.360772
-17.005901 -45.930684
-6.761099 -53.379374
44.765866 14.103931
-14.052481 -37.542264
47.096182 12.903797
-11.65063 -45.712958
69.004226 23.894318
50.479473 12.342534
48.078701 11.484091
53.027257 14.55323
66.374077 12.166367
-20.034245 -48.058952
47.867415 12.029013
