//Synthetic=Synthetic_00609_J100

J=100
MT=20
Vd=2
Vv=1

p: position coordinates = 
0 0
73.730537 50.623014
79.415011 54.507198
68.285348 56.002393
78.872921 -19.874593
88.59634 -17.897138
95.692594 -16.873805
65.253527 39.832155
69.236878 43.295538
74.325916 -20.87612
66.460319 40.623128
75.157214 51.586316
87.303673 -20.429487
91.755027 -20.813353
68.169115 42.439995
62.150259 48.826631
57.606457 52.206709
78.573901 -18.880902
86.984344 -13.239838
82.197262 -7.594917
87.042639 -17.048132
74.496474 -11.77684
74.912947 54.316765
63.721451 45.423492
96.04213 -21.96618
78.484502 -11.733088
82.362283 -17.72902
89.550747 -28.985387
72.239887 -10.843187
79.877861 47.010773
75.311956 -8.314215
83.385549 -11.846589
81.892851 -7.533327
92.25297 -19.589023
85.203634 -4.701644
68.110085 46.619564
61.717985 46.843567
67.81743 42.075337
80.579582 -1.317868
73.561328 40.179417
63.356546 39.861963
88.717841 -19.823651
70.527614 52.305697
72.383569 48.260074
90.643661 -26.446684
71.374003 -17.584114
51.217596 42.876405
76.194864 -10.961691
80.333558 -6.613149
95.438009 -16.415629
68.523706 49.011706
61.517538 41.976557
77.987364 46.219707
80.596024 -19.541802
81.118555 -18.776342
84.689523 -3.497397
62.298762 50.658361
98.133562 -24.421707
59.231758 41.888441
81.89884 -3.630503
75.689457 -16.044121
71.137897 37.6657
65.702128 38.045048
74.59931 53.929048
80.340281 42.763106
90.332033 -4.460544
82.845884 -17.559437
77.114723 49.070901
65.978444 50.703998
67.145278 -13.445332
86.892859 -20.359365
100.121538 -13.408645
76.250317 -22.04144
83.551597 -18.716566
90.592611 -20.09794
82.696157 -9.31858
72.229621 50.32707
72.454708 52.234334
84.08156 -14.856245
86.008337 -16.292739
67.544026 50.246125
77.145408 48.590125
85.360615 -5.9934
70.336389 39.485672
74.615518 41.947383
74.303242 48.61211
90.772012 -4.097562
90.223462 -14.546242
78.252522 35.951133
68.710757 39.219666
82.144841 -4.961705
75.694581 39.060862
73.599672 45.595346
71.215995 42.267976
86.986627 -21.671138
90.376445 -11.501438
75.700656 -20.354244
77.962708 46.38946
75.741499 -25.127526
77.355112 38.558356
59.093145 40.098429
