//Synthetic=Synthetic_00272_J100

J=100
MT=20
Vd=2
Vv=1

p: position coordinates = 
0 0
-56.918051 5.105014
-80.443251 13.937536
-15.136033 20.716497
-46.166752 -30.046491
-27.419035 58.800733
-52.881138 48.789091
-2.469967 18.920781
-22.840607 -23.853897
-8.026014 -26.289931
-5.074304 2.096369
-40.597333 -27.012854
-69.624613 -33.24731
-35.821804 15.279049
-25.180518 18.947078
-58.290165 8.192982
-38.571482 40.622229
-66.316199 -31.911651
-7.742626 4.051984
-81.124964 13.18401
-67.916857 -44.981736
-53.561264 -46.824456
-18.669645 -27.271134
-73.700546 22.119178
-8.955073 -1.292871
-88.864597 31.589006
-59.524117 35.563705
-26.837746 -38.228434
-81.453786 1.052781
-24.657781 -28.792793
-51.828133 15.253318
-53.805421 -26.043392
-64.484511 1.882882
-61.762006 18.348578
-43.316832 33.957381
-67.695844 -24.171602
-79.779014 21.862129
-96.499576 24.585221
-21.182279 29.315889
-8.696101 34.442275
-9.336283 -24.387416
-20.715925 30.055643
-15.052757 -11.340504
-49.995919 16.198663
-41.572733 -23.801798
-53.173201 28.143916
-7.46943 -33.283369
-51.39828 -0.310865
-90.713924 0.631204
-53.310649 30.757198
-55.558847 -17.564336
-41.550108 17.54131
-15.520971 1.390679
-12.661275 -9.187558
-23.397336 28.535583
-51.908101 -1.276389
-57.666618 -2.854304
-94.201814 23.042703
-4.349385 -16.870266
-30.961507 38.658347
-36.459893 22.987933
-41.624665 39.902339
-79.441044 -22.939573
-11.90467 23.716143
-6.098243 -6.143721
-93.509693 5.671371
-42.269941 4.601261
-46.246893 -26.517234
-1.24529 -13.1034
-9.78519 -10.105174
-0.242823 -7.450268
-67.791573 -51.911015
-47.846429 29.344213
-4.569351 -26.185296
-44.527061 -33.286099
-15.421871 9.883868
-35.438336 16.577013
-16.044622 29.32216
-92.390618 5.268064
-26.953752 52.40303
-12.184827 11.952655
-34.870156 -14.945996
-8.637317 6.131244
-39.005554 -17.597332
-86.048514 7.528504
-58.639392 -0.448429
-53.431999 -22.438186
-49.565064 -22.034703
-43.767515 -19.905503
-39.31824 17.934424
-47.16185 -38.256078
-60.692644 12.499825
-70.336918 41.478818
-7.198732 13.040913
-66.857683 -39.507583
-62.729912 -19.499138
-72.0678 26.801054
-11.57326 -8.120054
-23.877984 -8.594565
-65.838347 -42.72759
-33.791213 48.43009
