//Synthetic=Synthetic_01179_J50

J=50
MT=20
Vd=2
Vv=1

p: position coordinates = 
0 0
-15.695909 -69.678761
62.469985 -8.03475
-17.940317 -60.719321
-14.180688 -58.40819
-1.290498 -75.09832
-1.577458 -55.926675
35.427594 -25.713443
66.254209 5.264806
37.751773 -13.175081
-57.50836 -28.251715
74.095819 6.745551
-12.865108 -62.243047
66.892752 5.876318
73.628221 -8.755861
62.899692 0.821244
70.724583 10.423845
-17.254712 -77.243565
-16.788755 -60.573176
-4.931965 -53.537903
68.892149 6.819023
-27.219791 -59.527195
-15.598009 -69.986495
-28.019883 -64.857484
-21.784251 -59.518435
64.771206 -2.826924
-8.958622 -55.73534
-8.259972 -74.420578
48.391436 -9.093545
-62.407728 -11.750519
-11.577044 -69.219614
47.279293 -17.17988
74.503188 2.968213
35.539066 -34.798905
-10.118061 -68.605688
-12.606373 -73.187446
-56.631132 -15.348209
-63.349613 -30.249536
31.528749 -21.392236
-22.857478 -66.053353
66.061555 3.472884
66.499162 -8.518222
-14.246824 -52.341166
-13.155881 -62.875779
-11.405877 -61.593319
-17.09325 -71.648627
71.018837 10.907466
34.10862 -15.214235
-4.429988 -71.985506
-24.646633 -69.308971
71.95976 16.413731
