//Synthetic=Synthetic_01886_J60

J=60
MT=20
Vd=2
Vv=1

p: position coordinates = 
0 0
-12.398522 -22.081529
17.893521 13.188417
-31.724481 64.7502
-35.904608 -21.847388
14.041737 14.568611
-19.785451 53.401008
8.205393 14.608775
-16.639974 -4.516553
5.389034 10.574944
-36.684254 -19.920006
-48.616092 -20.994463
-11.149337 69.260179
-21.446784 19.948315
39.657278 29.617459
-11.980474 59.333108
-55.07524 28.338059
-46.276799 2.298279
-13.559897 -3.125881
-12.32109 49.046119
14.237239 15.08988
-15.140491 65.763871
-21.747303 -20.584686
-37.556388 65.707249
36.390254 2.065837
34.257854 16.292678
-2.351159 -29.846412
-13.37578 36.231619
-14.681834 -4.780692
32.71067 6.629019
9.668042 0.594977
4.959733 -31.712666
-27.956679 -35.039583
-17.421282 -11.044805
-16.112814 -8.998044
-19.707978 -35.177348
30.578119 7.007863
-0.144308 -37.742141
-22.769664 13.074621
-14.633092 -11.007467
20.575945 24.211761
-38.778743 -3.744437
-22.958765 -31.889295
-9.133189 24.385611
-13.666883 45.660122
-15.18509 51.868193
-14.878249 -11.751332
8.803954 45.213415
9.733474 12.751792
12.900675 43.623996
-14.836565 -3.314862
-12.217687 3.855949
-54.61223 26.170145
-25.901285 17.577215
-6.895286 -17.5062
-4.279461 52.110191
-15.874622 67.658621
-37.434579 62.759479
18.822039 22.552963
-16.839034 -39.734522
-43.443227 -15.657973
