//Synthetic=Synthetic_00241_J20

J=20
MT=20
Vd=2
Vv=1

p: position coordinates = 
0 0
-7.491145 37.355496
21.349898 61.792578
-85.496102 15.128598
-41.064554 78.499715
-51.420083 -33.175651
-30.621657 82.304392
-44.642355 -60.330572
-64.230141 -17.801853
-34.193984 14.537717
-4.641413 37.195342
38.611399 -43.503862
25.584502 64.952388
-28.251312 -32.235028
-66.138913 16.27707
-39.855439 -54.587159
54.876472 -58.538557
-59.182978 17.738926
29.320413 -79.443534
29.832033 -30.891969
-39.192891 69.743803
