//Synthetic=Synthetic_01298_J60

J=60
MT=1
Vd=5
Vv=1

p: position coordinates = 
0 0
-7.038414 20.478676
-15.238814 -32.435006
-1.437124 17.700972
3.521003 9.087478
-21.273141 -53.828214
-9.505804 19.455145
-16.434786 -40.611049
-19.607355 -46.01399
-22.606478 -47.322091
-12.811223 -39.618054
-9.831155 23.845574
-10.985114 10.469406
-23.737694 -39.307056
-18.335229 -54.139241
-19.45007 -48.744352
-7.155179 28.999127
-2.087171 17.356129
-18.611788 -43.320286
-10.867432 25.36788
-1.895187 24.450179
-5.470225 -48.166279
-11.225928 -38.12556
-18.534726 -39.21154
-6.057671 17.421507
-4.776801 21.553874
-2.608539 18.724478
-19.811121 20.00329
3.124402 16.383073
-0.771222 26.803143
-11.820095 18.030617
-9.918637 18.271785
-16.797202 -44.132829
-2.580635 20.64708
-18.279929 -46.040225
-3.101987 21.871948
-4.539391 21.708864
-2.522917 -44.641421
-15.966295 -46.821792
-12.410167 -44.402315
-22.875017 -37.42104
-17.749657 -42.016084
-19.800399 -54.169919
-22.745733 -39.363378
-11.336212 17.478696
-15.753781 -40.989905
-24.01946 -36.025041
-6.758468 13.113857
-16.488701 -43.994268
-17.156332 -44.087845
-11.871056 -44.275131
-23.698458 -38.804121
-17.217501 -43.165035
-5.098154 22.803163
-16.404832 -45.374663
-3.510185 12.671019
-10.532969 -45.212989
-3.651048 11.1683
-16.928459 -51.649131
-5.511955 16.569913
-10.516668 26.155999
