//Synthetic=Synthetic_00696_J100

J=100
MT=20
Vd=2
Vv=1

p: position coordinates = 
0 0
21.655417 27.456494
48.812493 -34.040249
20.937816 -50.508031
51.407505 0.567415
6.884241 -15.466642
-11.204631 -25.497511
33.103414 -2.856972
1.005668 11.130639
47.738464 7.303434
59.910899 -19.745963
-0.753871 21.196401
20.819791 4.419429
30.254125 -21.633696
84.965263 -53.937596
41.941079 -13.805079
12.802776 9.7975
64.728117 -21.513599
-5.056899 -18.367947
19.782995 6.33385
52.587193 22.997553
37.68938 -23.730774
5.374245 -35.332539
-6.493618 -53.388038
-15.982622 -8.898772
-6.914398 16.543289
40.246535 1.368895
4.835514 -3.601487
86.554258 -55.999024
29.704274 -2.467166
39.761839 -73.201478
40.900593 20.148677
-20.47628 5.844951
-2.414564 -40.580123
22.427941 -23.685605
55.863157 -43.157661
65.474517 -41.207455
-5.252819 -48.729787
22.162655 -67.8112
-5.981668 15.568208
59.325754 -4.764114
18.963608 -31.206147
70.48406 -51.776246
46.217867 11.588085
16.522712 -32.506704
12.417723 -66.51974
15.075666 -55.71255
35.831985 -64.602524
18.171433 -63.082929
64.422969 -20.621453
18.452582 -29.43564
57.671973 -43.79272
47.836454 -56.566971
-2.252488 -67.745231
-11.647665 -11.844439
-2.672104 -76.07987
59.656528 -69.955463
60.315241 -30.614979
-7.987962 -27.486455
62.832819 -71.679592
32.733836 6.405377
12.408696 -39.922102
-15.169464 -40.366746
-7.919147 -45.112946
-16.040226 -27.481802
7.041601 16.001566
54.727012 7.144639
11.166292 16.260547
36.333186 18.656836
58.197807 -58.663905
17.067035 -56.108476
36.985986 -73.285506
19.473898 -6.033264
79.447316 -30.63993
18.406206 -7.298588
81.653518 -25.429595
35.041471 -20.135433
85.526067 -6.600534
23.681417 -54.254146
86.566782 -68.622526
8.691629 -0.36156
70.633785 -33.624366
12.892127 -21.742334
41.158757 6.218993
-5.437706 -23.421941
38.100947 16.86501
44.44617 17.245283
64.223922 -11.728177
46.907418 -14.905102
1.16221 -64.163271
67.624194 23.952635
41.686036 -32.282788
29.07191 -24.288851
-8.245714 -75.212484
58.73263 -37.793293
0.241777 -18.662209
1.750468 10.204123
69.237577 12.15099
22.856073 -45.688888
10.948873 -78.06372
18.819899 -60.695381
