//Synthetic=Synthetic_01944_J20

J=20
MT=20
Vd=2
Vv=1

p: position coordinates = 
0 0
-38.516962 52.328018
-79.547347 13.867932
-40.586942 69.572126
-80.699005 20.556473
-72.313781 5.810035
-81.615681 5.865456
-35.366795 58.308735
-69.798567 12.580704
-42.927363 51.648836
-70.24215 10.297297
-85.020608 18.869246
-71.436887 15.430178
-78.436952 11.265917
-61.113809 1.216704
-75.953186 17.682286
-47.584269 62.926437
-78.141238 9.743162
-82.29064 11.241695
-37.687848 60.433712
-82.018035 16.119761
