//Synthetic=Synthetic_00815_J60

J=60
MT=1
Vd=5
Vv=1

p: position coordinates = 
0 0
53.081409 -10.905228
-51.89998 -57.626134
-30.967397 1.645737
54.754888 7.554612
-32.46449 -13.829544
-34.35736 -28.039079
38.211064 11.176567
29.453138 42.313132
-41.092047 8.427912
27.63591 14.474052
-37.976328 32.450712
-39.67347 -32.198914
-20.951815 16.745632
-31.774671 -38.037656
58.494578 -36.762863
21.487324 28.536753
-33.112389 -36.879582
39.31237 13.570174
-9.835268 -23.23786
34.529389 -11.71067
-20.715987 -46.926099
43.630758 11.416238
-43.97551 23.990801
35.460222 -7.151037
-10.796557 16.361717
-31.316089 45.77528
-15.599481 38.542819
33.579711 16.916863
50.032636 -17.826664
57.139555 -32.413119
12.81263 17.626243
-51.468233 -17.23162
38.025814 9.28237
-42.296212 24.397742
19.540573 26.242861
56.715703 -34.390502
21.279651 31.020428
-52.244349 -2.329286
54.663195 3.078662
-2.177153 41.462811
39.790286 9.098168
0.99356 -44.892454
-23.324263 -39.383834
-32.770712 2.574376
-46.811415 19.23773
-25.017075 -42.436546
59.957443 -35.02103
-5.825517 20.813297
-34.332286 -39.005827
50.052146 4.900614
-31.813686 -42.796237
-19.495146 -44.188411
-3.400719 27.850181
-11.669989 33.32516
35.062781 16.649464
-38.722303 33.208902
-7.901031 -23.32811
-58.14919 -3.459488
-38.960533 -39.348982
27.718869 14.325819
