//Synthetic=Synthetic_01765_J60

J=60
MT=20
Vd=2
Vv=1

p: position coordinates = 
0 0
14.754324 10.622092
43.730563 -37.997044
35.166226 33.575083
52.015226 2.455607
67.384536 24.333788
20.524071 -27.906514
62.182754 -49.506454
5.204591 -11.999424
24.918147 -56.303386
10.806852 -17.950884
71.799009 -55.504022
15.092436 5.122519
29.053001 9.897557
38.357678 10.403018
66.821727 -41.055081
31.487419 32.29416
46.159274 6.788881
98.404541 -43.48486
45.819403 19.275962
89.126772 -35.749349
46.612431 24.519553
-3.953107 10.536272
-6.215667 -1.982453
50.498621 27.686589
86.220275 -29.394689
85.247731 -22.378804
17.833726 -49.251852
77.497817 -48.255248
1.182453 -33.253542
21.822862 -36.813917
16.947273 -77.040066
43.331494 -31.249088
15.233942 -17.420425
78.036052 -46.132228
-6.718646 -7.141853
48.969261 7.333898
43.685061 -31.9922
30.838085 -40.788906
24.034585 -26.038154
73.512597 -49.117775
43.209938 5.009663
84.949553 -25.550796
9.125865 -22.825895
30.256162 -0.310397
10.581946 20.075036
64.085694 26.156045
70.879403 -47.041771
67.146563 -48.456264
42.829182 13.70829
1.840648 -20.128868
21.379759 -3.906024
47.082903 -52.846609
70.228005 -42.914286
2.360614 -8.798941
90.558971 -15.036268
40.436238 -31.642774
0.793171 16.762841
24.080554 -33.022164
81.894883 -36.296699
75.076134 -46.828091
