//Synthetic=Synthetic_00746_J50

J=50
MT=20
Vd=2
Vv=1

p: position coordinates = 
0 0
19.221955 28.893553
-5.680321 -6.31427
-43.596991 1.358201
-19.54746 36.022407
10.594363 -21.614101
17.486272 39.022616
21.028385 -14.371184
35.05352 26.64998
2.075336 56.283633
-2.692861 4.647221
-26.359228 35.847825
-28.822942 -3.431564
2.961848 15.73027
-33.30978 15.581443
-26.892862 60.992515
-23.585757 -18.073828
17.970557 35.480035
7.577392 16.620983
-15.233246 0.984088
-21.953568 33.730905
-11.163472 54.816857
-25.693999 -7.643591
0.053952 29.498426
33.142896 -5.960113
13.025694 13.044278
31.627849 5.4832
-32.542781 36.628063
-26.508302 43.119311
22.081444 5.564818
28.699051 15.051874
-17.202282 -23.659444
-13.715658 20.262793
-29.689675 4.392567
-11.831137 -0.11907
14.858318 -2.437218
27.657047 -13.922789
26.203488 11.267062
-38.845448 44.351243
17.327576 2.406052
-9.063526 54.064946
10.701267 7.275657
-35.957743 36.783304
-24.004389 -18.527589
32.291399 23.745838
-33.22579 -17.175116
-34.16413 -5.884395
37.178119 47.672864
23.210212 -20.612127
-24.876852 50.951047
-25.586266 -4.798073
