//Synthetic=Synthetic_00068_J80

J=80
MT=20
Vd=2
Vv=1

p: position coordinates = 
0 0
-48.686729 16.017793
-37.862714 8.892374
-66.462849 33.626549
-2.695858 4.865216
19.759171 19.910098
-48.085876 33.262381
0.087207 12.974203
-9.484254 60.393455
-48.255639 -1.221197
-89.574415 64.575891
22.340772 13.071629
-52.717067 45.606106
-19.527539 42.98308
3.044598 9.822755
-62.97462 5.804784
-28.030007 -7.008923
-68.599323 26.394717
3.110923 -2.875264
-34.284607 25.270352
-59.334205 71.837916
-1.96943 53.259295
-71.65872 90.402337
-9.896888 32.090057
-49.287428 48.794385
-73.300983 60.614238
-10.685576 71.964152
-9.860358 11.404408
-6.334841 80.50412
17.392393 23.212236
-38.245554 82.417901
-28.556759 63.618558
-66.773205 73.048673
-20.508192 5.630554
-81.310843 38.534841
-8.222253 59.139603
7.702537 17.41916
-68.612756 39.168188
-31.063544 45.56817
-26.565189 57.844156
-55.034854 5.327198
3.512437 22.925788
-77.408732 81.168994
-67.22321 82.228988
0.297185 50.990024
-74.038149 53.537801
11.196676 39.502844
-48.188279 79.618278
-20.191169 78.750855
13.090555 33.182813
-56.316582 24.320401
-27.739566 -0.045854
1.219567 83.899551
-46.473368 40.996968
-48.022382 43.875488
-67.57737 -16.39058
-58.918804 55.67341
-48.323752 40.632481
-8.360122 67.789562
-86.540448 26.639902
-15.087329 31.256053
4.05485 70.023183
-55.550955 23.157538
8.518662 82.83778
-54.256086 0.549472
-29.816665 1.322514
16.436647 35.509917
-47.571528 85.174393
-9.062823 6.785784
-69.944963 87.386534
-7.923732 61.477948
11.949372 48.104486
-25.846511 44.316465
-72.118057 11.247108
-38.259011 28.013616
-45.471104 55.283708
14.479311 43.90801
-51.474642 69.803102
-80.392229 -5.305472
-8.939188 97.235038
-59.811967 74.170209
