//Synthetic=Synthetic_01133_J50

J=50
MT=20
Vd=2
Vv=1

p: position coordinates = 
0 0
35.326046 -8.727783
18.38967 -3.252791
58.63496 -36.222696
49.95685 -25.150939
64.920238 -26.139032
15.340351 -5.594763
61.361124 -21.332105
30.417446 -10.189884
19.758564 3.007304
65.95329 -33.204083
38.172125 2.766331
62.526098 -24.58099
36.299574 -1.402115
66.4761 -18.341585
24.933208 -12.208383
30.33919 1.111351
74.826173 -18.427357
46.176288 -32.217118
42.612276 3.152112
64.222603 -23.801579
78.718519 -12.835661
63.189957 -32.293448
60.011275 -28.59794
18.058918 -7.384073
33.031959 -5.27071
29.174866 -3.030648
31.580002 3.846858
48.843937 -17.335674
67.683876 -38.688295
74.291063 -17.981737
60.971867 -21.97395
21.295301 8.095786
37.07225 -0.027832
52.120994 2.411912
34.664303 -7.268241
42.517084 -22.159514
40.854002 -8.066797
29.730056 -8.353722
32.13661 3.262661
20.461965 4.272171
19.102514 4.535269
56.933793 -37.745256
52.309465 -17.153963
65.89119 -6.800699
76.413963 -19.040204
55.45996 -26.49994
67.283014 -15.302076
63.196494 -39.95451
55.276928 -24.732416
36.843909 -5.196098
