//Synthetic=Synthetic_01854_J100

J=100
MT=20
Vd=2
Vv=1

p: position coordinates = 
0 0
1.42639 87.681622
22.222269 95.355576
4.577231 76.158925
-3.695338 94.163786
9.372271 97.158188
7.654758 84.771998
-66.631095 60.750234
-65.121866 50.182726
8.413009 79.650201
-52.339849 58.177723
-55.733832 71.201801
-7.838811 96.691317
0.770172 77.095844
-0.038817 89.109845
-67.236863 58.017128
21.26748 75.984897
-64.573192 67.627146
-5.806892 87.492157
-67.07096 59.260071
-62.816767 62.993821
-63.093144 59.419439
12.797748 84.243298
-53.984508 71.179703
-56.191129 57.844475
-58.474664 44.126827
-64.260377 67.457596
10.413665 79.72666
-68.347675 57.059096
17.458286 89.426948
2.329506 87.272456
8.032162 88.699183
-57.808033 49.929818
-65.905015 71.047202
-50.63736 57.239265
-0.933343 89.461162
5.648304 84.704124
8.803137 65.320491
-0.327862 73.712291
-47.802751 61.21708
-56.463323 58.784813
-62.387081 56.763178
-69.087663 63.450315
7.605912 82.294465
-70.473007 65.391991
-70.900127 60.882224
-3.005017 84.763336
9.384874 82.088963
-67.551518 53.715208
-3.237024 87.402105
2.198822 90.351077
4.64913 85.983961
11.985223 95.159014
-0.642754 86.350878
5.562589 80.56104
7.553133 80.714105
-72.571404 68.906376
11.092135 65.111782
-58.96711 60.915999
-70.020954 64.410595
11.444369 78.683364
-6.305385 85.243744
-56.971998 72.723024
-47.632668 72.165132
-63.192176 64.85627
-67.863614 61.878284
-70.753936 59.290656
16.305219 90.651081
12.207074 96.077768
-62.267645 53.52943
-63.740453 40.930711
-53.448808 41.778797
-2.581342 90.167749
-65.308047 67.455828
11.155238 77.929329
-59.592627 60.848523
-60.875823 53.762824
-67.296222 60.92747
-60.790289 70.338482
-66.329109 69.334012
-58.888162 44.510483
-56.563399 58.349725
-57.377886 53.718668
-61.685773 62.09105
-67.280705 71.520629
-2.635324 90.640554
8.201126 92.104428
-70.622216 66.492831
17.565347 79.463002
5.210905 96.953214
-1.167595 92.180035
9.35912 91.535961
-63.418613 56.045558
-73.337362 58.671963
-77.005258 62.903115
-59.5802 66.446457
-3.221393 86.890138
-72.207154 59.509921
3.531183 90.717513
-64.477755 69.866773
12.912812 93.773563
