//Synthetic=Synthetic_01662_J50

J=50
MT=1
Vd=5
Vv=1

p: position coordinates = 
0 0
14.91867 -18.051004
-10.094604 33.009965
39.010018 -29.096637
-31.976595 -16.070927
-20.752987 14.547033
-40.552113 11.127437
3.312065 -2.755932
-10.808203 32.95298
-27.360652 0.919943
28.771447 -9.31341
-25.62524 47.576919
-20.050354 36.781929
12.325375 -43.338526
-31.756325 -8.122039
17.836312 40.119674
-21.114644 9.58071
-60.295154 -18.044821
-16.256428 8.909959
-45.49695 -22.601812
-32.501046 -36.721269
5.624379 36.805749
27.056049 5.167987
30.46562 38.315358
29.123184 -14.397258
17.700516 2.041938
43.39585 -3.946835
16.920359 -63.342986
26.196423 4.944693
-21.093041 -21.750594
-5.665512 -32.057492
-20.921814 12.640173
1.918224 -21.115654
-44.614594 -4.01341
-18.477773 54.134122
-0.203378 -0.294972
11.970798 32.278399
8.275549 52.871197
48.321429 17.453311
-7.021092 -36.467196
-8.6176 19.492248
-1.705451 -13.550375
-10.675135 -34.802504
-19.551946 49.082576
-52.540709 -16.975834
25.119132 -47.053754
-23.38148 1.94735
-8.630353 -18.588949
-19.505502 8.355152
-2.271834 -2.666134
5.737979 -50.118096
