//Synthetic=Synthetic_01260_J50

J=50
MT=1
Vd=5
Vv=1

p: position coordinates = 
0 0
34.258161 -11.04857
-12.414081 8.83849
38.41247 33.109902
-45.71662 -23.415057
3.116604 23.493831
5.332465 -8.313883
-46.456055 -26.91932
10.909358 5.129018
30.185266 -22.60258
-4.00531 56.34255
-31.682724 26.173944
-8.311531 -26.935141
-15.261582 -8.335828
-31.455488 28.012726
-6.227279 31.565915
-46.319096 -27.561699
-39.788881 20.948881
-32.94958 13.888348
30.30805 30.863725
-14.173516 30.193824
-5.646557 67.535877
-33.896256 8.186577
13.131664 -8.666104
-32.357959 5.342411
-11.065252 43.23456
-0.880206 67.663445
-30.732191 13.817258
-39.433898 -3.650253
-46.079554 14.840038
35.213935 34.32066
-25.848889 20.358013
-6.820552 7.891299
37.303854 32.46076
-10.807052 -38.964802
-34.853955 13.40347
-29.99548 13.523324
17.147878 13.338883
-16.137167 1.461301
7.873886 62.096145
-13.005709 -17.553909
-35.935009 -25.857296
10.917948 37.497375
28.287742 6.911635
8.136263 -49.620532
-18.402404 41.835322
13.310052 20.549352
6.458057 -56.657795
22.932099 -10.81513
-6.067945 -57.378853
-53.195898 -19.660447
