//Synthetic=Synthetic_00135_J60

J=60
MT=20
Vd=2
Vv=1

p: position coordinates = 
0 0
4.160335 -79.820311
31.492063 -18.235871
30.463039 -34.221309
55.63553 -73.033876
29.728883 2.623747
31.940676 -27.094078
42.094682 -74.296148
47.635131 -44.524737
36.46755 1.019772
14.783154 -67.796301
-12.293989 -63.954007
47.689014 -80.26805
29.136794 -32.614634
68.749686 -65.966341
50.811369 -37.19365
43.86354 -46.32605
65.863451 -64.901741
-14.646545 -21.558239
58.178517 -65.631436
34.27141 -30.824265
44.892364 -64.984286
-6.500799 -53.302396
10.304746 -7.296534
2.216497 -53.802063
75.582431 -59.974525
-16.617512 -36.432055
43.730885 -71.417162
53.514519 -38.0978
8.453376 -55.859946
2.645253 -8.364374
44.141125 -80.029117
51.892299 -63.148457
-13.28932 -70.380443
54.847394 -40.46249
44.274566 -77.611039
-2.625197 -88.451719
63.355853 -77.161147
44.899972 -46.333777
46.452424 -80.365273
-0.795097 -2.053926
39.794284 10.113472
39.320433 -36.968111
-29.424824 -35.830932
47.161722 -38.900246
16.128307 -67.19514
-16.991952 -15.328538
-28.3776 -40.649922
67.639655 -64.043301
49.364925 -82.063617
15.449963 -49.119072
-7.191742 -24.978426
16.225689 -49.470009
65.143372 -73.650622
27.520013 -11.05355
51.841103 -74.273621
41.485407 -64.074103
4.477648 -3.387927
4.440489 -2.232388
4.294295 -73.286188
51.472533 -47.657528
