//Synthetic=Synthetic_01468_J80

J=80
MT=20
Vd=2
Vv=1

p: position coordinates = 
0 0
-35.361028 4.710813
-48.571003 -5.095158
-86.750363 17.698371
-71.505881 6.729165
-9.489998 -0.769052
-37.169181 25.401282
-26.569179 23.529983
-51.852821 51.066308
-49.392412 29.47587
-30.369581 56.917495
-40.840457 15.440292
-59.868283 17.20626
-14.16031 59.466798
-85.678154 4.423916
-93.600364 13.895311
-93.261491 27.219855
-71.108762 50.697171
-1.187056 41.278196
-49.804713 9.095777
11.808678 -13.110802
-48.23564 55.661906
-51.367894 -21.697245
8.079785 4.263512
-50.947143 33.555214
-67.040885 86.36796
-87.16018 50.67419
-89.180895 7.6366
20.535493 21.028845
-59.336954 74.99295
-26.920469 61.331605
3.487034 11.346459
-63.74212 85.779799
27.029034 52.793806
-56.643198 -7.479213
-13.229215 48.620009
4.450478 35.921773
-87.151799 52.360894
-42.038732 -9.370695
-74.88833 80.426436
-15.955699 1.471306
32.305048 69.154017
-71.569195 58.041173
-67.755872 -6.875446
-45.163628 77.473648
9.479348 15.793423
-0.085571 34.311019
-70.504113 72.510147
21.683518 19.779423
-5.962278 33.553961
-11.181859 15.959088
-66.663111 49.760474
-10.951876 16.642778
-56.68367 58.00851
-13.608918 7.915477
-71.963909 15.805866
-42.124831 40.741923
-47.163798 28.396263
0.585457 46.231063
-63.623261 1.856979
-4.878855 -26.146856
21.397568 20.021385
-32.793972 28.309535
16.135323 74.395925
-42.827515 22.030809
-73.551751 47.90264
-61.471792 31.586839
-66.814988 76.52124
-70.679767 8.760422
-73.97784 44.075543
-46.329588 90.209842
-12.971501 6.50069
-38.729243 48.283225
-42.340391 53.749435
2.013958 46.375433
-14.234199 17.862776
32.854632 43.885185
2.824112 4.37439
9.30651 6.332026
-34.181283 -13.541102
-40.754968 67.900385
