//Synthetic=Synthetic_01192_J50

J=50
MT=20
Vd=2
Vv=1

p: position coordinates = 
0 0
15.35516 16.115395
50.77478 35.228569
25.356712 70.38439
21.997385 7.651578
28.135212 31.209907
18.566401 68.764098
5.079493 78.876033
60.602115 23.057357
-12.394895 -12.226184
-9.077257 25.555546
11.84968 93.781395
-34.712355 34.032536
-30.150033 46.045742
53.243355 34.673394
-1.687474 14.364311
50.406298 8.980269
33.157961 68.814755
52.890307 26.030337
6.81979 3.693344
17.03349 -25.060112
14.773302 79.783435
10.592656 17.302761
22.462292 26.882003
36.690721 23.019514
52.084471 26.212236
68.394041 17.227971
34.987398 -7.10126
68.215389 22.501853
7.943064 -20.547746
33.141869 47.764748
49.592171 32.14976
-51.981071 33.157133
57.662082 48.428339
39.171203 50.026631
-8.257934 63.179697
27.994033 37.880349
42.546118 49.342899
14.076805 -21.651449
-0.08405 -18.92515
-7.479657 46.777724
-27.70946 25.809479
5.700626 24.726945
21.228803 -12.418662
23.271376 84.783125
13.43713 66.636943
21.333851 -19.069148
32.103659 27.9968
11.158821 78.558228
7.582333 0.747871
-5.905797 4.526227
