//Synthetic=Synthetic_01001_J80

J=80
MT=20
Vd=2
Vv=1

p: position coordinates = 
0 0
38.166687 28.272841
-38.192317 43.818117
-73.199226 11.904686
-42.195988 42.485699
-73.332063 40.26067
-51.540717 54.464576
-42.953313 6.975466
-40.893964 58.392639
24.35664 45.68841
-31.567167 32.193574
-26.678323 79.812288
-22.213968 61.027898
0.173356 25.002551
-63.328539 48.187405
-31.538369 76.747279
17.062151 2.579518
20.62993 14.73728
-31.474849 56.22254
0.058357 19.132949
-51.232382 33.717493
-61.24622 13.070779
19.093434 57.93071
-23.787 63.337895
-31.673242 39.170435
-48.416177 10.446465
-63.060679 16.466108
9.797475 40.431969
-38.086874 34.081273
-5.36468 51.086879
-33.272141 24.532142
15.886882 57.011338
-4.265795 6.800912
-24.333332 22.078886
4.735963 -8.847892
-28.958705 19.947218
-57.294003 64.651402
-41.47074 7.283013
7.03588 74.198864
-45.488911 53.706761
-1.77318 79.080873
-20.031742 54.437207
21.52382 18.869376
-39.294773 -3.115696
-28.318646 83.335643
-57.789587 18.381659
11.168774 7.800906
-22.225084 14.566994
-13.376018 -14.616888
-48.294899 29.402089
-30.296375 64.413214
9.32289 0.445774
-9.637834 72.729143
-8.939997 73.086052
-0.512732 -3.745186
-28.552976 82.504167
-16.894088 22.428368
-16.164188 56.380581
-68.161547 23.036836
-53.43211 64.098538
43.60616 47.553795
-35.931648 90.452868
-2.856283 14.724928
-67.191934 37.811662
-21.80096 -3.192305
-37.756332 63.039413
-9.722438 85.227442
-60.546851 65.565354
-64.48223 31.714388
-3.450985 14.73544
0.301234 -4.460139
-41.321985 64.82542
-10.522731 38.642455
-69.018609 27.221151
7.657325 26.588864
11.434166 42.773849
-55.073301 20.390724
-32.143917 55.376246
28.921944 55.81205
2.661219 9.099068
-51.356957 25.137942
