//Synthetic=Synthetic_00907_J100

J=100
MT=20
Vd=2
Vv=1

p: position coordinates = 
0 0
-85.444232 -11.495248
-14.887573 -24.978271
-20.684564 -45.630836
-43.907152 -47.412792
-63.615021 -91.961805
-75.821378 -18.202534
-73.309975 2.26967
-17.243303 -90.956667
-76.088451 -7.912059
-72.606932 3.568474
-90.535089 -0.158316
-38.691765 -41.701253
-21.87494 -5.80635
-72.954446 -43.860651
-70.337508 -74.177662
-72.3444 -72.529941
-48.063937 -20.438199
-72.999342 0.150259
-59.553469 -92.386446
-91.538547 -64.438978
-30.011534 -73.003607
-61.446217 -92.281041
-5.364943 -94.446626
-86.521646 -32.861441
-55.571549 -71.142642
-11.447214 -105.90444
-12.901039 -53.090995
-23.50371 -0.290335
-50.495976 7.201736
-96.034998 -70.493598
-24.049678 -95.058569
-5.711094 -65.372026
-26.799749 -41.291683
-5.709709 -25.13886
-14.191116 -29.431915
-105.467658 -86.511826
-88.334751 -61.129314
-76.14661 1.207509
-11.442701 -92.550449
-59.949059 -88.713629
-71.080041 -82.739117
-10.678171 -17.035976
-13.678251 -68.901605
-16.808158 -19.15876
-77.944318 -39.409763
-47.362869 -37.856082
-94.60764 -46.133587
-88.994958 -37.161188
-25.316509 -48.946252
-17.446409 -57.204919
-93.600458 -81.346577
-47.063158 2.320477
-52.37134 -69.111051
-34.785729 -88.87167
-12.3588 -69.788221
-85.550023 5.891027
-28.332067 -58.047867
-18.589465 2.748812
-87.424612 -35.701738
-29.047817 -66.45168
-74.064139 -0.778747
-40.006023 -32.748896
-6.126772 -89.766774
-67.760161 -28.011796
-26.27633 -51.246752
-26.982141 -20.207583
-28.714472 -86.577836
-53.83057 -36.843955
-56.538741 -60.505663
-23.086509 -65.293514
-34.040316 -21.464568
-54.970064 -23.254628
3.810559 -84.23118
-92.95552 -55.468467
-79.474466 -8.078076
-76.715326 -59.900998
-13.176889 -21.844529
-86.064311 -19.008761
-30.857649 -48.306147
-82.16266 -62.178666
-24.41093 -78.670875
2.06321 -20.69527
-0.763923 -13.77522
-84.367176 -75.582439
-66.076951 -91.56636
-45.532 5.365748
-92.240438 -65.046772
-90.783553 -77.078935
-41.415726 -41.263558
-34.897655 -47.078024
0.983415 -9.441851
-75.196498 -33.485166
-28.367444 -59.808951
-26.519085 -16.89034
-44.952693 -53.04229
-56.922442 -77.584643
-26.867659 -92.488108
-29.804291 -49.209728
-48.260536 -63.499004
-50.024572 -33.455293
