//Synthetic=Synthetic_00222_J80

J=80
MT=20
Vd=2
Vv=1

p: position coordinates = 
0 0
-30.739558 55.519716
30.42351 71.965834
-24.617446 52.379376
27.883473 62.192293
-18.385563 79.441573
31.179913 65.765202
26.431593 68.709745
31.681156 71.802711
-26.973021 67.837042
-22.227388 72.592442
-23.924965 65.667605
34.807311 74.008704
31.250381 54.026521
-28.018281 77.139607
23.999652 73.417028
28.891476 76.840558
28.326163 49.279779
34.62642 70.414406
26.767467 72.323721
-28.235183 73.58076
-25.072133 68.73726
-30.307563 73.427891
-23.711969 72.559159
16.753367 77.76049
-20.709348 74.469667
-21.364713 68.323304
-25.408683 68.988106
22.307811 72.4144
-32.558274 72.890911
-25.597337 62.770181
29.158822 70.822618
27.282496 71.353745
33.244357 73.651268
25.536983 72.430039
25.336196 72.302997
-17.515311 63.521482
-24.377333 64.581524
-23.850596 59.578717
-29.138222 49.503051
-26.141186 76.341796
35.961506 59.321161
-18.504356 77.17205
30.91564 71.28819
29.707115 64.614696
24.506671 78.226928
28.212498 75.04259
37.20055 59.256018
-24.600935 82.352132
-18.833743 78.758497
39.357701 70.726977
28.382363 70.224981
26.269128 52.436646
39.670376 72.849818
-34.062343 70.811294
-22.034587 71.977902
33.182509 66.043394
-29.002895 66.785438
31.209092 62.053528
39.716251 71.344427
-18.440657 76.867096
30.860843 54.758623
29.907258 70.081069
-23.534397 75.326719
-32.358104 66.188994
-32.925228 71.240869
25.894181 65.396794
-29.739162 60.936808
26.146977 77.145058
-21.474639 66.518536
37.578813 72.770893
24.704738 73.126884
-29.222561 72.087703
28.117998 75.95829
-33.162838 67.928793
26.30664 62.400955
-38.769873 61.324862
25.13028 70.891348
-28.055616 75.517602
-17.615176 63.457246
17.615793 65.629783
