//Synthetic=Synthetic_01872_J60

J=60
MT=20
Vd=2
Vv=1

p: position coordinates = 
0 0
-20.467146 2.997879
-48.607369 44.009656
-22.956945 1.475911
18.421588 25.323675
35.212492 -10.899183
-12.696178 34.829256
-55.309947 35.034436
11.063591 -26.815462
-19.970904 -3.921111
-1.357204 5.839983
-20.425917 7.636353
-46.551894 -22.880873
-0.963676 -9.91171
24.626049 42.216491
-18.676129 -16.597183
9.340231 47.781917
-43.664539 -23.249567
-6.631862 56.970157
-47.663113 -18.82262
-72.909374 -0.838223
1.890987 -3.607371
35.588936 -18.708456
-6.981313 58.136505
-11.14005 -12.00989
-26.591031 -8.574134
-34.458659 3.76149
12.609899 51.724673
-8.789155 -13.776937
-43.376998 -13.233843
16.741604 -17.903286
-56.653129 9.023629
-20.663024 50.319867
18.12839 41.998239
-20.788662 2.423049
0.187652 -25.001962
-7.005833 -7.418199
-1.372562 21.655045
-1.151998 -10.653391
-3.422937 19.930384
7.770406 46.881843
-20.416357 -2.406732
10.795823 -27.698713
11.842375 -36.002752
13.843069 -13.215659
19.082486 27.129918
-47.541973 45.556238
-9.593486 -2.19832
-24.367584 -1.977506
-23.275056 43.858422
-63.312967 13.929851
-51.968924 -36.785686
15.299153 -16.888989
18.184618 6.689571
-23.189668 -4.896022
-73.562025 7.749219
13.094359 7.679306
1.098462 -0.609633
-43.693946 -28.237876
-58.127307 11.247595
-23.180758 -0.41635
