//Synthetic=Synthetic_00544_J50

J=50
MT=20
Vd=2
Vv=1

p: position coordinates = 
0 0
-74.712716 9.544766
-74.148933 6.147989
-77.407646 6.053219
-44.034583 52.840394
-70.988182 9.320898
-45.513141 62.216213
-44.922632 59.454986
-72.220043 10.659657
-41.916021 59.695722
-77.555576 -2.356707
-43.073063 53.087942
-49.41739 53.565127
-75.72231 1.246028
-72.456448 -0.150521
-76.053712 14.330157
-41.301201 55.191612
-52.251096 63.861399
-44.945544 55.52718
-58.272345 54.452847
-49.628436 48.488557
-48.351058 62.994895
-82.414788 9.826017
-72.75667 6.273139
-53.59104 53.25582
-46.130253 58.836831
-55.843245 48.890649
-46.776991 49.408472
-80.365074 2.885519
-46.644112 47.397746
-88.524531 5.114853
-82.047232 7.463133
-72.48036 6.027275
-45.952975 54.586899
-55.758227 63.134944
-84.837322 5.712967
-47.591475 50.872628
-83.392032 2.341473
-76.36602 9.681732
-46.446866 66.250089
-66.001951 -6.670945
-49.4242 64.982618
-70.98389 3.182701
-77.372681 0.727648
-68.848314 13.710414
-80.39307 6.681284
-70.699846 1.585993
-41.45518 58.426243
-34.776021 43.971066
-71.5065 -2.483612
-84.913778 4.687994
