//Synthetic=Synthetic_00089_J60

J=60
MT=1
Vd=5
Vv=1

p: position coordinates = 
0 0
2.026399 36.737632
49.301664 5.519275
-63.393153 -4.634673
-62.511764 -12.38998
-62.19678 -3.594382
4.903825 21.873371
15.22228 39.554522
6.297471 23.157574
24.735458 40.729167
47.705386 1.575289
52.29619 5.759172
12.013369 36.940821
56.329581 0.394146
-57.023108 -6.657484
60.445736 -2.016602
-58.032289 -1.632635
11.514581 39.474343
7.407339 39.779005
48.931006 -4.801872
-60.397343 -6.272796
55.4236 -12.026266
51.655566 3.634154
52.630735 1.614108
-57.304345 0.406791
11.300003 35.503217
55.460683 7.9428
4.635903 27.969493
13.916284 35.118901
5.768482 32.286839
-73.821796 -4.457176
-53.679001 -6.932802
-68.160225 -3.262404
9.249772 28.266126
9.438974 42.527972
-17.286678 28.75251
-52.790882 5.154404
-57.940265 5.065092
56.046693 11.132527
57.559114 13.233514
5.161898 20.194133
-54.721456 -11.820077
-52.038708 -6.789496
56.423429 6.354103
5.230477 25.001806
-66.64903 -9.399917
-55.696551 -6.944129
-2.771633 22.078502
21.303136 41.232914
58.290616 11.290921
-57.014502 -11.067763
19.465052 32.639325
3.844139 24.898424
17.465803 27.88581
51.859125 1.65705
-66.231721 -12.2925
57.567727 0.095252
48.912848 -7.633639
12.877667 40.109919
11.283948 45.045023
57.368971 1.036144
