//Synthetic=Synthetic_01666_J30

J=30
MT=20
Vd=2
Vv=1

p: position coordinates = 
0 0
-46.217516 39.510888
-16.544404 -12.242011
-7.915164 -49.628913
-17.145893 -53.701665
-44.932764 40.221656
6.19313 10.40011
-17.053582 -30.471527
-87.331724 -3.864799
12.413252 9.572443
-27.031325 0.271396
-38.417915 65.558072
-53.378021 -28.244611
-78.418852 -1.294395
28.179953 14.642859
-57.588921 39.627896
-47.990816 -37.472421
-24.442537 7.815295
-73.774627 5.165092
-44.593867 -16.065169
-64.28847 -16.702887
-45.112475 -7.049724
-45.320837 -28.528027
-81.236904 21.710943
-34.548796 20.635465
-39.679007 -30.965736
14.070567 40.440306
-72.822203 -4.969541
-41.451608 55.628131
-36.783388 -36.181307
-36.05415 53.806682
