//Synthetic=Synthetic_00672_J50

J=50
MT=20
Vd=2
Vv=1

p: position coordinates = 
0 0
61.255681 -16.042694
62.335266 -16.895169
64.23755 -4.242639
57.797883 -19.654152
59.648725 -14.867941
-25.871034 -42.00207
50.891297 -12.867421
-14.196985 -44.172333
74.862611 -13.108797
63.238797 -11.256754
-15.732403 -36.727409
18.312183 7.046986
8.517564 2.709553
-16.061721 -37.903468
18.146049 10.689005
65.053002 -9.371379
-13.013149 -52.809226
62.475499 -5.592905
58.893925 -10.81286
14.244797 11.667986
18.088625 2.454841
58.090176 -7.75611
3.890464 3.247967
-8.288734 -44.898397
61.597446 -0.94052
23.175846 15.534993
58.991921 -13.626969
13.549224 2.115778
-21.341475 -41.379264
56.867592 -12.666843
-22.319341 -43.003269
-11.242575 -43.745789
-13.146349 -42.14845
67.841682 -14.202629
-12.345774 -44.206477
16.573675 15.525051
59.870149 -18.758843
58.698273 -8.47565
-31.19486 -30.269546
53.469546 -7.091693
-21.162388 -52.205117
-16.122 -47.835928
14.999609 8.841436
56.441319 -4.074156
19.888502 15.2649
60.422889 -18.501057
22.439431 9.722343
57.098806 -6.965404
53.428871 -18.534436
54.918125 -13.256608
