//Synthetic=Synthetic_00503_J30

J=30
MT=20
Vd=2
Vv=1

p: position coordinates = 
0 0
11.074166 62.329742
7.32189 58.766905
29.512768 -52.542813
27.57235 -47.569284
34.549593 -40.238159
3.869389 54.647347
30.544029 -49.908216
16.691171 -33.936591
33.184293 -45.261839
10.370873 -23.89761
32.581734 -46.960861
19.274688 -21.731291
5.692151 -22.49315
-12.29462 51.103492
-2.144654 48.28604
24.341499 -48.174074
-7.941572 48.843743
-4.975345 51.887615
16.050823 -29.647793
25.968194 -32.456715
27.638733 -37.468559
18.798411 -23.197779
30.548378 -40.454531
33.650664 -34.072767
12.240498 -23.459349
-0.879736 56.162302
29.780607 -41.172544
-8.471375 59.907869
30.827044 -42.957741
18.975421 -13.918749
