//Synthetic=Synthetic_00481_J40

J=40
MT=1
Vd=5
Vv=1

p: position coordinates = 
0 0
3.190351 38.809772
42.072668 -45.751064
21.851275 -52.756242
-50.681948 23.45139
-46.628541 -40.474172
-6.226847 -30.544544
-11.674245 -38.337542
-32.77175 -46.509418
-16.716695 -37.068706
-28.9304 12.260863
-31.378721 47.361448
-24.71962 -26.881704
36.847556 15.424702
12.442134 4.217508
12.100476 40.428111
45.507398 4.415664
44.015228 -50.75468
13.965841 -19.683842
-16.533627 -11.728405
22.103303 -51.892473
0.771072 11.007457
-30.817482 12.743621
49.449404 50.778121
40.418089 -52.639182
-10.123395 -18.255474
-23.397446 -8.938912
-8.142814 19.818657
-33.04945 -19.305501
-42.670034 9.443851
-18.802875 -47.814677
-6.942626 -42.746601
10.032054 -17.771288
-33.108335 6.871629
-3.284891 28.144333
-41.27528 -49.516291
-42.673845 -20.373661
17.827081 -47.620723
49.359228 -5.098574
-24.481595 -16.711348
1.766031 -46.757469
