//Synthetic=Synthetic_01951_J60

J=60
MT=1
Vd=5
Vv=1

p: position coordinates = 
0 0
-25.286351 -23.129302
-22.364656 39.763737
-26.55401 -19.01658
-35.479875 -8.379616
-30.950889 19.119503
-32.940187 21.563582
8.121353 5.236132
-11.247874 -42.011878
47.972387 7.11396
-27.931331 16.793909
-13.693156 -52.571485
1.442409 -29.921978
-18.256115 39.475033
-35.585306 -0.145766
-1.792772 -47.894944
20.934823 24.36988
-14.51752 -20.002154
-41.257874 0.194074
-17.38916 -48.076169
-28.723981 1.414364
-16.494679 -27.529503
-6.613272 31.808921
10.251698 1.86842
-10.295985 31.119936
-2.719298 -48.256176
-9.532901 -55.201672
-29.657815 16.120619
33.593714 -5.458038
10.715922 57.724532
-17.726988 12.333911
-10.653452 35.291485
-32.216603 -0.502364
3.839871 -12.976589
36.911683 -8.825695
31.363886 7.8948
19.933993 23.925092
1.457794 -9.753867
-22.179357 -29.589929
-24.098856 13.867359
5.229079 8.64485
-29.108458 13.529255
-21.665716 18.519247
-30.90418 20.108181
16.906685 58.526605
-24.53355 19.08483
10.136805 5.860551
-0.185118 -8.08263
-18.178501 11.249034
-18.359865 -47.358479
11.140043 3.047459
0.595181 -9.157649
3.297058 34.456681
-17.037031 -22.678413
-8.976505 -53.869486
-12.186014 -41.642504
-45.069646 2.998008
-26.366963 -23.506579
-2.509463 5.055043
14.683837 6.42215
-1.295454 -10.352429
