//Synthetic=Synthetic_00480_J60

J=60
MT=20
Vd=2
Vv=1

p: position coordinates = 
0 0
52.749985 0.660578
-6.97868 -46.663455
-37.945484 15.976915
34.958631 -9.275472
22.500985 -5.81693
-15.513494 -62.409646
28.256441 45.637062
-10.713854 -59.599191
-27.486564 18.73907
39.285013 54.014356
-53.348614 6.70434
-32.20534 1.252081
22.910047 46.140351
37.762317 -2.38808
-38.805179 10.461117
-25.10302 38.400175
6.448916 -62.129407
33.135663 13.761479
-38.317112 4.398621
-15.410576 -63.612648
11.204955 58.558636
36.705659 51.879357
-47.013623 21.34522
-53.696204 12.937404
41.647499 9.330664
25.629661 53.172265
-49.518009 18.220979
29.616853 55.850103
-48.594755 6.506965
-43.601446 0.303045
38.200198 -4.479956
26.208537 43.188722
-59.113757 9.614836
-50.609375 19.707296
-44.143512 9.609583
29.454133 -2.665438
17.828875 -66.85799
28.587322 54.67843
34.944056 -4.047168
51.730507 4.200044
-5.585417 -59.74766
-45.454925 33.262027
5.044517 -63.358589
-40.768796 36.526381
23.740358 46.466806
29.686022 57.97954
51.102836 -10.906467
46.567384 -3.773766
-39.115996 -2.396707
37.310152 60.934799
-44.50071 15.803526
19.844057 56.905225
14.370904 40.505775
30.940738 72.263901
35.937721 55.334378
-6.663189 -66.341699
-11.345408 -56.683471
32.659054 64.472004
-54.507321 2.705195
-0.412166 -69.22076
