//Synthetic=Synthetic_01198_J40

J=40
MT=1
Vd=5
Vv=1

p: position coordinates = 
0 0
-4.621892 -12.05305
6.242422 19.349583
-6.059618 9.103595
-0.048891 18.333958
7.4535 10.996799
2.622165 11.401213
15.431539 11.085809
30.944472 7.69529
-21.140577 -12.625744
0.777996 17.016937
27.527242 11.765042
6.681051 14.39929
0.116033 18.590208
10.858166 5.920295
26.421728 1.270801
17.534361 -3.515724
5.294281 10.916166
23.900308 7.371138
-8.959674 -6.653504
22.888661 19.02977
-8.378002 -3.578688
17.088189 4.858284
-1.89166 16.978348
24.317074 7.691204
19.273756 -1.607093
25.370952 5.163087
-20.799496 -7.514399
-6.925798 -0.398311
-12.491776 -8.763566
-7.773135 -8.148885
8.531501 17.806193
-0.644544 15.511763
-12.099399 -1.218664
19.142073 2.736798
7.57857 14.817121
17.35815 8.354737
-0.477504 15.844818
7.17873 17.536303
20.985513 4.450945
-13.285959 -3.190821
