//Synthetic=Synthetic_01960_J50

J=50
MT=20
Vd=2
Vv=1

p: position coordinates = 
0 0
-6.698451 39.36977
-47.584214 20.57974
-57.298041 6.339398
-14.062498 -24.065858
-22.469977 -61.359908
-5.264549 -28.652115
-32.735182 6.900888
67.103589 10.236837
-40.78791 -29.475413
46.982436 27.730413
30.449607 21.911945
-64.172638 -2.530443
-34.401711 12.55682
-32.095887 15.518194
3.489986 69.396626
10.102595 -56.695366
22.877639 -5.924766
-30.261466 7.383809
17.009186 24.102934
64.946119 20.703733
-1.054447 -70.005024
-3.415953 55.461475
66.388452 11.199256
-44.618145 -46.281831
-9.6008 -31.308131
14.255259 40.649299
-22.64964 -20.538853
-22.273326 -31.058688
-47.276321 -9.19866
13.783649 -27.096791
-47.248177 -40.622432
18.301177 60.19707
-5.119566 -39.221338
-31.524872 -11.250893
16.556352 21.532359
-63.206623 8.458805
-18.461317 -31.093128
-58.285003 -24.338558
-3.390111 44.279427
56.499234 -16.694243
36.765227 57.40449
-61.11879 10.992853
-35.522048 24.845537
27.290085 26.459128
-28.016475 65.772908
27.67483 -6.898714
-18.456278 22.998996
-17.108461 -63.708836
17.80775 -28.058827
27.670954 65.977689
