//Synthetic=Synthetic_01633_J30

J=30
MT=20
Vd=2
Vv=1

p: position coordinates = 
0 0
-25.843285 -32.422524
86.355698 -10.859054
-65.61762 -38.127782
-19.662609 -28.358109
38.974338 -22.689212
81.242515 -31.967182
-43.178044 -75.784069
83.761428 17.941558
46.915495 -4.050469
28.647223 43.884804
-34.258173 -12.082962
17.644839 -46.283728
26.20582 82.605034
-71.207204 -13.983709
-28.586182 46.011922
-59.005131 65.784272
-42.15954 -57.169925
23.127797 -55.480957
-6.435156 -48.624457
-14.232133 -76.511571
50.874936 11.039534
59.322833 34.503545
-19.201615 -66.961885
-3.829435 79.972035
89.852913 -23.932989
63.557709 -44.65351
-92.264074 13.254555
31.285562 51.708543
33.38389 13.364492
22.158986 26.875475
