//Synthetic=Synthetic_01069_J100

J=100
MT=20
Vd=2
Vv=1

p: position coordinates = 
0 0
-73.57657 -52.243059
-77.149216 -49.80183
-61.482663 -39.51664
-74.14949 -33.274741
-69.681132 -33.639923
-22.397207 -89.864568
-80.05828 -42.06179
-23.32777 -91.36708
-15.219123 -92.476505
-14.44941 -91.339027
-24.191536 -79.011811
-66.496558 -31.118416
-25.191081 -95.110878
-11.35042 -80.508359
-18.702485 -90.753748
-23.472091 -96.117999
-14.700567 -94.671734
-82.911229 -42.534251
-74.203258 -37.490168
-14.62542 -89.438797
-70.854628 -41.032765
-78.823452 -52.251841
-2.324091 -75.724165
-75.130076 -45.907707
-18.651142 -91.849441
-67.763934 -46.711005
-88.256089 -40.373357
-83.674706 -36.901467
-69.033854 -47.987621
-18.632577 -90.174836
-20.265439 -75.105566
-71.728142 -43.97327
-79.751115 -41.48142
-72.239664 -50.061272
-19.451642 -86.840767
-9.360558 -73.212392
-15.668138 -80.3853
-73.333698 -51.064006
-22.02423 -83.347264
-82.526313 -46.715094
-53.437923 -35.651478
-17.05984 -76.504495
-18.173933 -79.54923
-23.00649 -79.52624
-27.137056 -74.879899
-16.208588 -83.843036
-65.634728 -43.812255
-14.524423 -85.313664
-18.610953 -71.732796
-59.044651 -43.228824
-13.753821 -73.542356
-64.857127 -35.407601
-63.182643 -40.235229
-17.93863 -74.948003
-10.177185 -76.329222
-6.835175 -75.029122
-14.446754 -81.299994
-19.007186 -77.844776
-18.616174 -93.355636
-20.077772 -93.000161
-25.261875 -83.40453
-69.828301 -42.616375
1.960007 -72.905377
-16.602364 -99.041096
-14.522954 -98.634193
-62.414526 -41.282126
-14.526388 -90.556439
-21.739983 -85.086521
-69.761694 -38.119558
-20.798107 -77.636875
-69.156329 -52.801922
-28.699558 -86.168682
-61.904139 -37.94064
-9.099507 -72.089239
-80.410888 -40.161459
-70.766188 -36.604192
-15.098594 -81.771636
-19.93276 -90.186285
-73.050002 -34.834908
-26.313623 -84.609802
-18.157255 -78.693666
-15.677381 -98.297894
-27.206084 -86.466703
-25.318014 -80.292852
-27.435103 -80.527543
-12.221823 -73.226313
-22.419927 -80.29786
-72.160725 -48.972435
-23.698686 -94.395643
-7.859215 -79.193004
-72.550569 -37.650897
-14.066425 -85.625989
-71.089016 -45.653601
-76.468224 -37.055184
-10.705954 -69.028525
-16.638488 -89.518498
-81.207795 -43.636357
-19.051304 -83.302759
-55.892936 -41.252517
-8.462921 -73.018805
