//Synthetic=Synthetic_00255_J80

J=80
MT=20
Vd=2
Vv=1

p: position coordinates = 
0 0
20.531542 0.737283
21.819587 -24.706211
-29.415578 -2.630866
21.986605 -30.055195
19.911482 -27.770401
39.641483 -5.796531
32.857063 11.342966
-4.360047 11.752047
-38.450365 3.689029
37.212742 0.387714
3.040106 -38.938122
-46.82209 -3.949768
-22.732126 -4.005934
-4.782625 3.554529
-14.152835 34.677471
30.267805 22.64488
17.730472 21.603751
11.97944 -5.479572
7.034601 0.932022
34.745458 10.292547
21.629312 17.694803
-0.8694 10.294551
1.419377 -22.905107
48.500281 3.348742
-5.026104 -15.363597
10.551439 13.48945
29.419385 -34.70242
2.847855 -40.615867
34.310855 7.346575
-28.687043 -10.329544
10.149357 -27.769453
27.501211 -29.596085
-11.559115 -24.122479
-1.29818 11.051907
17.474737 6.926979
-0.063902 -2.769505
0.604881 -35.031386
4.434067 -9.00414
15.576269 -28.76777
26.3766 13.11606
-24.208447 -21.259042
21.024125 5.768232
-7.804953 19.609819
45.566381 17.689431
-3.981276 12.137979
1.149028 42.437226
-39.93687 -6.503635
44.893104 16.620763
-19.084089 -15.988162
49.602456 1.708015
-34.376504 -5.335233
8.533303 32.081678
20.666042 0.790923
-18.301566 11.431721
-16.980939 24.631992
11.997335 -35.713667
7.14495 -25.572779
-12.694211 1.817597
-26.982101 20.756059
-6.493216 -4.610306
-54.183821 -21.300948
-18.185994 -4.21801
-21.203133 6.531835
-15.308608 53.600938
-10.882635 -29.071713
8.673315 19.295154
-35.630863 -23.073658
-3.587036 -4.16186
25.493868 -4.20989
-15.655292 4.635576
38.805948 14.744794
-7.425128 39.435289
-2.384581 -5.558153
32.481225 22.798833
-33.806669 -16.406375
-8.755381 33.543289
-41.018782 -10.665989
2.194782 -28.139444
9.618633 -23.161371
7.318511 -38.995817
