//Synthetic=Synthetic_01451_J30

J=30
MT=20
Vd=2
Vv=1

p: position coordinates = 
0 0
36.421996 -10.071527
39.670738 -35.154473
47.552166 -27.169037
60.634763 -3.646913
42.377587 -20.262664
63.627964 -2.407352
44.517658 -15.309362
49.128174 -46.362049
70.353159 -24.380375
51.242751 -37.038955
46.414493 -18.565241
37.983387 -14.868731
62.43002 -38.999248
57.956922 -15.228836
48.870466 -37.83292
78.06228 -18.776569
33.20812 -29.041378
58.943894 -13.045262
63.630467 -18.190662
40.156011 -7.602406
46.846496 -20.18367
70.798211 -7.41036
77.986949 -10.952216
39.847805 -34.568755
60.205457 -31.370435
51.445088 -22.68027
39.302981 -41.012953
42.10239 -35.242127
54.417994 -31.256618
31.230812 -36.282806
