//Synthetic=Synthetic_00010_J30

J=30
MT=20
Vd=2
Vv=1

p: position coordinates = 
0 0
36.683241 -77.653399
26.046639 -91.093351
27.433995 -82.35876
19.478989 -91.104478
21.42834 -86.804745
21.095369 -89.193675
-30.794094 -73.262303
33.057394 -74.248971
30.16033 -82.110113
-24.599509 -92.057544
-26.133596 -63.567993
31.279034 -89.495307
28.093508 -78.715038
-32.047324 -82.072464
29.980526 -74.383538
-31.81156 -81.189651
-26.855897 -85.903017
32.706223 -88.210148
36.940308 -74.581178
-29.764584 -82.503628
30.498272 -76.683044
40.397573 -98.642531
37.937686 -83.671647
-38.781961 -88.131046
-37.051688 -80.479643
-23.771683 -87.453942
-21.471819 -77.58958
44.588615 -88.454409
21.307034 -80.855963
24.84291 -85.198347
