//Synthetic=Synthetic_00441_J100

J=100
MT=20
Vd=2
Vv=1

p: position coordinates = 
0 0
-2.353234 74.764478
-17.602185 56.473105
40.042435 61.762835
-55.541672 37.142479
-2.761037 63.402559
-50.604865 51.719693
43.126018 39.218826
39.735837 51.678122
-20.911385 8.785297
-1.392222 22.079467
-14.577563 67.364783
-42.220618 21.22962
0.710354 71.473004
-24.74884 83.692203
4.35566 18.284796
25.652749 48.764582
23.777526 20.67539
-7.399868 53.139213
-36.553453 30.401497
-30.04767 11.610482
-17.320247 12.791814
-27.063935 26.328823
15.769087 44.911068
-21.919933 47.281933
3.611947 -6.425762
-42.247354 39.987746
18.951866 12.099161
-47.521424 64.178371
21.631735 2.38098
-6.454946 70.222178
-17.784974 79.276556
4.969021 8.568039
4.107481 16.899518
-42.099113 56.216918
0.796832 47.394235
-24.604642 63.261888
-36.136262 53.032559
16.343891 66.81523
-13.628372 56.406708
-43.432485 47.841177
-0.775264 25.322258
35.965518 33.377879
-5.08157 -2.377603
-5.768237 -9.824379
-43.163627 43.847816
30.488429 28.923896
-14.221109 19.580971
-16.082138 56.992818
1.927682 47.262799
19.003691 9.849114
-23.517893 17.486708
-27.841431 53.157591
29.731349 37.392787
-57.597789 29.127008
-5.498757 -2.151613
12.166471 33.759501
44.348094 58.37711
1.611475 14.890254
2.503962 21.7945
-45.385037 19.452778
-65.567782 32.367123
14.989105 68.116242
-3.094961 -12.660027
19.95028 75.369392
-34.0244 13.558199
24.912808 58.05803
-48.049635 16.69173
-14.947809 87.09208
-34.982226 43.032804
-2.294721 11.358442
19.007512 64.400489
-45.502205 33.485638
-4.800572 41.490166
23.222557 68.51546
-35.659317 13.938596
47.526196 46.935181
-65.777233 33.629599
-13.825714 41.647192
12.489808 29.354283
-5.240825 70.168014
-25.437664 47.055614
34.127269 37.551175
9.514713 53.497256
3.335353 10.245723
-33.916649 75.970827
25.673611 22.331379
5.082055 14.669039
-15.89845 89.593818
-46.305083 18.693504
11.300843 33.208866
-16.939105 11.170301
-25.958607 31.262558
1.080501 23.961817
-14.85336 44.281158
-1.312 24.155715
41.065169 36.258735
1.72829 93.488729
6.194121 51.721997
48.276343 43.392543
-46.566866 48.67058
