//Synthetic=Synthetic_01844_J60

J=60
MT=20
Vd=2
Vv=1

p: position coordinates = 
0 0
21.824164 33.595394
-28.727225 -59.539054
16.982433 28.945517
42.626629 -46.143254
-45.051708 -76.451829
40.611111 -44.309673
-43.903235 -57.190693
44.489256 -40.498581
-43.59431 -54.141217
34.26458 -34.142302
-23.609267 -74.795849
26.879992 -0.499736
15.628389 13.184699
28.463825 14.010803
30.249614 12.494531
-39.079183 -55.560279
10.479045 42.99444
11.249272 38.671735
19.600333 13.368859
46.38294 -46.484648
-18.139251 -43.158442
27.781524 24.011283
42.006229 0.943812
-28.062598 -44.553947
-37.646527 -60.05088
16.521147 33.188614
-12.441676 -45.17471
14.318196 26.543042
-39.362309 -47.88916
-37.033416 -55.325927
21.355069 24.91192
17.943457 45.367134
-17.667173 -55.302829
-24.568749 -35.733534
45.48133 -33.388177
-29.187115 -41.679805
-25.802843 -68.53101
44.202035 31.362994
37.38233 -38.57366
34.495405 -48.797143
-20.144907 -61.702907
-19.644475 -42.890641
31.160769 0.50253
42.098139 -67.179565
-35.610568 -42.538504
38.355388 -46.711106
24.052678 4.611086
-21.795563 -62.681553
-16.028021 -32.117916
-18.12322 -50.32843
-35.045608 -71.412791
26.539877 31.79694
-32.972189 -60.264043
19.081062 17.834264
34.394185 -52.569598
20.686637 5.574091
-36.876785 -64.972793
18.898354 42.272928
26.785699 -4.461494
-33.288773 -57.299156
