//Synthetic=Synthetic_01852_J60

J=60
MT=20
Vd=2
Vv=1

p: position coordinates = 
0 0
22.068395 15.976778
-29.174168 -39.697637
80.334816 11.134748
82.382161 15.806742
-12.218842 14.958834
19.68189 -21.478959
-18.558619 -29.777151
-31.622055 13.868506
-30.105706 -43.345904
-18.461254 19.110816
14.420292 -19.594668
33.502245 -32.037537
17.260061 -27.043114
41.188287 5.922899
52.808293 24.53734
-45.196182 -25.189768
20.060454 -38.91694
47.070294 -5.078194
-34.54755 22.30672
20.28611 -1.731685
56.898765 8.942329
70.700114 22.689869
-13.392642 -36.379205
-11.757825 32.928421
-20.236094 21.609376
25.959154 -5.723233
-37.172216 -35.009361
17.134038 -26.501334
60.179691 13.502975
67.091391 28.655746
-43.580987 -39.937969
34.79917 15.160461
-45.623182 -50.310697
71.755148 22.634911
-16.710549 12.121288
16.396408 -34.239096
-35.83789 -31.816545
-25.524692 20.627394
37.738123 -26.06411
36.408505 6.422475
28.616538 7.369313
30.318051 -0.472782
40.341375 13.388669
25.58981 -23.424106
23.537787 -25.593151
37.715318 -21.735326
61.197685 9.630535
-12.072259 1.685157
31.17968 -25.185051
-40.026836 -33.35415
36.328968 22.602411
69.428696 17.488541
-8.595619 21.952004
-25.170867 14.285273
63.341058 22.886658
-12.007422 21.394174
-17.573616 29.552629
50.412908 4.539476
-26.989413 -39.604936
36.17573 14.384261
