//Synthetic=Synthetic_00977_J80

J=80
MT=20
Vd=2
Vv=1

p: position coordinates = 
0 0
-48.606377 36.574407
-16.570742 29.574831
-4.507276 29.827522
-17.267879 3.476209
-16.352344 -5.125784
9.63518 -10.635274
-57.31442 -29.784203
21.96036 1.905197
-6.895183 -27.49309
22.23523 -18.991635
-63.668499 1.427695
-52.71663 -54.832921
16.624696 25.636292
16.937819 -46.622646
7.552113 42.171146
-52.934482 -61.573082
-4.646436 -48.572182
-16.580274 -53.570446
-30.574957 26.016254
-7.407301 35.607885
-2.532961 -3.051916
18.507472 41.6375
-6.204494 12.130336
-0.759494 13.359019
-50.019638 12.826453
34.0392 22.24791
-64.353506 -37.107222
3.830546 -21.636819
-66.017007 25.140777
-46.269199 -32.768209
-36.232642 30.742206
-16.409143 6.70139
-57.691631 6.386964
30.934876 11.894542
15.749552 -33.06103
18.97058 -9.365637
27.278457 -6.956045
2.759896 43.677163
-14.373714 -54.078255
18.05683 -26.954491
22.185754 -24.168336
-58.423357 39.685305
-27.401581 22.908628
-65.505697 -43.881486
-31.674909 -22.689691
-30.283936 -50.298793
-20.313657 22.516877
-26.679911 -16.227059
32.080741 30.594609
5.995198 53.124062
-17.465653 18.913014
26.142569 -20.663761
33.351068 45.26659
30.072809 51.197883
-49.652931 -17.698054
-33.026154 -2.719194
-38.228844 -32.759162
-20.832985 -13.660246
-16.583114 -8.844202
17.390816 15.78416
-4.142063 -42.056058
-68.538029 -9.323485
-57.024444 -3.062182
-38.652901 -39.440792
-56.089956 29.892804
4.642595 19.985162
-11.74466 -36.673672
-46.627864 44.242172
-29.294609 2.016574
-47.453716 25.021606
27.509191 30.279089
6.229836 27.736443
17.505788 -8.313461
-40.950613 -17.062559
-57.120779 -39.914302
-34.320397 24.71627
-51.68709 -35.146019
25.122247 31.324111
1.384849 -7.542849
-23.663064 9.891423
