//Synthetic=Synthetic_01079_J30

J=30
MT=1
Vd=5
Vv=1

p: position coordinates = 
0 0
15.405166 -26.990244
-51.771137 -17.611902
-35.651639 13.214995
-3.402253 57.069578
14.77106 -45.860676
29.661002 -21.787296
6.861743 -10.26554
29.703147 8.641296
-32.00436 -19.807262
3.467059 18.415233
-9.878632 -14.977348
-8.162151 53.476967
-14.607627 -32.800538
3.722408 33.311377
30.374464 18.465508
-14.86892 0.883838
-27.110708 -35.480235
-10.698474 61.637197
-9.786932 -19.060036
6.182365 -54.685051
56.619707 -5.238202
15.679516 22.198175
-0.117946 5.545785
4.83161 49.770449
-18.852974 21.123087
-18.193113 -5.312397
-35.52741 6.752136
-17.859561 -40.54435
2.625616 6.521998
-5.020364 -11.273443
