//Synthetic=Synthetic_00488_J60

J=60
MT=20
Vd=2
Vv=1

p: position coordinates = 
0 0
27.130373 -31.126916
-13.081538 47.700516
33.556568 -6.614211
41.940754 -8.244107
37.678037 -32.142503
42.436792 -11.309761
6.169314 44.333878
-12.588257 36.908467
2.055455 37.611809
18.333915 -20.42671
14.816147 42.033483
31.600004 -42.975647
-3.067296 46.824016
26.830987 -19.216268
35.386101 -1.205016
37.273635 -25.626521
27.286249 -34.024384
-9.52252 40.305491
25.646921 -17.441188
-3.938386 40.057873
-0.703334 51.231934
40.949445 -33.090789
38.759832 -23.454666
34.846202 -21.470319
22.239534 11.535338
42.278025 -11.209489
38.624392 4.973859
-0.384911 37.563125
33.294415 -27.870382
27.485278 -13.494755
41.288949 -24.277092
7.957958 35.953838
-11.458889 38.69429
24.030371 -2.523652
37.495889 -6.440604
35.834029 -25.519167
45.490083 -14.896677
4.381061 43.773869
27.386611 -3.92524
31.421091 -19.709246
17.584857 -14.591878
29.614833 -0.974309
43.332004 -23.820581
-10.942255 52.822748
26.359214 1.539485
-11.039757 23.616405
28.363589 -6.426848
38.769819 -11.429018
-2.975677 30.16035
21.274837 12.123908
24.741112 17.210357
29.637191 -18.74808
32.999809 -7.547305
-9.641912 26.905845
43.027781 -28.636836
1.757449 46.569873
24.398222 -8.619095
21.892525 1.794395
1.136655 43.620187
22.641037 -0.170049
