//Synthetic=Synthetic_01527_J30

J=30
MT=20
Vd=2
Vv=1

p: position coordinates = 
0 0
87.518921 -16.848317
81.145569 -27.956551
33.186703 -72.651472
97.52768 -20.196366
44.822117 -94.003837
47.448454 -90.522442
81.738295 -30.998249
30.880686 -69.518983
41.326995 -73.007494
39.015178 -92.895769
27.846136 -79.152228
41.855049 -81.54901
93.957233 -30.046322
34.627705 -94.007719
87.599485 -16.871103
44.562399 -65.515306
36.088754 -69.555162
46.506433 -69.43988
48.560397 -76.114558
32.774518 -66.512607
44.66155 -80.8109
52.725213 -73.5604
36.468351 -77.703646
104.276735 -12.747955
89.665252 -23.590474
76.089467 -7.41823
44.23228 -76.359921
78.296282 -20.457526
54.629095 -86.449364
85.21751 -12.475643
