//Synthetic=Synthetic_01825_J80

J=80
MT=20
Vd=2
Vv=1

p: position coordinates = 
0 0
8.061984 -40.745586
5.192588 16.771906
-12.031519 -43.141029
25.240276 -26.573331
-0.374199 18.394284
39.593498 30.390507
36.655964 -5.341261
17.844759 -28.334604
-3.220182 11.23206
-28.66386 1.731046
71.153368 -23.044439
35.503297 -49.02444
3.662937 -45.869859
15.223667 -12.354569
20.017517 21.735371
-1.393754 10.157051
22.86251 -2.624851
1.607011 -12.552359
-4.483708 -54.567123
30.862881 -25.212806
-2.169578 -30.367911
49.387308 -46.177035
27.61841 -14.37359
19.065745 -20.064476
-2.142896 24.04394
38.019975 -5.159941
11.066615 -20.434361
10.486915 19.627278
47.74784 18.167623
35.784161 -41.986031
-1.93375 -27.811711
58.462621 -37.638679
6.049303 16.391132
-0.849845 -32.779228
31.414641 15.590924
-5.832311 -45.77146
45.824165 -27.940559
27.559062 13.873488
0.711867 -15.334832
-1.604922 5.925348
53.358909 -40.538738
25.449309 -4.65567
-29.957922 -1.637195
40.02649 17.160991
44.380064 4.330262
5.660836 19.225666
56.698021 -33.543701
-9.471267 13.947868
-18.616658 -25.190683
12.414023 -17.818921
16.521814 7.471692
11.016389 -25.339564
-20.607698 -25.780996
-7.427067 -18.369662
15.08086 -33.724979
6.30829 -14.781282
14.949438 -48.619408
65.360369 -32.624725
48.14222 -23.905305
-8.531216 -52.774124
-13.816075 -7.656073
49.962009 6.88096
8.10697 11.218048
49.168892 -30.163875
-2.539756 -35.289213
6.854152 -34.952624
26.324042 29.917729
18.496352 -2.389942
4.550021 -20.522506
9.167862 18.473065
45.641899 27.475859
47.62345 8.948959
4.570326 -14.077037
40.454481 27.793813
42.322781 -8.140359
-14.861588 -10.017743
29.561245 -21.242777
-7.861755 -43.867119
4.461525 -41.133588
9.00981 19.023404
