//Synthetic=Synthetic_01022_J50

J=50
MT=20
Vd=2
Vv=1

p: position coordinates = 
0 0
-1.10908 16.851749
-48.382481 -16.976187
-110.223633 -8.306696
-18.729902 -59.20917
-19.679372 -12.576344
-23.697659 -24.540445
-18.157607 -40.073377
-56.98276 5.893162
-40.491783 -70.835223
-39.199969 43.27906
-36.773768 -58.722578
-22.184725 -72.51798
-53.967056 40.111514
-48.639119 -40.390361
-8.016724 -16.398121
-14.719347 -32.323411
-64.380717 28.784212
-94.808365 4.013304
-16.934745 -37.962902
-63.086467 22.324167
-27.487292 -69.55019
-58.710979 -45.328181
-61.058444 -45.267397
-68.222128 19.919771
-2.68686 -11.851033
-31.13248 38.348334
-91.042599 -29.820558
-115.9348 -9.390594
-43.876287 49.250338
-38.696341 -19.269619
16.860323 13.300302
-19.355731 21.19313
-107.986561 -15.422624
-4.244372 16.55465
-10.170695 -41.277859
-91.757911 -8.695302
-51.871729 -65.873167
-63.532905 5.403874
-34.838101 -73.984563
-4.140258 -39.811436
-66.646383 49.382873
-11.041861 19.659395
-54.223755 -15.658228
-21.381223 26.08161
-91.213142 -32.759357
-102.038547 6.190118
-28.332057 4.508448
1.954704 22.221665
-14.93425 -61.80435
-44.526249 35.241845
