//Synthetic=Synthetic_00131_J60

J=60
MT=20
Vd=2
Vv=1

p: position coordinates = 
0 0
34.70595 -28.014979
10.031191 -29.281433
45.710336 18.091433
34.995375 28.433242
70.836269 2.750927
38.310013 -50.446107
15.915054 29.000597
38.575523 1.934745
84.23251 -42.059576
62.613164 9.027424
68.756581 5.597947
72.771367 -15.155962
-13.591667 15.083768
18.994364 -47.178173
31.830408 -0.28238
51.761329 -33.183493
61.995405 -39.166597
61.293 -26.929001
63.608664 -29.688536
28.508323 -44.655674
43.398503 -33.594941
60.656847 -11.571712
27.431815 -56.107404
-13.499567 -5.538565
32.263773 -23.664715
62.745351 4.784507
-15.349324 23.041882
72.278156 -19.134478
65.498665 -17.896424
-6.833868 -10.037615
32.693203 -49.41243
46.96594 -34.011237
-19.275067 -5.557061
46.571193 15.216224
15.815952 23.76159
33.002654 -31.789234
16.273773 11.676147
67.738358 -26.942844
61.160992 -40.684743
67.667985 -30.172544
46.122152 -37.389535
71.421475 -18.039255
-7.844102 18.963494
19.269078 -53.205727
88.465722 -35.998131
28.451215 22.022054
35.497328 -44.536287
19.420614 -49.69698
-9.454169 14.946066
40.92521 2.711379
-32.302205 18.180819
69.61768 -17.612227
63.062385 -40.214569
-11.565323 -30.970963
68.784132 -26.537419
6.833874 -40.098087
33.908564 13.243018
10.8718 -26.632925
0.375209 1.057832
81.598912 -42.748312
