//Synthetic=Synthetic_00138_J40

J=40
MT=1
Vd=5
Vv=1

p: position coordinates = 
0 0
34.998399 15.022962
-31.597 -26.930976
-0.420776 12.06144
-42.686216 25.310001
-13.170307 48.433266
-16.11134 -4.270484
10.797196 -53.439784
4.125302 -3.377929
3.120184 17.288586
34.587076 -9.369889
-13.183087 17.709117
-37.87962 -19.825132
9.16377 -44.719239
-31.673691 -38.819102
-56.963645 -21.696227
-34.694857 2.967906
-49.460488 -31.6512
34.074653 -42.543113
34.543716 6.000468
1.074831 15.936216
12.992513 -26.189959
-34.888477 25.711239
-32.06507 45.826868
-11.09887 -43.209079
33.420768 -1.527083
-43.846186 -25.095388
9.963611 -28.683072
-4.523845 -34.834669
16.151099 -9.801614
27.545903 -30.125395
25.939346 -56.458474
51.492829 6.724524
-7.844194 22.859727
27.101713 15.203057
29.477479 -28.131027
10.964283 -32.305079
-43.319712 12.103125
-43.355201 -5.461266
-42.836226 5.134578
-32.592763 -37.51443
