//Synthetic=Synthetic_01832_J40

J=40
MT=1
Vd=5
Vv=1

p: position coordinates = 
0 0
-41.708422 53.06947
7.008288 -24.635556
24.139403 20.648912
-9.47063 10.323101
17.307022 18.032475
32.191057 -18.734896
-51.334003 51.18745
44.758984 -6.054214
-19.68663 46.363577
29.96201 -2.997277
3.248361 35.789167
-47.505647 43.282823
18.504737 15.846316
44.463794 43.240512
41.382456 16.67833
-2.623186 -40.565386
-46.879254 -11.009761
12.48466 15.911987
-0.98834 47.96066
30.696826 50.088811
-24.341055 55.448967
-45.957987 -17.847766
8.550941 32.434093
-27.770871 50.097926
13.410818 19.100016
32.305713 -48.545802
-4.523331 -40.444936
43.304847 51.529383
26.42835 22.461253
4.091199 42.543613
-17.021078 14.496534
17.776827 54.735783
33.48439 -13.206034
-45.788496 -53.990261
-17.36065 -2.197044
0.347755 -11.422631
45.377567 -14.473569
10.975222 37.266176
3.051063 -26.371792
-49.391498 -0.484654
