//Synthetic=Synthetic_01882_J50

J=50
MT=20
Vd=2
Vv=1

p: position coordinates = 
0 0
15.016852 72.006889
-25.309359 64.570405
19.009841 32.898025
18.950168 59.344397
-49.629366 42.146187
-49.90295 20.89162
-8.51853 22.81845
-33.720051 53.140871
-25.868594 83.031385
-35.28148 73.869866
26.128428 55.465885
-0.351066 21.754382
-0.459922 -35.27789
13.097936 1.710488
-28.44271 52.811413
-30.056546 -7.002706
-43.525067 27.789371
-41.071647 7.604055
-30.467585 5.257491
-24.141114 73.430235
-4.680318 -26.82609
29.421136 9.108936
-10.170788 75.21699
-28.234699 27.294198
-32.140863 56.159096
9.066633 26.162964
-26.744952 25.503917
3.300457 43.579478
-2.04335 63.062187
-18.882074 -25.976682
20.612026 29.460678
-3.620014 7.178809
18.637161 -11.143967
16.498026 -3.350634
15.146102 -12.033509
-22.315668 -21.175678
16.635362 66.476592
-24.373499 74.043227
11.793887 64.973946
-23.947986 68.056287
-42.201526 13.802598
21.151284 50.507868
15.777003 32.028346
-70.212491 22.692098
-23.243204 9.8884
24.923465 61.220688
3.822955 -4.341359
31.407704 12.776381
6.426499 55.966508
-13.225037 62.963257
