//Synthetic=Synthetic_01636_J50

J=50
MT=1
Vd=5
Vv=1

p: position coordinates = 
0 0
-16.902386 30.303585
20.381341 20.891773
45.065809 -4.906338
-14.917384 63.42929
-42.642861 23.340322
-48.300007 -37.311268
-31.950468 34.479131
-23.044537 -8.202992
-33.671557 -35.100363
-20.925124 51.807082
26.05555 58.951417
-29.577602 0.450678
34.009681 -6.339301
-0.628735 36.080505
-9.611704 60.523497
6.413514 -43.673535
34.168031 52.578402
-20.963979 -23.01885
-31.737397 1.451934
-37.603735 14.743336
-10.136476 28.99141
14.077761 -27.176973
-11.580179 52.695344
0.360129 29.339671
-9.615154 25.971275
19.459951 -37.731112
-43.500705 35.621722
-12.491889 47.729828
-50.657892 0.129472
-43.525668 29.342777
36.408684 41.080113
40.641858 48.362856
-19.60022 -23.088432
-16.524364 46.883028
-29.753766 -15.782922
-6.255793 51.996458
23.881284 50.075603
14.852927 28.314814
-7.393969 -50.713374
-5.134246 47.818914
-45.339958 41.312016
11.25087 -57.151804
-48.54994 6.120013
-9.38115 57.642217
30.312334 35.616514
12.979087 -36.84789
38.886678 -14.157477
-26.688684 -18.64092
12.520718 -17.035589
-38.532986 48.193287
