//Synthetic=Synthetic_02006_J60

J=60
MT=1
Vd=5
Vv=1

p: position coordinates = 
0 0
4.134121 -57.358511
-48.358343 29.375401
34.971108 -34.272094
-15.785704 33.565517
-49.403103 12.821376
-44.044988 -15.968362
35.702434 -6.726575
34.983519 36.754807
6.279004 41.790932
3.881982 -69.163378
34.249634 -1.681678
32.191733 -4.622854
52.022697 12.789819
-42.613904 -7.782946
-23.592985 -9.980016
-46.526284 11.344769
56.433682 10.739223
60.37255 22.043827
-34.760124 42.67451
16.860572 58.311229
19.153373 -39.452476
-26.358747 29.654061
43.339741 -39.616619
-57.525 23.448296
59.17629 14.241897
5.573596 32.026525
-40.83297 19.451504
-45.866679 -0.962846
-25.02839 -39.121658
37.483691 50.049289
21.06408 17.882454
-20.270839 -10.292105
14.468572 27.668855
44.795589 49.249915
-17.745659 19.819322
-50.146831 32.06228
-35.394852 -42.894305
7.759685 -33.993927
10.782138 -65.685026
37.932357 53.208452
32.140439 -3.759059
-7.798158 31.20216
-5.626462 -55.550557
-11.934185 53.835953
53.70522 33.727414
-40.818896 44.220976
35.346237 38.244972
-17.152486 -66.731359
-23.762205 -39.401584
12.894531 -53.917969
-34.597467 -31.224798
3.366952 28.593425
11.269065 -29.272238
52.802713 -1.418511
-20.168507 -62.265771
-48.393461 43.756576
43.84601 34.322863
55.403792 -2.811116
14.739728 59.297962
24.641988 -21.407163
