//Synthetic=Synthetic_00374_J100

J=100
MT=20
Vd=2
Vv=1

p: position coordinates = 
0 0
-46.711699 -49.683653
-26.329581 -14.068628
-87.647388 -8.956905
-12.755775 0.091523
-63.735555 -22.809205
-5.861505 -46.814929
-42.981064 -37.434094
-80.862573 -23.444526
-71.877078 -40.127137
-95.673823 -17.354845
-18.768441 -14.11969
-43.966318 41.257491
-57.252668 -11.088917
-43.347484 11.711596
-44.567124 -10.723845
-6.327978 3.559078
-41.727121 14.100008
-36.281871 22.195052
27.729245 -3.893295
-86.027778 -15.341686
-11.168282 19.256727
-40.267394 -50.298821
-60.077883 16.150446
-28.366571 -51.258414
-68.041984 -11.775518
-28.108824 -16.568921
-31.957941 10.954769
-16.210201 -6.135039
-30.956646 26.077336
13.199827 -0.930579
-82.009016 -27.80449
-56.012291 2.415279
-95.569616 -24.77673
-40.867527 16.761906
-98.406338 -9.882595
-67.089049 -23.5464
19.820566 -10.892416
-47.562597 -33.469058
12.813282 -17.097928
-62.51741 17.310821
-20.094016 -13.930884
-52.511033 22.228783
-25.031241 26.322577
-60.651713 24.221334
19.18997 9.293829
20.57022 -1.330156
-37.697727 -25.773448
-38.947763 -45.287622
-11.55647 6.070592
-11.801015 7.90829
-33.270671 -9.853445
-5.409689 -33.176613
-69.364043 -10.158527
-33.483065 -42.674288
-0.719312 -17.853948
-44.658585 1.951288
-39.076396 23.603667
-54.630147 32.599423
-4.68936 -16.115519
-56.096162 -47.359422
-44.087851 -39.223711
7.78738 -34.084044
-54.535787 -7.050521
-16.911488 -22.634274
-43.635845 13.120406
-67.802945 -17.550251
-54.372745 -45.640707
-53.099658 2.900449
-82.12155 -12.684637
-42.247534 -25.685818
-64.297303 -37.192519
-24.560615 -25.109788
-24.087063 3.684423
-55.403799 27.651938
-18.814359 -5.211371
14.266995 -9.324799
-42.182766 -10.458108
-8.659376 -7.31009
5.724763 -9.58215
-48.370614 -14.500293
-48.763754 -25.967433
-77.229525 -0.660992
-27.734452 -26.649465
-72.287456 15.362958
-46.294368 -6.006265
-49.464485 -26.489997
-46.641346 -35.43195
-45.593986 -24.494587
-5.539525 -16.286187
-2.630417 -14.204113
7.567314 -0.26891
-44.127551 -5.150176
-55.057967 11.964232
-95.026729 -9.278401
-49.059722 -32.577792
-9.52518 11.478283
10.112354 2.242768
-34.277096 -65.636417
-52.543839 -14.824755
-63.801729 3.622052
