//Synthetic=Synthetic_01634_J60

J=60
MT=20
Vd=2
Vv=1

p: position coordinates = 
0 0
70.088819 -19.344556
48.89072 -76.981625
53.228749 -67.053125
47.12708 -13.211007
50.797176 -6.609042
59.578661 -16.280607
77.256287 -6.491495
37.959915 -66.62533
29.128245 -62.26199
45.254096 -71.705258
54.321992 -4.967661
68.463583 -8.531417
30.620674 -70.659224
26.4424 -69.737335
39.119098 -74.717497
70.044426 -9.509542
43.058967 -70.764974
60.214915 -16.858019
70.771695 -6.781142
39.686008 -82.695066
31.418985 -75.943251
62.637001 -2.00377
61.24757 -11.458808
30.645419 -63.56287
60.598568 -5.05912
27.276756 -73.317988
71.106355 -10.029634
60.738298 -23.588663
48.761027 -2.915881
42.153044 -61.331054
54.357293 -18.256523
36.038315 -79.283423
34.786802 -77.004991
27.673959 -64.697712
28.831536 -78.364944
26.48551 -68.562122
29.09016 -78.746027
37.939853 -62.45072
49.921068 -64.075038
56.875891 -16.719227
61.216434 -1.487362
67.483559 -5.917143
62.633525 -22.484293
34.192607 -76.854039
45.834158 2.308099
58.993994 -26.61364
43.883272 -66.899296
35.858117 -71.821705
44.353021 -89.774262
57.978444 -0.544991
33.032924 -70.089316
45.149924 2.809813
73.522967 -14.444284
33.843202 -82.774234
41.881042 -75.627576
52.303133 -71.222236
52.384839 -2.435911
63.546633 -6.851797
56.414871 -4.44894
68.42781 -2.136147
