//Synthetic=Synthetic_00171_J80

J=80
MT=20
Vd=2
Vv=1

p: position coordinates = 
0 0
1.470331 45.74254
-18.996479 74.191885
16.462228 52.314802
24.951513 48.307676
1.026559 53.188653
12.973049 56.916363
18.384821 29.856482
-0.638974 40.692182
-1.09648 64.51647
10.379034 44.382686
-0.212816 68.547403
0.599015 41.15894
-0.953455 62.482277
15.889091 52.418594
10.834135 55.788786
1.046424 81.25399
13.467347 34.336824
-1.829872 81.774438
-12.442161 72.949766
-10.122597 76.491728
-10.251272 75.416383
-10.538668 65.731001
14.387455 41.002281
-8.958697 47.424904
-17.96886 60.012648
11.618126 52.847339
17.012174 48.215705
-16.462292 77.644061
-14.203762 62.760857
26.59999 37.857424
-14.590264 69.811782
19.460285 40.059494
15.534678 35.152867
3.332237 77.796339
2.781979 34.906921
5.824753 71.816687
8.570027 26.726715
-4.981435 80.398293
8.064488 39.14807
5.380228 38.410765
21.902791 42.34079
0.574345 76.238303
15.247343 39.488469
16.750617 56.011711
-7.559466 74.589731
-9.227988 89.588935
15.251981 47.172521
15.194896 40.802188
-20.238068 78.194076
7.247763 70.213708
-3.75369 72.49146
8.752654 42.475251
10.69081 83.098555
-3.59677 80.29933
-22.214668 57.012764
10.333548 49.335886
5.449816 61.769529
9.339567 31.246995
14.203278 73.127186
0.598879 63.758362
-6.326874 62.249684
7.798213 76.000477
2.649018 78.326885
-0.422707 54.864435
-1.349313 37.948199
-4.930896 57.752377
12.688153 45.013971
-13.848333 78.061411
0.536202 41.913682
29.35473 29.547773
-4.563006 41.305824
12.248983 36.324628
-8.121264 71.195937
-20.906191 71.651712
19.995137 36.205996
6.971503 37.646291
11.675183 32.078718
15.525013 50.555039
22.772697 36.863671
-24.550824 60.677788
