//Synthetic=Synthetic_00806_J50

J=50
MT=20
Vd=2
Vv=1

p: position coordinates = 
0 0
-45.715893 53.281696
-21.177993 22.860703
-3.810811 66.533898
-20.422524 -15.272771
-45.260801 43.011971
-20.934141 32.479324
54.76466 24.117053
16.920245 65.128105
-26.234537 -19.256758
-57.831908 25.782869
-32.453517 55.47298
-13.212721 -2.52522
-11.236429 76.898887
14.553586 24.03777
-25.929239 61.317864
-3.216506 99.965074
-3.851712 -13.514249
-32.031108 40.089406
-40.299981 59.690355
-17.359826 68.488839
23.897371 24.273031
5.198241 82.908188
-41.952817 30.810332
14.869016 46.664564
-30.644548 45.248881
-62.598178 38.984199
0.47472 -30.216613
-45.601295 34.027045
-24.608094 80.562251
-43.003784 39.490575
-15.579184 31.864401
28.725271 21.778193
-18.211075 50.95347
-11.751388 12.264787
-11.103428 -18.390604
-20.248396 -22.992803
-16.054109 91.882509
-31.617069 -6.445235
-5.341061 25.358125
-40.815968 38.809568
1.659694 89.2201
-9.894083 3.272957
-18.965843 17.221645
-5.906723 25.909958
-2.910488 87.814334
5.101371 12.167641
1.067596 -17.648982
32.217762 47.236561
-44.640774 6.468826
11.105628 5.634603
