//Synthetic=Synthetic_00358_J50

J=50
MT=1
Vd=5
Vv=1

p: position coordinates = 
0 0
13.663698 -42.00312
-42.610044 -46.982512
1.937297 -60.470237
-51.302005 56.638083
-23.746873 -26.404283
-54.310283 45.256809
-17.254715 -16.863874
-1.70769 44.489633
35.51766 18.605005
50.308528 -12.193561
-28.069965 36.205647
31.882197 -30.587268
-4.53968 5.375498
8.890061 51.0684
-8.773836 34.368105
-8.187756 -13.142408
-30.196148 -56.889296
-9.359478 10.458851
-34.535426 -32.471387
-18.015735 45.881343
34.129196 -14.167091
-34.524899 25.081481
-33.689421 61.288344
-35.291347 31.337682
28.175337 11.845435
-22.472427 -27.362948
40.264695 -17.551814
-33.528151 -35.084184
-38.627222 40.398871
37.707533 19.138054
-14.036401 58.978815
36.859079 -21.801014
-4.872386 -15.663245
-7.866951 -29.587833
10.240907 -6.654025
-35.59107 47.444665
18.268519 51.13657
-44.8246 -14.940259
7.305339 -5.520776
-11.717874 8.116163
18.68016 2.525052
-13.357136 -39.146158
33.935391 12.078141
-46.276612 57.386933
44.520813 -62.304728
-16.698003 -7.306191
24.12002 34.04144
29.979219 43.450435
6.212498 -16.698421
36.721353 10.858956
