//Synthetic=Synthetic_00892_J50

J=50
MT=20
Vd=2
Vv=1

p: position coordinates = 
0 0
11.054099 -47.851471
27.226728 -29.642657
16.434995 -30.117973
9.252801 -24.99991
-10.500845 -35.313915
19.54397 -42.25456
9.468243 -30.424354
18.566979 -29.673746
6.224599 -27.299018
-6.276746 -12.655131
8.752649 -50.506165
14.238099 -44.225994
14.691178 -38.720019
-4.564476 -27.12424
17.074512 -41.116469
4.541854 -41.375151
9.110566 -43.734826
1.680715 -47.375246
17.629978 -18.50946
4.579367 -33.54055
11.254016 -24.903332
11.318669 -32.974458
15.790328 -41.202963
9.371263 -25.186701
3.121789 -39.051561
14.889326 -53.435513
5.251015 -34.781668
-0.082711 -29.233114
14.363729 -13.545482
13.026929 -47.667705
24.043585 -26.835366
10.163681 -43.020314
10.109452 -26.990456
3.410546 -23.838831
15.531379 -35.555053
10.774168 -53.7887
15.83437 -33.723167
11.834057 -38.226817
18.617386 -25.056399
15.426658 -52.241665
18.879132 -28.459809
14.352063 -28.807447
9.058883 -44.021182
13.602152 -31.242601
13.248595 -26.689554
1.465006 -38.453237
-2.689038 -27.653027
12.010049 -34.130721
16.995031 -16.675051
7.29618 -17.242846
