//Synthetic=Synthetic_01537_J80

J=80
MT=20
Vd=2
Vv=1

p: position coordinates = 
0 0
-59.193808 63.604142
-55.499854 59.231279
-85.801316 16.762739
-45.30558 70.797266
-59.068744 66.259061
-88.910287 13.268915
-45.173044 78.395656
-88.708754 15.648666
-89.093815 10.09666
-61.978029 70.619545
-84.421674 23.842414
-41.799753 69.109539
-54.434422 63.631924
-28.935075 61.867188
-82.080201 8.76746
-86.862178 22.117181
-84.00778 8.9873
-59.856646 59.932055
-47.298726 68.992838
-89.658702 18.972899
-37.802802 68.343532
-73.378229 18.040227
-53.880501 67.096194
-93.913513 15.730262
-33.701752 75.741515
-51.736466 68.203052
-44.46572 75.241358
-37.934176 63.014258
-62.309136 61.759139
-77.302739 6.173287
-55.933346 67.320753
-92.159017 11.81831
-44.019106 65.571464
-95.820006 5.766259
-96.282805 5.61353
-82.209597 12.035725
-58.822446 62.682539
-84.820758 11.12699
-92.980418 17.759471
-89.248553 17.816547
-44.686121 72.772499
-47.883609 74.967307
-58.960254 63.924124
-68.757116 4.665613
-37.290271 65.313637
-89.21466 13.193306
-43.726199 76.106537
-43.901225 61.407174
-45.233259 58.687626
-97.768074 12.649936
-40.085767 60.982738
-73.442344 14.121615
-43.195422 55.785995
-41.049458 68.553098
-82.137679 13.152039
-46.455572 66.627899
-86.025248 22.812985
-94.212093 15.431001
-90.147263 13.012924
-84.067906 8.131236
-88.845997 15.160901
-47.024498 71.069295
-43.496871 64.924491
-99.248643 13.7009
-57.546929 64.541889
-89.469381 14.258901
-30.313052 59.813546
-82.656618 12.056804
-44.188454 66.685793
-90.455982 14.142061
-43.93836 69.696597
-100.208169 9.173769
-92.858096 21.169239
-49.057703 63.176327
-34.094025 67.615197
-84.203608 10.962912
-90.5678 13.968936
-81.151644 13.998991
-56.629954 68.513558
-77.056864 16.041219
