//Synthetic=Synthetic_00433_J40

J=40
MT=1
Vd=5
Vv=1

p: position coordinates = 
0 0
23.57624 -48.058836
-38.792178 -22.357704
-15.161968 1.562251
45.026335 16.52233
-66.691277 -31.751723
28.267871 37.879097
-7.595375 9.819069
6.645099 8.83233
-3.990482 -25.172914
24.349247 -7.09133
6.385038 47.067355
-36.2114 32.327983
-42.38024 -43.842063
46.44325 35.551365
16.720407 -16.049022
44.59871 23.945351
32.147604 36.948102
-28.648803 10.522473
40.560432 13.397386
15.340007 -44.87712
-17.808827 49.557762
-0.928438 -12.958024
5.303325 43.053079
-35.732512 39.887182
-41.101954 -44.549546
-18.856343 45.894242
34.037085 -22.28062
-40.482804 8.203055
31.056703 -49.187607
20.323672 12.417017
42.898925 -7.646958
-33.129829 14.754343
36.88716 2.592937
15.544041 37.404141
6.814492 -18.693166
1.694724 49.691838
27.697169 -4.615791
8.144822 30.705952
-6.055024 -42.168587
4.141498 14.274923
