//Synthetic=Synthetic_01328_J30

J=30
MT=1
Vd=5
Vv=1

p: position coordinates = 
0 0
-4.874373 1.441804
31.735565 18.603988
-27.668433 -9.352236
54.656812 -14.57539
17.074887 51.526364
26.560579 -36.640399
10.357907 14.573065
-3.289883 14.324308
15.348182 53.661967
-24.794236 -31.082487
-22.499024 -60.99462
-6.168943 -3.477887
39.018784 19.25939
-27.016131 -43.157406
38.913565 4.778029
44.928765 23.59693
-18.555177 38.280434
-27.081301 -59.757703
29.330162 -30.141418
17.448957 9.036047
11.543591 -13.048339
-13.577264 -20.432574
17.909652 -4.441596
-48.412842 37.821136
16.985635 14.18469
-17.152346 -49.962273
-35.183486 6.985188
-44.168617 -5.593212
0.211397 32.281997
6.238458 -32.802325
