//Synthetic=Synthetic_00595_J60

J=60
MT=20
Vd=2
Vv=1

p: position coordinates = 
0 0
5.352689 56.610598
-59.693937 34.159762
89.204883 -22.253652
39.718667 -48.981377
-53.237329 20.067539
40.471945 -79.382478
2.730202 -72.171714
-70.195803 35.071126
-32.808892 -53.206229
-78.094151 -27.707722
-33.274939 73.016046
51.836792 -70.728922
59.000153 -65.099435
53.115746 60.887235
-33.783486 -51.026429
75.22131 47.35742
23.007268 40.651113
-8.532482 -68.577611
-12.226475 43.636272
-68.560667 3.747989
87.504052 -23.027964
-67.975566 -33.877893
-2.546358 -98.129815
-5.920915 -101.216511
-11.164613 -66.391256
22.010826 -46.811483
59.568101 -34.733731
-46.864786 -75.454105
0.459171 -51.214363
-20.876866 99.09632
-30.56239 -43.718593
29.889783 37.856894
-40.769698 -27.077888
12.106079 -48.406216
60.92525 56.743643
47.919632 81.336563
14.973859 -47.270676
6.265968 88.053804
-76.268279 51.484029
-57.095704 29.317443
-35.696208 23.435335
-31.571703 -34.276703
-57.761355 -46.574365
2.574972 -68.843013
74.580591 -0.74832
3.400042 58.884719
7.877119 -30.966248
-56.931947 43.905599
56.301157 76.169298
98.275774 -6.891712
-24.601398 71.489423
-83.385649 4.754746
-28.967217 17.458171
-37.585103 93.72832
-47.245028 -3.241792
-14.110851 -49.168811
77.403185 20.452328
28.301482 -31.929685
62.782736 77.211872
10.682768 73.869645
