//Synthetic=Synthetic_00681_J60

J=60
MT=20
Vd=2
Vv=1

p: position coordinates = 
0 0
14.223694 39.403153
30.193726 -8.919615
-32.282386 -0.676497
52.973338 9.449338
-16.470722 -8.294435
-14.561461 -11.128297
-17.706733 50.954771
13.873031 49.156643
0.448119 33.26379
-51.364793 -15.241454
21.347228 -6.431707
14.806937 57.565926
15.804594 12.418947
-47.225764 -14.000342
32.570933 0.210341
3.829083 34.127758
30.719876 2.566949
-12.305196 -21.880409
6.904851 30.389553
31.358656 -9.140495
30.974256 19.239657
-18.099353 5.572165
13.233675 41.594399
40.546484 -10.912019
9.364547 8.761488
-21.786784 56.514964
-12.182385 13.550216
-34.061158 0.981754
-8.999614 60.14432
17.060661 35.841965
13.149848 14.48044
20.268475 34.670036
-24.521514 14.255961
-20.120214 11.273801
-22.951344 63.863314
-37.396097 3.810524
7.729383 15.693716
-51.733715 -13.636598
15.524076 17.964101
16.560444 10.366384
-38.459041 30.498227
15.861318 29.47855
-8.534868 61.09779
59.670575 38.375188
-0.019169 -8.230747
57.818094 36.030091
7.271453 64.725786
33.492069 -6.63172
-46.032092 2.771961
34.188698 52.601813
33.024682 -11.894514
8.925461 12.521231
-24.030657 18.921364
30.699559 -6.345063
2.101657 -4.445141
-22.448305 15.306056
-17.482133 57.179227
-35.930388 -3.248064
-10.694925 15.06263
15.453453 56.538518
