//Synthetic=Synthetic_00005_J30

J=30
MT=20
Vd=2
Vv=1

p: position coordinates = 
0 0
40.547695 35.892033
-16.902404 -28.468964
-22.047133 -15.991162
-25.353321 -5.628874
-46.592458 -6.842275
-26.820372 1.863179
-48.629603 -10.578122
-35.609275 -3.609046
-54.600318 2.265353
-62.83297 -9.157884
-50.051472 -4.680527
-26.432485 -15.724685
-43.282192 -22.826703
-52.10128 -22.395718
-42.57119 -6.07431
-65.778473 -13.967665
-11.537493 -20.373341
-39.966129 -4.560057
36.499618 36.796898
-57.555203 -7.246151
36.082791 44.667712
-41.198215 7.109234
-39.350213 -7.259922
-14.927209 -15.640255
-36.740818 -3.970445
-37.661495 3.171969
-44.807353 12.773358
-42.236755 0.248925
28.845504 29.394102
-59.894011 -16.687315
