//Synthetic=Synthetic_00890_J80

J=80
MT=20
Vd=2
Vv=1

p: position coordinates = 
0 0
53.759049 -46.25418
62.259795 -35.567048
69.65053 6.29102
65.748562 -43.443073
70.956876 -43.360512
60.76075 -43.489831
79.632554 5.450083
54.824273 -41.81857
79.833142 4.682643
72.763685 16.764646
62.078767 -47.900568
55.542278 -45.56473
76.186651 17.502297
82.042298 19.264438
76.201607 17.49403
76.879743 11.724067
73.553873 12.248122
63.144906 -45.719875
59.624412 5.667919
69.60237 13.738901
70.300234 13.443058
78.089703 17.304958
67.743641 -39.314255
60.663894 -49.051403
57.731031 -52.356078
71.449873 9.057582
62.331521 -51.502108
51.947816 -44.5753
73.928619 8.138374
53.295873 -45.32067
44.804682 -34.453292
48.266476 -40.036394
79.102989 11.566987
71.932772 15.131431
57.709017 -48.942146
57.617795 -50.497085
61.34201 -47.572181
65.848938 14.314908
59.647555 -40.326649
57.842708 -47.405294
45.330675 -52.24888
67.12789 28.024482
72.736644 6.377325
58.649259 17.49532
74.57646 4.527437
69.811365 3.599886
64.827238 -54.068376
61.785345 -43.791942
74.135226 18.991534
69.09627 -37.241748
48.874947 -45.47447
63.363802 -44.344299
64.385675 -49.521224
72.466447 4.103548
56.588145 -41.847855
80.161073 15.783303
61.706764 -38.304305
71.717144 14.527001
54.14015 -39.959142
76.53682 15.483926
64.45313 18.107005
53.129627 -45.984765
81.759541 17.435826
80.454841 7.85543
63.760126 -38.243558
57.182219 -38.766623
72.424669 16.482616
67.619773 16.485823
49.934221 -36.089468
56.030776 -38.790518
70.168813 13.64361
86.024906 12.418814
62.465549 -54.495145
56.316907 -40.481606
78.464461 9.183306
43.41876 -43.731147
60.006751 -46.900176
49.834248 -40.525372
63.978924 -37.974064
62.011094 -37.471031
