//Synthetic=Synthetic_00293_J20

J=20
MT=20
Vd=2
Vv=1

p: position coordinates = 
0 0
-36.477401 9.802699
-99.770706 -20.545835
-27.736078 31.470127
-58.78051 11.023075
-83.293104 6.665759
-42.23791 -25.903609
-46.874639 -7.367048
-24.940288 18.437455
-43.161336 -41.46745
-37.354812 41.393479
-50.929936 -3.699143
-72.109364 -15.874644
-75.804218 -26.250285
-42.380008 -44.718547
-41.238584 15.249928
-32.513415 -12.422317
-71.078158 -46.199806
-71.492792 -44.584262
-11.525675 -21.980328
-32.19907 -46.946156
