//Synthetic=Synthetic_01003_J80

J=80
MT=20
Vd=2
Vv=1

p: position coordinates = 
0 0
-72.437337 20.930781
3.510629 97.212491
15.562023 75.869783
13.38201 69.617045
-11.401832 62.909534
-52.319612 27.301415
29.491375 14.92237
38.140078 29.470347
-48.20438 15.946261
-1.513266 22.648468
48.403669 44.471714
3.955528 92.630342
-66.082272 75.65803
-41.959252 72.834078
-11.676957 55.063225
-52.270112 21.770591
2.78224 84.700585
-59.470466 75.924897
34.482812 57.59698
-42.62431 49.197676
-43.652983 62.34267
6.924411 39.905759
-7.898221 37.928246
4.083948 75.100702
-89.834563 65.782638
-12.972318 29.491345
-13.260155 115.083427
24.479753 35.969676
-11.115602 57.158941
-6.096895 109.739548
-58.760595 31.838359
31.281684 45.537813
-61.553271 51.160708
-40.158147 36.122167
-40.634419 63.522615
-63.301957 84.458972
4.120647 32.950235
-44.044191 18.697841
51.542611 35.040276
-89.210667 62.969454
-32.769284 3.396069
-20.685065 -13.723454
14.13775 40.817006
33.126394 41.001376
-24.457776 83.13679
-18.427369 11.979035
-35.462646 15.247529
-7.491118 49.506048
22.198194 15.964272
43.293827 46.523451
-11.860501 80.923825
-24.656928 33.915918
0.699413 5.578475
6.029694 86.914309
-0.029168 2.611143
-48.57146 -8.963905
23.858824 53.827693
-45.930362 -15.196735
-39.605389 58.374304
10.047955 59.651938
57.266001 29.776883
-21.700379 47.556813
-44.776024 87.178438
26.153038 88.720531
-69.233295 67.063559
39.035763 26.479422
-39.569114 46.823428
-20.848368 55.502376
12.441135 90.797289
35.641962 42.262477
-40.696387 60.022265
-1.005316 26.595529
-65.732231 57.123399
11.177954 57.343791
-21.468705 42.849464
2.539144 28.847179
6.443267 22.929404
6.600127 58.309728
14.443424 48.696336
-21.990557 57.914909
