//Synthetic=Synthetic_00442_J50

J=50
MT=20
Vd=2
Vv=1

p: position coordinates = 
0 0
84.460468 -14.171021
62.141811 -78.943905
85.10421 -4.483548
62.787466 -61.93685
55.940638 -67.708988
87.176452 -4.38663
72.90123 -7.611322
81.539531 5.902713
80.068908 -2.638685
56.496556 -79.045619
77.429541 8.505563
87.19679 -4.945641
50.847835 -66.397035
90.45795 0.639936
85.209211 -1.842435
87.646985 -9.879139
59.083551 -76.474783
87.986399 -10.143679
80.304147 -1.369961
46.514452 -59.126502
52.131476 -73.284683
78.294303 -2.082598
57.620497 -77.247484
85.630954 15.564437
92.547566 -7.938234
84.416782 -13.87153
98.245677 12.191112
60.012188 -64.672481
65.236947 0.709625
92.119671 -0.089645
93.489069 4.097811
86.239361 -4.974559
51.024466 -73.68064
75.320253 11.095994
95.298218 7.669479
81.5389 3.721682
90.126904 -7.462956
38.884299 -61.362994
67.188566 -72.270109
79.472002 5.149455
57.848201 -59.197301
93.389 4.077073
59.323981 -59.513465
88.460021 -5.76029
98.577529 -6.878975
87.405418 -7.6758
86.138281 3.52799
79.167828 11.693672
43.170013 -63.244366
89.123832 7.073773
