//Synthetic=Synthetic_01845_J100

J=100
MT=20
Vd=2
Vv=1

p: position coordinates = 
0 0
42.948038 5.048992
-74.627957 -43.191015
-93.434124 11.082048
22.441818 32.581692
-27.152013 34.60134
-27.810989 -19.396737
25.320639 -14.991159
-24.669921 -69.53559
15.375248 75.704348
-63.858295 32.424552
-0.486151 36.148883
-66.619732 -13.910707
-67.866306 11.086577
7.452937 50.46544
-75.667236 32.028228
78.063077 23.030142
-59.612466 56.497888
38.135331 25.347255
-69.606243 3.50718
35.29666 -80.038557
-44.587302 24.30235
-44.75988 -3.587091
-70.809055 42.782076
-29.433448 -70.35667
-71.647822 61.071457
43.584918 6.325283
-46.287478 -5.735355
51.221135 -17.520356
-80.307324 17.551709
20.431181 44.009186
5.561889 65.691124
75.177802 13.801404
82.665308 43.500794
79.189162 13.239167
39.007633 79.260992
4.824393 -71.727883
60.439046 1.784667
-22.908738 -69.675967
78.472839 29.429662
-79.841757 -30.565483
83.403794 28.880527
70.22927 36.496956
38.598614 -8.661193
-67.358339 -2.061967
72.220574 45.453552
-40.797812 40.948292
-53.563646 -14.500205
2.159306 -49.010367
-44.952772 57.536435
-47.302524 59.637187
-27.464769 33.950509
-37.462704 -81.173533
-21.500602 65.009386
24.246198 -77.10845
-26.110883 80.221943
-43.755037 -21.031677
-57.515292 -29.729931
25.04217 -56.751324
55.617656 -49.019134
79.529843 43.574122
-25.210339 16.872026
0.243472 -49.824437
-19.417127 51.523146
60.184793 0.954193
96.65606 5.526733
-74.435117 -41.487239
-35.597922 -21.507733
-42.784368 2.411794
-85.020879 39.145943
-93.547201 -21.465235
-14.388423 -83.240501
56.143138 -13.802722
52.774046 65.761124
5.928938 65.462614
-29.531699 -66.881615
-13.46753 -67.933393
22.9718 39.892524
-75.6589 -20.61931
22.533871 -32.718029
-44.725797 -63.362065
-92.100703 -6.304388
39.724406 17.718617
-2.253198 67.642363
80.924843 -33.333317
98.043606 -7.546257
52.632666 -1.506725
-42.900418 -10.087026
-32.669162 -31.687757
-70.132821 8.691004
-34.097448 -24.778545
87.181587 29.245544
-92.030556 -16.048739
-95.122772 12.783975
-1.932049 -45.129606
-51.900759 -1.80979
-36.238363 64.920552
39.224301 21.888285
44.56544 -68.544998
-5.590683 -51.179041
23.0032 73.463455
