//Synthetic=Synthetic_00690_J60

J=60
MT=1
Vd=5
Vv=1

p: position coordinates = 
0 0
24.456679 -21.045734
41.447202 21.552104
28.929581 28.52645
40.877013 31.916153
29.277058 -39.740101
31.539934 22.256164
38.698451 36.715153
37.617567 44.446222
30.326821 26.229494
33.331261 33.988466
28.307832 -45.102454
45.031736 33.615185
46.9543 39.462957
-46.586306 5.406681
34.234452 20.425178
38.244067 29.732289
52.125805 19.188657
48.274152 38.316018
33.124022 36.499774
12.041005 -43.159747
-56.966606 3.117353
-50.471981 5.622485
42.757693 20.723543
37.218422 46.606561
41.447312 16.547672
-58.806385 15.78682
-52.517382 11.285212
30.989357 9.940137
41.167302 -38.934077
30.2707 -24.322491
48.833282 28.848364
42.596688 40.45137
18.344053 -40.613388
34.978883 -39.002567
41.988625 17.098059
-46.83838 4.756369
33.996326 48.361474
18.446916 -52.06063
35.495164 -31.484593
-60.499911 8.668778
-52.37685 -4.37646
36.204496 19.307113
42.701938 16.334838
37.825564 40.940285
36.03861 -37.356637
44.647876 36.92675
34.952615 29.441335
38.865085 41.156072
33.66645 -33.697629
-51.547252 6.599518
-61.055138 11.874404
-46.64201 5.288841
-62.11358 14.788505
-50.078549 13.942719
-52.663766 9.368463
-61.410484 21.991425
-72.537963 15.999169
22.326968 -38.182554
40.683615 39.915907
-65.961891 11.08233
