//Synthetic=Synthetic_01920_J40

J=40
MT=1
Vd=5
Vv=1

p: position coordinates = 
0 0
-31.694077 -43.219677
18.165856 48.103703
4.852922 2.848107
-19.936239 -49.437262
53.292902 -7.939364
-25.074004 -20.233122
-13.120537 -21.255795
-28.411505 32.743743
20.279136 35.428289
-15.035212 -32.746259
6.573236 -38.553965
-44.611413 24.696459
-9.320137 -3.342886
-30.179639 -14.489362
15.897632 -31.389341
-22.135137 -48.120146
-61.570734 -23.147687
-17.365592 0.188012
20.163872 -26.682882
-0.406852 56.042915
-27.34147 50.882956
-48.257226 -36.132975
2.979501 52.190586
-71.393507 -4.295092
-22.844081 2.825188
-27.837609 -5.058568
54.904521 -10.503962
-16.352811 37.108062
-15.592972 -50.434806
45.206756 -19.973751
17.237723 -46.56958
22.286547 22.043696
-42.994388 0.419607
-19.29383 -0.11186
-12.834817 13.459761
-41.872838 10.599035
-10.355965 56.457923
11.181379 49.53537
28.844212 -46.065867
-30.634539 25.248601
