//Synthetic=Synthetic_00242_J60

J=60
MT=20
Vd=2
Vv=1

p: position coordinates = 
0 0
-33.516703 -2.058936
5.175121 -71.192527
16.620763 -21.052751
-25.000022 -64.877753
-22.882573 -67.351707
-26.995445 -24.202755
34.582206 -14.254261
35.773603 -52.668163
21.306656 -12.939827
51.259379 9.587942
-62.105406 -30.962624
-38.824503 -4.305698
50.114696 -27.131348
26.726048 -59.182913
-24.206413 0.586858
-25.708707 -4.51583
-51.979938 -2.132627
28.152319 -9.721483
24.911432 -6.609582
-24.437063 -42.145565
-5.590207 2.918018
50.820479 -25.492844
-25.98046 -0.017208
35.021452 -11.172346
-50.624961 -2.415168
11.544715 -36.976826
-25.628964 -4.948337
20.664096 -15.364346
14.988037 -37.232105
9.90175 -38.037144
7.458304 26.047297
-4.025271 1.543554
-37.578772 -2.187636
-42.479261 33.567368
28.519789 -57.546636
-8.23615 -59.324229
-18.878809 -40.664475
20.251955 -27.276046
40.057863 -48.753323
-40.787163 -3.018622
-32.366696 -11.590478
35.147178 -56.575046
46.915653 31.858771
-21.34494 -65.191926
-22.668755 -7.085877
17.551614 -1.165788
56.419739 6.071972
-0.065096 -36.349123
-19.281341 -5.780282
41.988916 -52.224875
-0.955718 -65.995107
23.766601 -61.871495
-1.101113 13.252684
29.068041 -11.355414
17.583516 -29.463893
4.56666 -41.556757
-44.3867 -64.09382
-20.398663 -7.010458
39.177939 14.72369
-45.595408 32.439099
