//Synthetic=Synthetic_00036_J30

J=30
MT=20
Vd=2
Vv=1

p: position coordinates = 
0 0
-29.752465 -30.065474
-9.515149 -16.708046
49.859692 -7.281247
29.067321 -7.159446
-13.486013 -33.831231
35.209028 -5.211247
33.216447 -12.2943
43.154492 -30.51845
33.763121 -8.110787
-23.879443 -22.406716
44.561378 -13.667999
-24.867961 -33.997989
42.015666 -10.588545
-18.936817 -14.732676
-0.383118 -21.382602
25.445793 -8.915318
-39.624641 -22.409507
26.655178 -5.447142
-22.422046 -19.942887
31.287303 -3.757498
32.76697 -18.6653
41.221176 -11.815637
32.730659 -3.96422
-17.16453 -29.492593
-32.091494 -21.567356
-5.626409 -17.022612
-8.894635 -28.55446
37.766014 -13.674211
33.807222 -8.735842
-31.046139 -31.769054
