//Synthetic=Synthetic_00537_J100

J=100
MT=20
Vd=2
Vv=1

p: position coordinates = 
0 0
51.824444 -0.330618
-38.963835 2.421295
0.121908 -24.052692
46.333498 32.966552
-1.772602 69.5269
-0.301937 32.40799
45.185323 55.68862
20.415509 70.493995
12.862197 -33.325394
30.109898 -42.693146
-25.263802 -5.915837
11.006437 15.207316
24.608852 2.305246
44.720661 52.20368
31.731894 58.023945
14.018708 39.453899
16.220011 -34.149229
12.242912 10.775358
-2.943641 15.59575
33.159414 -41.132476
29.94533 -52.112352
-14.142499 62.738619
-48.946549 -10.156762
24.948257 -53.2086
16.735008 -33.052186
3.268112 -9.048412
21.063013 55.021941
-37.910947 14.033594
44.978867 27.662859
23.782721 -2.916816
66.209236 19.062305
35.684342 -21.839171
44.041101 50.628109
-24.880918 23.21282
-11.930413 -27.400878
-29.679808 -9.157381
-26.194 10.695321
7.296433 -6.417577
46.433212 38.564906
27.699502 40.999475
64.699938 0.326916
37.755297 19.67794
21.407825 -35.815669
-20.59505 -18.171993
19.266665 -2.970596
50.952131 23.868272
-32.620145 -12.164211
40.928731 23.636932
-34.265476 -14.795064
49.941648 32.258617
11.211921 -6.279718
17.287187 67.405382
-6.688684 34.252065
20.764082 -47.253256
39.358323 20.720496
73.290901 24.721747
9.121686 3.338381
54.939327 -4.059434
-33.981274 8.551927
54.741101 36.982318
35.101592 40.972972
-14.729593 -38.502775
39.288847 9.19768
43.644783 33.713667
44.841349 22.35562
42.899323 -28.190679
12.320296 63.38042
19.391859 3.994135
-5.853688 72.941394
24.450048 31.543499
-16.742211 -35.834296
41.755157 20.689067
0.701873 3.669473
13.415369 -2.979704
80.16896 12.277499
19.07469 34.40377
28.924601 2.980841
10.796109 -15.101967
20.460711 70.946831
23.537082 38.660418
9.696388 -47.42898
4.947605 44.806868
6.44242 -45.074231
-20.223412 49.195955
77.450783 31.231522
39.457894 39.901411
1.387078 50.983047
28.819942 -50.372225
15.980573 -16.504445
60.608194 3.327303
56.858185 -11.213005
13.896157 -40.750869
-5.783252 71.754687
40.616128 -16.018235
-3.53807 30.470562
-16.787467 -25.67934
30.300565 59.291039
32.088705 50.556604
40.189703 -47.649751
-24.729617 33.860964
