//Synthetic=Synthetic_01483_J20

J=20
MT=20
Vd=2
Vv=1

p: position coordinates = 
0 0
-54.887787 -31.509744
-3.729297 -78.829136
-59.441733 -39.825828
-63.721202 -31.346171
-18.267035 -71.594898
-52.785722 -35.601641
-44.228922 -38.129998
-11.171913 -90.010165
-21.420228 -76.659494
-12.953688 -88.901444
-20.636174 -81.978125
-61.443834 -42.574064
-15.878335 -82.75912
-16.952698 -83.210074
-71.234678 -35.567635
-12.619649 -73.635994
-61.993034 -44.491192
-49.710324 -30.194317
-5.630013 -75.454869
-11.932694 -81.975648
