//Synthetic=Synthetic_00365_J60

J=60
MT=20
Vd=2
Vv=1

p: position coordinates = 
0 0
-29.207797 -23.14475
-19.933738 3.714402
-19.629444 78.599794
-19.175194 -5.67774
-6.674678 73.031921
-22.264441 52.150108
-33.005595 60.817169
-76.164508 21.188425
-20.058926 11.899652
0.618 55.058789
18.447007 27.062008
-16.793801 20.698673
-52.537734 31.871566
-8.194766 45.441466
-15.28904 48.622394
-17.932966 39.131658
-51.278352 -2.962288
11.791565 23.802012
-22.139244 73.445508
-7.798151 -17.906116
-35.401277 37.361585
-47.724281 33.80302
-37.736503 -0.11355
13.770452 21.549939
-67.881921 39.263125
-16.427676 20.329239
6.589917 55.157124
-11.59567 51.57702
-17.579514 19.484063
-17.733291 53.219897
-22.792016 57.065601
10.082937 57.996978
-56.922832 49.012469
-47.643289 30.014772
-39.267211 58.973511
-13.406908 -23.110668
-64.369878 29.889852
-21.683127 -16.608723
-32.285617 79.810771
-29.847579 46.829917
-13.474774 54.675236
-17.077062 68.380568
-67.144091 18.021745
-18.07242 -16.150737
-41.796695 29.579819
-57.653189 32.05077
-12.771603 -3.02136
-26.041707 6.953793
-33.583672 16.375043
19.07311 52.103537
10.746669 50.25656
-43.981386 58.931314
-44.900246 50.649966
-46.541359 26.54341
-25.876042 -29.110299
-21.973853 31.41467
-16.379341 20.759561
-36.646459 13.285197
-65.921163 26.635108
-26.209465 54.238722
