//Synthetic=Synthetic_00721_J100

J=100
MT=20
Vd=2
Vv=1

p: position coordinates = 
0 0
4.476803 7.134434
15.31919 4.627581
-36.56069 -56.324617
10.716638 -59.704271
43.79313 -5.608635
18.783976 -6.237721
1.731872 -16.734209
46.922909 -33.394321
16.641655 7.570394
34.002241 -30.665369
3.633044 1.599519
45.214497 -25.536784
38.860353 -59.224993
22.989396 -76.994728
48.074888 -20.715605
2.79775 -32.102721
-10.285743 -20.930877
-27.122295 -56.261183
9.968746 -28.647988
44.516876 -75.494253
36.892032 -71.579214
51.506551 -47.090022
42.504711 -101.681884
8.267657 -33.007496
53.391554 -52.539035
22.425566 -38.081686
-11.47229 -36.79298
-11.57245 -9.725014
-12.847707 2.232478
21.847035 -81.350993
40.553329 -31.744135
17.800027 -85.500252
-10.349938 2.917756
42.701015 -42.615183
-40.742986 -56.777455
46.408031 -79.801274
29.936863 -10.444707
-27.490045 -56.004388
49.243143 -12.471981
-0.082845 5.665524
58.572893 -21.25498
17.647605 -10.48646
-5.067545 -79.646145
-33.668738 -44.874602
-7.35784 -9.390513
36.860798 -62.915418
2.718581 -64.869754
51.192455 -74.615708
-25.550666 -28.162342
-5.794177 -81.303332
35.870412 -17.715114
-9.449024 -14.561944
-21.997887 -65.765841
5.446376 -21.351812
2.957036 17.116426
-14.399301 -53.697719
52.766812 -10.596461
1.223794 10.396651
0.933828 -36.771921
26.592716 -12.81059
1.833264 -58.871479
43.765379 -8.70734
34.331598 -27.35848
-11.344309 -59.582536
28.258771 -11.212141
6.155135 -18.694902
23.319308 -15.947237
-22.215766 -16.188094
5.744966 11.883342
20.53264 -62.620994
10.046771 12.347205
19.425018 -91.747542
42.158141 -10.129004
-3.590733 -60.79214
42.798766 -85.954445
7.066658 -33.905728
-34.456612 -31.034869
-2.420958 -53.16456
43.204158 -7.758929
3.734787 -23.52642
-10.585943 -63.435218
46.858443 -62.86141
12.011744 -15.257402
47.256537 -53.862267
-11.352113 -61.438737
47.747257 -52.952326
-4.918979 -22.163904
-24.969685 -83.771808
63.672221 -16.651787
40.045528 -82.522749
1.687474 -85.263279
22.626475 -2.61464
-17.103264 -42.188978
47.079246 -35.650602
-32.46734 -45.750204
19.763955 -52.140872
18.141671 -31.595584
19.989898 -34.841231
16.618875 -50.184978
-21.946163 -10.5526
