//Synthetic=Synthetic_00396_J100

J=100
MT=20
Vd=2
Vv=1

p: position coordinates = 
0 0
54.606244 77.968483
-12.391426 -109.876937
114.693575 23.337789
-107.696299 1.528048
31.642446 66.790717
84.35593 -41.150411
-31.026655 52.998394
-16.249133 112.524138
9.678161 -111.338268
-18.166067 65.740479
37.723839 106.511287
-59.130497 -1.902504
135.446079 1.484802
-75.124968 -48.818187
-93.210599 62.625622
-101.10012 -53.282179
21.947173 -61.77301
86.355353 -102.908206
46.693957 102.442019
-5.199675 66.053679
-35.334941 -65.126965
124.150476 20.867491
49.917147 124.171595
55.16861 -85.548297
-70.982073 -71.344044
79.29326 39.941486
74.298643 14.131776
95.646134 -44.639886
115.316555 -21.836547
-92.547164 -12.68201
-18.29496 -105.716294
1.075271 60.012307
92.731504 -7.659185
-3.68163 -58.543958
-33.885015 73.698449
-69.608713 -67.158063
40.728758 -109.418313
-77.890157 -2.499818
-64.409862 -66.426366
54.860007 61.773536
32.352369 -114.477426
53.750643 -24.919073
-121.290457 -9.394175
-54.98984 -106.399285
-118.399104 4.435183
-85.381132 18.429648
79.107063 13.230118
-125.323224 -26.103806
18.296326 -116.062552
-80.49086 45.564878
69.588642 -14.467914
-75.468375 37.610567
51.871719 -18.420828
-61.776068 -89.479098
-118.25454 -19.707988
-20.045817 55.017385
-71.884105 93.867441
49.297056 78.434205
68.10621 8.389299
-76.274179 -105.090755
103.586714 49.825432
-93.893556 -30.047912
78.840753 -75.770798
-0.36409 99.700057
84.843747 71.456085
-29.89444 77.115293
26.03205 -83.522988
-91.364245 -21.937346
49.479168 -115.673631
-25.095856 -64.131119
-67.847386 13.807173
56.718945 87.908897
-62.268623 2.603203
19.949897 46.437594
53.414643 -78.052152
-52.952595 -18.581925
60.25329 119.62974
-49.642465 63.633984
-32.475286 70.202578
27.974787 58.131551
-48.443803 -20.292184
-64.067464 32.787518
62.720025 4.992164
41.616066 54.754088
-0.39494 121.630056
-102.428106 63.888524
-37.583327 55.15525
-2.287959 -57.100816
10.106376 -114.584453
-37.424936 -125.124995
-64.218194 115.69834
48.872329 30.218642
62.128797 -97.959544
64.472468 -47.95016
134.774961 13.362264
87.345034 -75.972798
-55.573053 95.475594
-45.086695 48.314303
-44.352686 49.348628
103.520715 -28.220509
