//Synthetic=Synthetic_00101_J40

J=40
MT=1
Vd=5
Vv=1

p: position coordinates = 
0 0
32.406774 -21.421205
-35.162011 10.767567
1.008925 -37.040118
-7.330565 0.035619
-21.92267 11.20246
-38.473759 13.847352
22.492747 30.606078
-17.011169 9.199354
-9.783065 -20.701583
1.035783 39.924789
25.576319 -4.364664
-34.238893 -12.231416
-36.467973 9.305333
29.748404 7.668727
2.20699 -1.497216
7.780529 11.662532
-13.385936 30.752182
-41.846371 19.332394
42.947542 0.873397
12.195515 11.494416
-25.754933 -37.748019
30.744985 -23.115207
47.477159 -15.714518
22.614263 12.874379
24.275516 -19.455502
-20.696609 -48.94519
39.694596 4.964726
1.28243 2.433439
-6.343422 -18.681115
15.40251 -25.714989
5.385298 28.48693
-19.093359 -46.080188
-22.902148 -37.414941
-28.930246 6.506488
20.078615 32.188959
-48.335564 21.487728
21.115579 0.302356
-42.214972 0.344658
-10.254123 -28.621972
-44.394411 34.696638
