//Synthetic=Synthetic_01420_J50

J=50
MT=20
Vd=2
Vv=1

p: position coordinates = 
0 0
-69.806179 -67.239002
13.421716 -82.781672
12.813348 -73.438245
-7.082169 -86.002814
-1.397748 -86.475153
5.533213 -91.528998
7.41855 -84.853058
-10.71738 -86.766443
-73.663015 -58.885342
-86.03405 -68.656413
15.856467 -91.560232
-65.848848 -72.702158
-73.239352 -71.258504
3.584247 -91.741705
9.585003 -91.72344
19.972454 -96.491503
17.393795 -95.957395
-70.260506 -71.734902
-70.560276 -69.763506
3.467188 -77.532284
13.798666 -78.318392
-80.317159 -68.947673
10.856908 -77.745143
13.834085 -96.241303
-75.454262 -49.908569
9.267518 -77.298698
-59.651564 -66.07332
-2.995802 -85.812624
-67.823387 -68.091059
-57.200885 -49.252017
-73.029597 -64.348622
-68.244649 -58.646909
9.867956 -88.651589
-70.958067 -51.624971
-64.616068 -48.436542
-57.366372 -64.295151
0.420597 -77.078864
-65.978106 -52.508337
-56.495544 -70.032064
10.658856 -89.827642
-70.257634 -58.227647
31.139096 -87.121196
-62.530889 -62.687965
1.913541 -93.729661
-78.922199 -63.270175
8.214537 -77.71703
-66.131667 -51.718186
-7.51212 -90.612961
-70.734074 -61.53765
-2.014473 -85.092556
