//Synthetic=Synthetic_01830_J50

J=50
MT=20
Vd=2
Vv=1

p: position coordinates = 
0 0
14.52448 -16.773955
-63.163326 21.129709
-0.93123 -55.62265
24.683103 -17.621975
10.859923 -27.13666
-14.782727 -38.497335
-70.790956 23.665677
-4.315264 -39.217714
-12.6841 17.317506
1.760303 -62.086182
-15.199555 -65.221324
-95.647399 18.75165
-17.016661 -31.565915
5.600933 -20.783015
-10.886075 -45.620148
-79.104746 10.432135
-1.113216 -66.17851
-71.289937 34.730096
-13.721505 37.500339
-18.66107 -55.77793
-16.770976 17.171015
20.840534 -27.311246
2.41475 -74.611049
22.195058 -26.796668
17.018911 -16.433684
-10.130676 24.196581
-6.12243 -35.663519
-4.828924 34.05989
-82.443556 27.313448
-11.54644 -71.442128
-22.024708 33.450931
-16.873526 30.03805
8.924324 -70.475534
-73.379471 19.719019
30.61311 -19.148835
-3.526624 -66.278211
-18.881707 -65.312937
-3.537423 -65.225698
-5.125882 -41.115681
-20.18343 26.712075
18.872723 -7.347381
1.055757 -65.590851
-21.346123 31.526089
5.315616 -10.561066
9.887375 -20.144708
19.507999 -12.058096
15.019544 -12.822253
1.315594 -28.693409
25.386685 -30.328858
-76.488535 9.954201
