//Synthetic=Synthetic_01745_J30

J=30
MT=20
Vd=2
Vv=1

p: position coordinates = 
0 0
-14.905302 7.136486
25.047397 45.325301
-33.84625 68.443878
-16.806134 0.164529
-36.281078 57.135612
-22.130401 69.482236
-16.624463 16.964858
-10.090977 -6.361243
-13.018382 -6.273127
-27.94054 36.665936
-76.240332 9.252784
-26.358356 -11.334425
-18.240933 -8.642187
17.939637 54.452031
-68.054676 23.180493
-67.765853 6.252099
-48.797345 44.407836
9.427545 64.411575
-44.185306 37.458528
-9.82057 2.108215
23.784692 17.659328
-15.785578 88.718957
-56.508382 39.183984
-13.119703 83.964992
-18.320192 -12.318338
-62.812982 70.517353
2.109452 2.753076
-20.89882 53.030035
-34.412614 30.550416
22.586516 79.533285
