//Synthetic=Synthetic_01274_J100

J=100
MT=20
Vd=2
Vv=1

p: position coordinates = 
0 0
26.979722 35.517175
42.341585 -10.268184
52.08845 31.154364
-23.518553 27.889998
44.259537 53.899403
49.327016 36.351005
-14.121352 -0.845182
-17.247556 -0.708612
49.608266 2.493587
66.24524 28.124284
26.889355 43.39769
-0.127495 42.938279
30.647385 34.994154
35.142063 46.892223
23.2043 68.240164
-37.840513 10.117841
67.633354 32.077151
-7.57295 16.34996
13.404942 61.811313
33.890805 0.426135
33.227627 10.152287
20.865035 7.232528
-18.170958 15.09652
19.187114 -15.295047
-8.226917 50.947306
48.95232 23.151738
21.498148 14.522367
1.860696 63.124213
-13.025166 -10.983786
3.016717 71.237741
11.229781 32.015288
67.965282 36.192405
11.327314 10.763902
-15.267099 7.460989
22.066668 -23.289414
-24.638409 26.755156
43.227981 23.981186
17.399669 30.542567
-27.457546 0.889668
29.002971 15.887767
57.135685 44.508968
12.636772 22.202984
9.341139 -15.591319
19.082428 30.613442
47.762172 38.880267
57.698705 26.129235
-35.988256 9.460697
16.214686 -28.049115
20.887405 -21.445298
-19.600499 25.59136
-8.69012 51.656722
3.732101 46.855525
21.809488 -26.015959
6.289133 16.219887
29.60644 13.055672
25.974495 7.639317
25.58965 33.339789
20.740063 -22.832222
16.288133 -8.005112
49.702235 4.24074
-9.35381 1.949356
50.845398 34.023834
11.855762 34.83422
24.31313 -10.624622
-14.50741 31.346662
22.734987 48.050792
10.259558 8.640992
4.187309 42.302003
6.649389 -1.923964
-16.878229 38.97622
14.793467 -16.125859
11.506969 61.106469
-22.553807 18.51885
26.545257 -13.768423
24.566229 20.520792
-4.320616 42.007799
-7.243487 -3.644468
30.676534 -17.187716
-31.506832 20.955859
-0.658341 43.268519
43.67729 27.023947
22.502435 -17.645549
33.694221 16.973842
16.81535 71.250223
29.441115 -25.704428
-5.261092 -2.913972
-3.371699 50.862957
-32.239417 3.118464
14.828803 20.738243
-6.650005 19.805272
18.399478 19.030563
33.369425 -19.023006
15.734176 2.118004
32.812592 9.182813
31.316482 -15.938224
23.821043 -0.364801
18.394054 55.085332
45.104392 21.651019
-16.199713 0.919007
0.727269 37.411609
