//Synthetic=Synthetic_00028_J40

J=40
MT=1
Vd=5
Vv=1

p: position coordinates = 
0 0
31.889729 -20.564745
-28.155507 25.004468
31.062706 -20.540797
-16.488432 7.029407
-7.358204 -1.47235
7.883674 29.887703
-22.2113 36.458533
17.520146 -39.588175
-0.415624 -15.097391
-41.30823 -24.574144
-0.481658 28.719662
1.604934 16.426946
0.697932 -7.155993
-36.170199 -15.854952
-22.88115 40.250742
6.728829 -36.468435
19.949044 34.498831
9.34202 -22.165466
14.261667 -21.510657
29.009949 -10.275466
20.587483 10.919442
14.651223 -39.153059
-32.400849 -11.805384
18.569219 31.470299
-25.107069 -8.87177
16.34602 6.298094
-41.457258 -25.017283
-25.5121 -23.05397
13.631805 -25.949129
1.478453 14.798481
-10.748859 14.631523
13.841485 31.422634
-28.277352 44.692695
-2.451668 6.678657
14.954697 -28.268826
-5.294968 -26.521219
33.742912 -16.04612
-2.026815 20.303242
-9.503592 40.202899
-15.151179 24.796906
