//Synthetic=Synthetic_01166_J40

J=40
MT=1
Vd=5
Vv=1

p: position coordinates = 
0 0
-25.326754 -40.170107
-27.551417 -44.187093
-19.927755 -40.612961
-12.110813 -39.202721
41.090728 -30.519189
-25.155595 -38.935178
29.292388 -34.267492
-12.243094 -40.807341
31.111605 -26.646691
-15.962503 -40.009496
-32.571722 -43.526623
15.545619 15.598638
-11.157499 -38.680394
-14.325164 -34.777993
8.120563 24.943332
-1.617441 17.780478
-18.146829 -33.400913
10.070962 17.683276
-25.785512 -30.15858
-34.243779 -42.217757
-17.033994 -44.933845
-6.039652 -43.509258
-34.89768 -42.15636
38.774071 -35.08122
2.846966 12.441914
9.149501 24.883922
7.212801 16.526642
6.886766 13.219266
-1.522243 23.417646
32.583547 -22.174321
2.371489 17.738359
-26.114515 -47.516239
-15.846824 -43.410884
0.863981 14.138043
-34.140783 -40.056229
-17.081198 -38.789167
11.344573 20.356784
-22.227461 -39.912512
38.104929 -26.535787
-3.315611 20.393144
