//Synthetic=Synthetic_00634_J30

J=30
MT=20
Vd=2
Vv=1

p: position coordinates = 
0 0
-11.659121 19.281257
-1.384973 31.1363
13.100934 11.837943
-19.933283 22.955815
20.08409 64.471
-35.394247 53.252193
1.523343 51.753566
23.07164 45.590511
43.25956 2.688622
46.552483 7.082895
-24.783036 41.067835
-14.477388 -9.095928
-19.937996 14.101032
-26.757452 2.987428
-44.557483 12.016962
15.428866 11.065511
-15.163204 56.487756
16.539601 -7.366194
-31.318453 -5.723163
12.515353 32.170013
-48.427751 30.05478
-8.077973 44.186616
10.118057 63.401265
-18.654421 37.16151
-16.657412 54.030477
-17.268102 48.433274
-35.169461 45.291755
20.720253 49.854703
3.651773 17.856115
1.791816 -11.922361
