//Synthetic=Synthetic_00168_J30

J=30
MT=20
Vd=2
Vv=1

p: position coordinates = 
0 0
-19.945311 75.550517
-11.023767 88.857675
20.115342 -9.890644
53.359941 59.271003
25.425932 19.568098
13.408212 30.934717
35.734624 78.854294
26.322156 80.636908
-35.825157 -3.572328
-20.355658 27.299054
42.30939 -3.361596
-28.974709 48.844193
-32.995769 48.138804
51.19232 18.56679
-29.006781 77.599197
56.155126 80.216401
22.362112 55.345903
18.391947 14.257975
38.629421 20.366161
41.272558 34.761588
-26.932658 78.167097
-7.530165 33.200107
-10.353873 85.452594
42.535405 4.33839
12.825198 70.229785
49.618535 65.921807
-19.645232 -4.29417
10.413646 58.122756
22.300357 75.343937
5.225504 71.320571
