//Synthetic=Synthetic_00389_J60

J=60
MT=20
Vd=2
Vv=1

p: position coordinates = 
0 0
-74.047355 -9.585497
-59.586601 4.974862
-46.624823 -53.989053
-4.959198 27.76282
-28.75009 67.996646
50.516796 -9.970265
26.476558 -24.605288
-28.72797 16.844504
5.172469 -62.049691
-54.422128 23.746502
12.438696 -63.098633
6.620599 -58.438505
45.16925 15.939356
10.176429 30.771687
-6.339705 45.618464
43.195977 -5.854116
-0.910235 -38.273756
73.016435 10.069409
18.358882 -50.092663
34.635495 -13.750726
-7.798502 59.260993
-3.371382 26.576447
16.704927 -51.628787
24.117529 23.973696
-0.009319 74.150259
-29.827459 -46.762264
-42.659244 -2.316901
57.952084 -50.23168
11.458961 37.43298
-61.249281 -28.760669
54.720881 -53.345368
37.641279 36.955165
-64.814374 14.178073
6.413817 37.11073
31.539072 10.584047
-38.398812 -7.948112
32.087211 -67.465343
29.744368 -5.176548
57.995277 20.709021
-45.405263 -0.77397
-12.779313 22.097005
18.483973 -42.188248
-10.653111 -62.570673
-52.634919 44.875803
60.209865 22.531377
40.939111 -59.200273
60.715234 -9.064713
39.315941 45.721493
50.627453 -46.682177
-29.230935 -24.395353
11.425436 -30.972606
-42.037405 -30.331998
30.855203 -14.089434
15.12617 42.522077
77.184191 -14.864949
-64.400461 40.993371
3.742388 -38.736436
-36.923627 51.092946
24.433342 -46.197646
-78.747284 -2.248656
