//Synthetic=Synthetic_00044_J30

J=30
MT=20
Vd=2
Vv=1

p: position coordinates = 
0 0
-40.919399 -35.20157
-32.14633 41.566768
12.502162 32.981691
-0.752159 22.195052
-7.258215 60.072549
-31.867229 -19.685446
-29.508274 9.028747
-41.919325 -26.566789
-50.912099 16.004356
-13.391544 -21.653868
-5.325982 37.960771
-0.428962 9.254092
-20.470743 64.379047
-29.532283 33.29126
28.965826 15.982345
-33.518981 -8.758635
-25.644779 -20.493736
-64.672487 22.316977
-36.496653 7.218138
-26.210898 55.769288
2.067086 -7.736192
19.632466 -3.22769
-15.913074 -33.860863
0.545668 31.809774
17.794582 18.048881
-31.494161 38.299012
-54.939922 32.019037
41.188739 -0.473151
6.622343 9.042141
-49.534443 -13.028078
