//Synthetic=Synthetic_00081_J60

J=60
MT=20
Vd=2
Vv=1

p: position coordinates = 
0 0
6.636684 3.525588
20.968174 -13.274139
43.140202 10.174223
2.46899 29.421774
38.532794 19.112626
26.977922 14.78882
51.648911 -22.208187
86.519858 28.499542
34.093352 -5.499286
84.048885 34.049973
66.301215 -1.949436
47.125932 25.975219
33.274955 3.501549
71.538001 -8.227386
58.337191 -3.068683
54.751428 35.75498
96.289551 13.61236
81.078714 -9.612673
4.618121 2.679564
66.55321 -0.972854
44.785675 18.449325
34.063598 -0.861774
67.617529 -3.12651
50.790354 -24.588263
44.930155 35.568062
81.353652 47.835004
51.490984 -29.887694
2.17415 42.266566
80.737995 48.379486
88.817822 12.991385
33.985192 16.394432
94.140668 12.39916
49.402247 23.032954
51.349988 -16.645574
48.818641 40.305897
17.260217 6.291827
73.709321 -1.934535
29.412497 -5.085921
90.008846 29.087871
44.948533 19.86383
23.382015 -14.31485
81.877425 39.465339
64.064645 -17.161897
80.597542 48.634864
44.55042 19.34352
44.52771 -5.377026
57.328967 33.663498
79.742952 48.75636
57.697848 -22.265761
37.717434 37.003702
50.117166 31.969028
2.01841 5.529659
82.955787 40.424357
80.692688 -14.29672
23.292834 14.075422
80.340573 25.862432
81.543756 -30.477366
82.677411 41.303528
83.885917 30.923522
33.31055 -24.867491
