//Synthetic=Synthetic_02094_J30

J=30
MT=20
Vd=2
Vv=1

p: position coordinates = 
0 0
45.138659 24.282689
28.412049 14.433835
33.035319 9.037727
57.76364 43.097732
-3.304025 51.272994
35.827088 39.996835
35.617228 51.625264
40.155699 17.86731
15.361893 39.717921
58.837361 43.30682
46.164842 59.885243
37.556276 15.318247
24.057584 -23.956312
15.072251 78.320587
24.758227 40.714004
51.163739 9.105648
-16.574416 39.77431
25.61736 62.274934
19.063367 -40.524113
-34.241098 -7.1614
17.168572 -27.389479
44.158919 -24.476448
37.858291 36.052136
-1.075638 -27.580394
36.725729 16.951987
21.805261 40.79708
-12.734565 10.676669
43.542333 31.254956
52.968257 -24.388883
55.366656 53.080289
