//Synthetic=Synthetic_00315_J60

J=60
MT=20
Vd=2
Vv=1

p: position coordinates = 
0 0
37.325781 22.686957
44.634877 35.401893
35.857855 -65.086085
47.559116 -38.513191
60.221746 9.151505
-6.321207 -72.299124
38.188393 -16.83486
3.734911 -46.102357
-35.769595 -1.172645
30.456004 -61.412701
50.299809 -39.477041
53.793332 12.533802
-20.635372 -30.061933
4.017874 16.782401
-24.219435 -29.475102
43.748626 -45.522807
57.145613 39.107697
38.816166 -16.554385
77.259989 -39.323779
-3.832371 -69.194754
22.321967 -19.324418
16.773317 7.989853
-24.153307 -3.488516
16.049826 -73.288322
35.831362 17.42579
1.332259 11.007608
52.206228 -6.963271
30.402839 -71.875854
21.650468 -76.623268
28.867274 -73.477252
44.15984 18.59379
63.754648 -23.69684
56.564396 6.795946
49.384323 27.548627
64.597494 -25.367544
6.151912 -50.166082
54.035004 38.298552
24.912444 -16.626214
74.535821 -41.988775
53.047133 -13.979531
-16.821193 -30.011972
20.488709 -18.063372
37.776167 -34.658679
34.708982 -32.080943
41.934517 -39.966195
-26.03969 -31.154016
39.553638 -32.894055
49.369263 41.948052
57.37225 -44.10101
80.729586 -38.684381
57.83582 -2.209966
13.331055 13.399517
25.040573 -64.151039
54.979417 41.413241
-5.863369 21.937176
62.884698 -8.182021
36.075735 -66.851093
38.38435 -5.31188
-22.581645 7.687461
-7.97975 -64.899898
