//Synthetic=Synthetic_01033_J40

J=40
MT=1
Vd=5
Vv=1

p: position coordinates = 
0 0
5.127663 -54.139437
-56.173737 10.539285
40.552605 -42.048925
45.435032 -43.606451
-24.012456 -24.956854
-48.849468 10.288081
-4.006198 -50.927177
18.00663 -20.285077
-24.884456 -40.424798
40.90094 32.832105
-43.166641 16.056413
24.504358 -56.22392
20.558951 -13.050907
-7.579296 32.478003
-37.199184 31.705387
-9.375274 61.704443
-26.5082 54.150063
-18.594242 -42.993711
-18.909999 -28.771522
-22.064495 24.563982
5.473063 44.786525
-46.632308 -42.370109
18.999994 31.485378
41.634811 20.922611
33.373784 -16.604803
-27.577424 1.975988
17.569905 53.625691
36.602432 29.287445
-41.459847 -7.277993
39.910869 48.540321
43.602529 19.828345
11.725997 -27.307755
15.482791 27.799964
-57.197987 -10.831537
-18.07607 23.485145
-38.061221 -13.873728
14.809395 17.118997
46.382082 -20.345402
-37.516909 -42.804683
9.187247 -52.498973
