//Synthetic=Synthetic_01114_J40

J=40
MT=1
Vd=5
Vv=1

p: position coordinates = 
0 0
27.912912 57.915624
-20.843353 -10.232715
22.700209 17.16824
27.981432 38.719789
11.862624 0.705717
-28.310368 -55.355029
20.993565 -2.513108
46.852527 -28.638818
-10.11548 -4.36376
-11.435425 -43.133157
36.609312 45.334196
-46.13785 22.515689
16.260065 14.140654
0.511425 -28.24158
-22.721377 28.359648
-48.993143 -0.334902
13.353466 -40.518008
40.54272 -39.109129
-16.989716 -51.470021
-35.343218 -18.174939
16.066015 12.895285
-12.538184 -13.561523
-45.868845 -6.199328
8.668632 25.704275
-13.240274 -43.111138
23.4338 43.417711
22.583404 -32.814616
22.958073 -31.233678
0.708472 35.346968
-38.674549 -31.987039
22.460898 -34.260954
43.056463 -25.382292
12.995364 37.488587
-34.219488 31.858544
7.532523 25.854326
10.46981 -1.421777
3.97258 -10.323313
-37.346371 -14.695528
-20.901506 12.751111
-12.146004 9.783664
