//Synthetic=Synthetic_01481_J30

J=30
MT=20
Vd=2
Vv=1

p: position coordinates = 
0 0
-21.927194 15.388386
-59.774245 8.07169
-44.280706 39.451995
-34.241889 -24.467746
-75.665804 -19.528614
-45.352223 -30.893199
-61.910281 -11.911165
-82.298654 -39.405961
-58.941856 10.433501
-10.500852 19.580146
-102.014502 18.377368
-30.555137 -50.190686
-34.783589 -49.905146
-83.723666 8.349517
-124.097957 -12.868501
-39.908189 -52.853173
-38.785554 15.357663
-90.464929 -29.589799
-87.356017 -6.531995
-89.126196 26.481095
-63.978539 38.372928
-66.204514 -38.393779
-44.643749 34.296517
-62.600739 0.826489
-103.541841 -44.634658
-38.95957 29.412272
-30.252036 -22.786031
-7.027198 1.190183
-11.652115 -23.978169
-56.965244 4.946654
