//Synthetic=Synthetic_00506_J50

J=50
MT=20
Vd=2
Vv=1

p: position coordinates = 
0 0
-33.989843 -2.555346
-5.711886 -7.515815
8.635785 39.779038
24.143969 -11.968229
-29.079856 -5.038255
12.189776 32.478844
-61.274181 51.349782
-8.60009 -10.049124
-18.976942 13.975074
-18.756552 16.119674
22.346547 3.952003
-20.148439 -6.52531
-33.077923 20.00508
-54.040957 17.690766
-57.468387 13.366589
-47.847017 23.802451
-45.8045 54.668957
15.965046 6.933699
-15.247201 57.473758
-52.426702 12.766973
3.976833 46.814315
-25.261757 42.694374
29.484813 -11.552146
-60.839384 8.922186
-21.998339 -20.274476
-54.644648 38.976418
10.212134 40.30783
-60.068387 -1.663104
-46.770444 13.812137
-10.976748 32.231736
-8.042741 10.796939
-29.634548 48.88049
13.772521 30.734082
-47.036726 0.565466
2.201623 16.752928
-40.763617 56.675211
-0.455249 0.421532
-48.040039 0.136415
-27.228852 0.14132
-36.357083 49.684919
-8.751836 32.155598
-43.747294 33.108507
-38.573774 47.596277
2.558206 -14.999192
0.892842 -14.100156
11.393246 60.204645
-52.58228 42.246069
-49.92303 42.932128
-22.461309 -21.993675
3.594801 41.813071
