//Synthetic=Synthetic_00020_J40

J=40
MT=1
Vd=5
Vv=1

p: position coordinates = 
0 0
-8.013717 43.677015
-8.168612 42.730207
7.067121 44.22189
9.393809 44.143385
-9.189388 40.222278
7.969547 49.09377
13.136437 40.779497
-9.024541 49.791008
7.642436 41.068107
-9.857072 46.312343
2.091583 35.286168
6.739589 51.19203
7.697813 43.309681
-10.254534 47.624454
8.850486 41.631578
6.180586 46.553858
-13.585595 44.687393
10.708671 45.741987
-7.605485 45.361732
3.470338 43.090042
-8.572782 40.857605
-9.064478 35.897287
8.754127 43.64442
8.049816 45.193541
-3.912019 43.431962
-5.613441 38.505614
4.923663 44.131813
-10.199104 54.621884
-11.939136 46.55479
2.847452 37.86527
-9.642133 39.312488
11.628382 46.166844
-12.702577 41.235105
1.439663 47.852517
-6.786764 43.320376
2.256325 44.33351
10.884061 45.04346
9.58671 47.239336
-9.161831 40.846166
3.112477 48.157659
