//Synthetic=Synthetic_02057_J40

J=40
MT=1
Vd=5
Vv=1

p: position coordinates = 
0 0
4.158325 45.18977
-8.726042 -33.171146
34.436586 46.649692
-9.753619 -42.188903
-43.48114 19.812139
-6.636904 -31.659579
-37.878455 18.928601
-5.608498 -47.031598
-32.558506 24.494591
-13.785159 -6.32004
28.711309 49.605669
-17.731729 -46.215043
-23.975452 -9.23696
-25.694193 10.182279
-32.767112 5.906498
43.946365 -12.684054
8.095377 40.347666
-34.139574 -8.846872
-32.170521 32.737505
-42.700269 9.043487
-4.825728 44.693739
-28.043957 -8.15064
-16.758798 -30.922079
8.567302 -13.355685
21.700042 -16.150976
-25.447101 -13.592328
10.934546 -28.807795
29.94514 26.746578
-15.057967 -37.916454
-39.868185 -4.79805
-6.397853 -45.700675
-42.096103 34.248218
-42.253337 38.461498
-17.869139 14.76497
17.217155 42.927261
22.423012 -12.020151
10.861303 -30.210319
13.330221 51.074998
31.246499 -6.325504
9.829131 40.440184
