//Synthetic=Synthetic_00180_J100

J=100
MT=20
Vd=2
Vv=1

p: position coordinates = 
0 0
-8.583867 81.272989
-9.306195 80.833913
-54.53845 42.280399
-2.51224 74.659414
2.566713 60.032365
-50.872303 32.861608
-60.86105 44.209345
-47.807512 46.560201
-5.413537 69.930199
-47.637077 29.164667
-4.772719 74.926916
-50.849083 46.189371
-10.26572 81.503536
-44.692991 40.200027
-48.692998 48.884689
-2.918421 72.541218
-9.530158 76.21378
3.825212 72.095227
-6.01133 88.508231
-56.607073 46.70886
-4.115807 82.30535
-56.047006 46.444603
-52.124477 41.310425
-49.800964 59.725896
-9.371575 60.703601
-41.813761 44.791406
-7.00222 80.51093
-3.251652 70.551188
-17.889836 79.497254
-11.650686 63.19596
-52.953869 55.061155
-53.094892 46.958102
-53.75865 37.789639
-51.662035 42.459174
-48.196769 36.366848
-3.331144 66.302925
-44.755523 33.919014
-8.485879 83.23823
-6.256754 73.072536
-10.370327 72.759659
-1.424534 77.052812
-12.110922 81.010405
-61.987504 44.527625
1.373444 69.780215
-4.865475 61.062779
-2.964078 78.10004
-43.880568 39.27606
-44.305763 37.956754
-7.146084 74.187485
-2.298716 81.102962
-55.230495 37.271468
-5.65923 80.841612
-3.788992 65.156625
-8.168257 78.039494
-45.569332 42.80665
-7.023662 81.754835
-8.549379 75.339678
-51.680728 39.670485
-50.598088 38.965827
-2.59478 74.009449
-7.696687 76.706877
-43.420036 48.106024
-8.791033 78.427998
-44.568477 45.003815
-3.948864 87.619593
0.603507 69.684856
-6.13887 72.271334
-54.018342 47.026994
-50.37966 52.054202
-51.364548 45.802359
-53.355181 51.313257
-53.112763 44.5843
-47.44413 44.456393
4.011745 69.368211
1.442722 67.45821
-1.082506 69.906142
-10.644116 71.539863
-53.894123 44.137065
-2.298482 74.068604
-48.57577 43.85715
-8.399807 80.628676
-50.818655 51.411237
6.402666 73.37582
-56.470111 45.89836
-3.23761 72.335182
-55.814607 44.03707
-3.605255 77.842254
-6.378935 81.452287
-6.504266 71.20759
-1.943262 75.929117
-7.5515 74.890031
-47.329921 46.845279
-50.872457 45.8335
0.728796 74.862802
-48.927424 47.62357
1.494182 83.484393
-46.702331 37.811468
-58.515981 50.660952
-47.500591 51.075487
-2.789183 76.398314
