//Synthetic=Synthetic_01605_J50

J=50
MT=20
Vd=2
Vv=1

p: position coordinates = 
0 0
83.308895 8.496705
59.483754 -53.833694
72.790723 -64.816778
72.34104 -52.09746
84.430539 11.391994
63.55464 -65.32417
92.892619 2.453394
66.664405 -74.603396
75.694963 -47.713404
87.728778 3.625988
47.402291 -53.721604
91.316484 4.586423
92.648069 9.65978
78.519771 -58.406188
81.981827 5.139407
49.612538 -62.502978
58.226402 -55.078444
79.400632 7.486543
84.182124 6.026825
70.271017 -52.498022
74.317901 -50.083189
67.518797 -59.023977
65.891175 -68.232483
84.243097 -0.26424
87.928157 8.844951
88.195119 7.416619
92.906454 9.186594
69.562682 13.088009
61.080833 -53.858601
58.537798 -55.231754
53.665681 -57.023334
92.262268 6.402655
77.954469 13.341144
86.020807 1.177658
69.480887 -62.376562
60.857325 -61.815737
67.160588 -63.638115
88.386771 14.417686
91.931742 11.347555
83.891608 -0.605699
61.745182 -53.313621
60.969561 -58.600776
67.935831 -63.819666
88.732635 13.280738
61.621434 -67.70563
67.073477 -50.452478
57.915379 -65.64211
72.861503 -60.105759
65.15116 -73.591727
72.102577 -53.886358
