//Synthetic=Synthetic_01380_J100

J=100
MT=20
Vd=2
Vv=1

p: position coordinates = 
0 0
75.705858 -49.660734
10.617103 -104.437587
-16.420364 -82.058319
65.640244 -64.482054
-11.012303 -108.334439
-10.507391 -99.789438
65.201699 -58.566213
-5.805565 -92.778976
4.410209 -98.036434
2.707652 -92.584005
70.601621 -68.386301
0.451017 -94.632746
-0.040098 -91.180113
76.386488 -56.15692
-6.654057 -87.397312
59.924923 -58.635906
-3.863787 -109.164666
-9.941964 -84.597303
-6.643442 -92.428126
-0.811409 -109.509215
53.932444 -44.871327
10.123848 -99.471454
16.092616 -91.438289
71.442661 -62.498195
66.439834 -81.690937
11.28333 -93.900436
58.561162 -61.247796
-1.622202 -84.878993
9.608854 -86.580597
-2.41021 -87.4095
69.864547 -71.789893
14.700204 -97.987199
-12.817721 -107.109097
73.431386 -57.336995
2.07192 -91.675533
-7.688392 -93.129158
75.184265 -61.800295
0.209791 -88.954514
67.305295 -73.324762
77.481371 -66.432795
75.66538 -60.257173
66.715333 -59.615688
58.222916 -50.678817
-1.02277 -79.12761
-2.422411 -88.014085
64.912263 -63.106294
61.996278 -69.342756
64.728715 -64.919975
-5.719663 -101.371831
82.057037 -76.076332
3.618805 -78.496875
64.593265 -71.194594
-7.736144 -90.933378
-10.328431 -75.900381
57.441808 -65.011116
-2.901105 -91.739542
73.804579 -59.70278
61.647245 -82.057724
-1.392111 -95.68571
54.825833 -69.064318
-6.066391 -93.492556
81.961064 -71.75891
4.374965 -88.368917
-4.470369 -98.059532
0.155758 -94.878843
61.674936 -71.198212
-0.610131 -104.09322
72.610663 -78.116851
-14.116384 -105.647653
-0.425812 -101.615801
77.501968 -71.769525
66.587006 -63.730087
4.564635 -105.111302
9.806202 -96.532263
63.077883 -64.519149
64.994682 -70.030481
6.778553 -102.379426
-5.671598 -112.756106
70.40174 -76.17382
70.947291 -68.040807
67.85707 -66.259126
9.810567 -97.328384
7.77636 -100.753046
69.71224 -50.997607
-2.999533 -94.380811
-10.321092 -91.53289
81.293648 -71.710907
62.150932 -72.529291
-10.547756 -100.340889
-2.218623 -86.533292
64.697265 -63.182964
80.181748 -60.888552
65.903807 -71.884895
4.651923 -94.873464
-1.382138 -87.610678
84.506524 -70.977011
60.2392 -64.087612
73.579814 -72.342908
-8.920863 -94.032466
68.216533 -59.174155
