//Synthetic=Synthetic_00404_J40

J=40
MT=1
Vd=5
Vv=1

p: position coordinates = 
0 0
2.783749 1.053789
17.44996 -31.780848
-28.126618 -3.74423
1.609687 29.077614
-39.302079 -11.71506
0.576481 -38.481419
7.135149 41.710342
26.36212 -22.426086
-18.53997 -27.315414
-6.008551 37.557948
1.894708 -4.632679
12.253872 -47.617026
-1.59365 -38.173638
0.903469 2.326217
6.408282 -50.589388
-10.64438 56.079259
29.781099 18.374672
-7.725836 26.464397
-4.313684 20.051605
50.078813 5.340929
-23.11783 33.477759
53.512575 -4.247714
-20.413879 0.909306
-28.891513 22.054689
13.022889 35.657016
-33.867567 -20.416954
-15.044333 -35.926125
21.451506 -18.181341
-15.137138 44.652279
27.022161 25.357785
18.102945 -27.191639
-10.471525 -28.246945
30.975576 -30.56924
6.770375 21.513204
-8.829717 -12.720182
10.228914 -4.640907
-41.427356 4.597501
-9.663073 -14.219929
-33.902362 -0.607962
50.607058 15.534804
