//Synthetic=Synthetic_00801_J80

J=80
MT=20
Vd=2
Vv=1

p: position coordinates = 
0 0
-73.553926 -37.364819
-56.144332 17.592931
-68.61051 -42.400418
-73.458447 -29.200999
-58.451897 -24.116561
-60.45439 29.938102
-70.831327 -30.33007
-72.87029 -33.300747
-62.786179 35.796836
-72.080286 -44.038298
-74.553888 -48.061975
-72.757247 -30.45939
-86.66704 25.986938
-72.645182 19.309166
-65.533103 -39.739541
-70.091422 25.901694
-70.38573 32.112384
-68.951522 22.920053
-74.712757 21.064359
-65.985288 -32.678434
-64.612374 -31.298559
-71.057468 -35.541094
-80.763725 -37.887863
-76.176439 33.826885
-79.932299 27.698373
-73.859955 -39.664831
-74.347497 -36.527621
-65.905952 -44.466967
-72.621136 21.707078
-64.859537 -37.525722
-80.717442 25.26145
-70.644354 21.982004
-70.290216 -39.006048
-75.175686 25.071419
-68.552866 -29.103352
-83.497281 28.225606
-69.345554 22.319306
-68.226532 17.82753
-72.363639 -31.104538
-75.820352 -29.08506
-82.050259 30.095577
-73.60588 15.592607
-83.835412 22.386821
-70.629313 -38.551378
-64.132051 -38.625305
-80.420643 18.51475
-76.128142 -34.037816
-66.613133 20.321768
-66.460326 -37.107332
-81.362049 -27.59019
-79.273666 24.047649
-75.233259 -34.38555
-83.871454 29.591399
-70.040819 -38.631043
-67.103715 -30.428399
-78.843479 31.525697
-75.622875 -28.029956
-75.22219 -33.238318
-78.860769 24.484823
-69.741698 -35.811605
-61.79362 17.18351
-82.513868 31.025398
-75.896355 -39.165036
-63.76768 -39.460366
-78.744942 22.544746
-77.927013 25.05156
-68.688691 20.638448
-69.189515 -46.143386
-60.774593 31.079961
-64.639677 -33.249723
-74.033417 -42.569344
-67.190245 -34.350883
-75.186704 16.29901
-66.399614 -33.944971
-78.767484 -34.000445
-72.916464 -33.579624
-64.507923 23.834002
-78.837278 24.696996
-87.984802 26.203983
-76.055101 25.645998
