//Synthetic=Synthetic_01961_J30

J=30
MT=20
Vd=2
Vv=1

p: position coordinates = 
0 0
53.507524 -50.697306
-19.409843 21.171366
61.001531 56.261442
89.222473 9.017592
13.717311 67.511482
-95.941675 29.754304
13.429417 90.124109
-52.951212 72.230693
45.809483 17.3821
31.670698 -71.203147
73.577207 59.937506
72.877855 -64.382633
44.700873 63.040849
1.789914 -42.865674
-27.949846 84.983527
13.383159 -80.46899
-67.734169 30.224771
74.683872 47.155196
-65.703139 -12.533987
80.773919 17.266581
38.162229 -42.289183
-19.902521 48.303237
-97.634871 -12.560894
-7.273714 35.619566
-30.613326 23.276918
4.189681 43.49432
-60.316075 -32.223933
92.455612 29.36699
78.189931 6.466987
30.98669 -32.348072
