//Synthetic=Synthetic_01228_J30

J=30
MT=1
Vd=5
Vv=1

p: position coordinates = 
0 0
32.773009 -1.978758
-5.962682 57.281703
-29.540919 -35.937087
-31.683038 -15.702254
-25.391629 10.092346
-45.871627 36.793169
53.130241 -7.580433
-17.736957 23.52133
49.962488 20.176444
-31.246156 25.602266
22.71424 -38.539379
-63.528293 8.601182
7.492816 61.112097
51.890906 26.521847
26.503957 42.974961
14.250294 -41.245819
12.642642 -61.069256
47.711924 14.316134
-38.204245 11.992461
-30.401593 -44.205511
-42.351767 -21.096484
0.071414 -58.022408
-50.566981 -32.929557
0.799417 24.698843
-49.116956 -26.750113
-58.123984 -23.607881
-23.195107 15.535093
-18.283925 -54.693745
41.19678 19.246874
48.38336 -15.353376
