//Synthetic=Synthetic_01435_J50

J=50
MT=20
Vd=2
Vv=1

p: position coordinates = 
0 0
83.112801 49.648859
83.719147 36.137606
24.627188 98.91589
82.298502 53.837935
91.846555 43.221674
73.018146 56.100605
23.37529 103.7597
78.124283 28.455871
100.559793 40.155072
23.680883 90.156684
96.509241 35.877622
81.850777 50.075916
32.301685 93.579614
35.252847 92.955983
87.433845 38.700672
90.196896 38.115777
41.49031 81.288973
75.001039 42.813904
79.037801 48.23151
89.807128 44.08204
28.3149 89.181619
13.43855 102.783365
87.720111 32.897653
86.97415 52.761111
97.477302 43.047457
34.739713 86.938798
34.94607 85.266795
13.365422 84.560371
21.674853 87.632028
30.726222 84.791358
71.788234 52.127047
20.650133 91.290061
28.19527 83.891306
75.618008 46.122322
78.544416 45.073563
78.839551 27.976246
84.28094 45.497659
30.855456 90.197673
1.694896 84.304094
32.218573 91.512542
29.781793 85.87056
81.823609 52.656417
74.114501 40.002306
9.816285 76.722932
93.69618 42.927198
18.663555 74.317687
20.889363 90.054257
18.523091 90.398762
69.483351 45.928041
71.616963 27.239424
