//Synthetic=Synthetic_01566_J60

J=60
MT=20
Vd=2
Vv=1

p: position coordinates = 
0 0
32.676747 79.31696
39.172892 94.162416
36.976304 84.410124
96.168591 29.424127
85.050548 24.422174
46.324242 95.23377
39.916023 77.707497
83.906193 20.543051
39.931525 95.365764
93.456127 32.069523
92.314236 26.788595
86.942977 23.894381
86.712505 32.3873
93.199092 31.265424
30.615332 60.770482
84.036683 32.188767
48.555724 75.456991
32.934435 76.896155
46.437194 77.305294
42.034746 89.968718
81.264905 20.866088
45.683816 82.967805
87.925469 36.865623
94.957551 29.904548
82.120223 23.16004
78.166004 28.310365
92.483878 27.462213
85.939071 28.05685
34.655353 85.2338
45.577548 70.082034
90.658246 23.027282
89.906684 33.928171
27.989887 77.993844
38.05754 76.893387
97.620501 24.767137
87.793933 21.149913
35.532106 80.335091
35.560223 71.645403
27.822452 84.956425
80.834264 30.028578
96.787991 17.748616
76.840236 34.309053
45.538423 85.178015
33.241627 80.071676
84.692744 35.069646
44.364485 81.39995
47.607433 80.62618
75.860665 27.113239
78.75891 22.424101
36.810802 88.776445
79.44955 24.593284
42.374328 84.089167
81.954162 34.54188
100.181156 22.878476
37.432268 87.135145
35.315294 88.493494
86.433113 30.055034
97.0225 30.263053
31.413621 68.303536
85.510964 23.473588
