//Synthetic=Synthetic_00620_J40

J=40
MT=1
Vd=5
Vv=1

p: position coordinates = 
0 0
28.191354 -17.000208
38.478999 -32.779202
-6.535772 -14.484159
21.334825 -15.195622
0.385389 -11.76828
33.419216 -40.693407
20.688364 -28.460838
34.318002 -36.541125
16.254945 -27.596993
-8.771029 -26.837766
37.056287 -28.605713
20.082835 -14.592644
-1.05897 -21.463691
26.451692 -40.390402
5.21415 -30.787982
-10.463991 -12.266171
29.766998 -32.054382
39.369178 -30.410614
23.362048 -37.968122
-4.945761 -18.593352
13.626236 -25.074961
18.446535 -33.254348
34.94098 -30.671982
32.983675 -39.229381
26.69853 -29.546433
22.962133 -24.964143
8.317539 -16.075556
20.820444 -41.004476
-15.726643 -28.0307
5.359875 -14.504185
30.306364 -37.403968
37.064678 -38.491535
24.873932 -32.562166
7.346741 -14.931627
8.022088 -22.446502
13.352032 -40.180162
23.654527 -40.777844
13.775366 -22.14157
27.607321 -39.57309
-5.699469 -14.5772
