//Synthetic=Synthetic_00156_J60

J=60
MT=20
Vd=2
Vv=1

p: position coordinates = 
0 0
-51.229127 -2.866473
-35.341081 29.176861
-10.060572 -12.352531
-55.544877 -41.64581
-27.778928 25.797156
-34.035993 -81.267777
-7.104653 -7.002794
-4.990348 -6.602666
-32.212958 -8.215822
-68.178234 -4.752256
24.882394 -30.919907
-57.376734 -5.930471
-45.578222 -63.232122
-29.993345 -17.954223
-32.655671 -82.836364
-21.853349 -63.998531
18.233975 -44.23297
-1.938834 25.423791
28.725574 -11.993563
-54.313053 -7.974462
-27.64948 -42.283666
-18.859252 -47.161452
-8.909207 -5.517126
-0.828514 -29.50874
-24.725085 -76.854692
-33.557224 -74.799638
-31.379051 -76.484282
-29.443001 -38.315209
2.601396 -19.009601
-7.23596 -15.370057
24.911262 -28.983067
32.514183 -5.233395
-36.474376 -49.165733
15.629512 -28.252678
-12.100453 6.020097
-0.353154 -15.17041
-29.265352 -78.554372
-23.276078 -67.193773
22.898401 -25.737547
-50.200361 -9.392811
-8.307611 -2.193988
-27.576691 31.143726
-30.737283 23.513727
-29.797449 26.638789
-36.86029 17.654555
-25.480052 -43.81014
-35.874175 30.497901
-0.996167 -17.16387
-3.826034 -16.629877
7.815825 -41.270074
-3.025356 28.076634
-72.889055 -19.008634
27.72918 -22.300334
-5.98953 -14.849856
-6.745155 -19.031641
-23.036401 27.334853
-67.575695 -4.668378
29.991569 -9.838296
-15.303007 -49.902336
-43.494661 -63.208036
