//Synthetic=Synthetic_00965_J80

J=80
MT=20
Vd=2
Vv=1

p: position coordinates = 
0 0
-63.512651 -56.21311
1.214912 -84.211242
4.063252 -80.147201
-54.109395 -46.139922
-65.575779 -55.254919
-49.908737 -49.606679
-0.195737 -83.013722
-61.889764 -57.836561
-45.638962 -47.744851
-17.273806 -82.19522
-51.95359 -69.219164
-51.371678 -46.594584
0.390599 -88.133969
-51.069464 -59.270985
-53.691167 -49.434818
-2.412164 -80.316721
-3.867038 -81.056241
-53.458156 -52.058921
11.575961 -73.643755
6.943698 -67.351527
-56.52489 -40.055455
-54.809134 -50.420265
-48.826999 -42.13218
2.723174 -77.954204
-12.421131 -76.06395
-59.478198 -51.696285
-4.082598 -84.239146
3.817024 -75.447964
-56.920592 -53.963434
-47.051239 -49.061023
2.244482 -63.044284
-56.168645 -47.515214
-9.574512 -80.606255
-56.015828 -52.042276
-56.338603 -50.12942
-52.141998 -49.5895
-11.193408 -77.035815
-49.935456 -43.068042
-45.361663 -54.966358
-46.847095 -45.115078
-44.506616 -28.049843
-0.637818 -75.714176
-61.728331 -54.836924
2.733603 -61.988579
1.651198 -79.829687
7.672282 -67.163947
-62.48781 -54.41512
-6.732566 -74.52809
3.950553 -85.850786
-62.636323 -52.613206
-3.716802 -79.478582
-0.580349 -76.01018
-0.6693 -73.010688
6.241895 -80.232452
-9.660142 -85.031382
1.652828 -81.111332
-0.545974 -73.516334
-45.808907 -59.074355
-46.40837 -55.697139
-3.416563 -87.372697
-49.299198 -61.566337
0.167413 -68.450471
7.557642 -78.970525
-56.615408 -48.439652
4.944026 -74.724228
-50.246156 -59.597017
-53.632132 -49.56485
-0.007907 -71.605785
-55.79063 -61.674222
2.063786 -87.324261
-4.880987 -84.968758
-64.568087 -53.108005
-3.115742 -80.83569
-5.289741 -88.764759
-47.680657 -58.438129
-51.021991 -63.137589
-57.218838 -58.769634
-66.695282 -49.258429
0.331175 -70.596175
-4.231632 -84.842581
