//Synthetic=Synthetic_01053_J50

J=50
MT=1
Vd=5
Vv=1

p: position coordinates = 
0 0
27.067348 -22.391516
9.017414 -19.846488
36.438408 0.207842
12.791257 -41.503348
-29.244929 12.35761
-18.995656 -15.147668
-6.148824 -8.572356
-9.279733 -32.165182
1.7449 -21.084297
-36.117308 -12.15096
-2.525543 41.786439
-16.275324 -26.150304
-7.356475 -23.668739
-6.226196 39.296334
0.776261 -6.799382
34.533894 -11.138407
-28.716514 20.080827
29.798987 -17.95845
3.576179 -13.502679
1.825503 28.296414
18.378098 14.983982
25.463342 -37.732687
6.955738 -35.274798
18.311387 -20.678428
-19.445538 30.921283
19.765654 25.117208
41.182884 8.53924
25.326631 -33.351492
31.823776 22.768057
-19.050373 17.205298
-18.890389 15.299152
-23.60808 -11.903414
-14.322732 40.049285
20.347542 8.827129
-40.25149 -29.315991
-27.820187 11.606816
27.281725 -13.123264
30.566615 12.966826
34.527869 18.700051
22.383785 -18.052562
-33.68792 16.281095
-35.268065 -16.800245
-22.502102 22.371738
1.504362 -1.048115
13.21586 26.005587
-10.641319 40.056808
4.479206 7.798668
18.978957 1.46347
39.531725 11.460656
-34.205507 2.832838
