//Synthetic=Synthetic_00326_J60

J=60
MT=1
Vd=5
Vv=1

p: position coordinates = 
0 0
-28.066165 -37.822821
-31.949705 -46.411215
-22.7042 -37.966267
-13.121674 -14.842104
-15.110386 -18.183789
-22.566391 -39.30225
-15.107744 -11.32745
-40.715683 34.861466
-50.437132 34.992334
-28.065224 -43.422317
-42.443086 30.522383
-17.597422 -35.512878
-42.272898 31.325302
-39.942621 43.741106
-22.271253 -42.587313
-14.905627 -48.298442
-17.28214 -36.929076
-47.064199 31.322777
-40.160917 28.896632
-44.349777 33.662731
-14.626137 -39.503184
-28.474725 -40.217128
-22.786301 -41.843086
-1.706869 -13.993179
-23.753866 -41.940252
-15.067545 -11.491156
-13.424644 -43.004792
-23.0827 -39.400323
-46.583295 38.150965
-10.514659 -23.383121
-20.879131 -47.495796
-17.955937 -21.010829
-26.61004 -39.246988
-18.848492 -14.81288
-39.659199 28.537475
-30.827099 39.375011
-21.817256 -37.8172
-19.168824 -49.744737
-45.519414 27.839297
-46.133282 36.097919
-24.755377 -41.41342
-40.497155 28.367026
-22.496265 -51.24891
-11.498995 -19.74227
-19.194244 -40.984945
-18.349125 -18.702528
-43.347227 35.361315
-19.045428 -42.530052
-38.305835 31.987432
-21.401706 -41.217226
-18.198641 -43.461861
-39.438512 29.269892
-17.210977 -5.740815
-17.115662 -51.858341
-23.185026 -39.624812
-45.928883 31.798717
-26.889901 -40.081071
-37.660373 27.783511
-27.124326 -42.119829
-15.643732 -10.551549
