//Synthetic=Synthetic_00106_J50

J=50
MT=20
Vd=2
Vv=1

p: position coordinates = 
0 0
21.006774 43.942585
11.882465 19.158932
-16.52031 21.753292
21.143761 -7.593329
13.568386 12.891146
-6.906933 68.321548
-35.104015 -8.80394
-32.056674 -21.049213
46.680525 22.346901
-17.227228 59.607965
-35.641602 69.095177
46.522381 24.55942
54.703127 55.060189
-1.300044 30.21896
-58.384088 -12.661465
28.345253 4.047737
22.593354 -12.909234
-51.047574 -22.245735
-43.548131 45.694967
-0.585538 11.032459
29.135417 41.352082
25.123503 34.735417
-40.779472 16.662519
7.882943 68.594801
-30.892926 -16.704705
50.71995 37.172928
19.227079 -20.524711
-55.827638 51.164927
-24.825684 -24.867619
-30.295124 41.508473
-31.897629 44.041241
36.380576 16.605951
42.52942 -11.974563
-60.502266 -0.834781
-35.444564 52.518153
-38.013275 40.450179
-51.115143 37.201307
-40.120924 3.075877
19.077505 10.180293
45.056534 7.041671
-46.737474 3.186292
6.609532 16.659234
-2.680563 -6.823156
40.252403 -16.572834
11.167803 8.568875
-35.614993 56.010264
31.167979 -17.286748
-24.057219 -27.182102
-20.741976 -5.717204
-14.37935 -1.533373
