//Synthetic=Synthetic_00850_J20

J=20
MT=20
Vd=2
Vv=1

p: position coordinates = 
0 0
-32.608882 6.854119
1.784502 -6.058281
-58.715891 9.497293
-39.871298 20.889346
-36.511983 45.80463
-66.107303 -45.130343
-71.959498 18.911084
-26.025119 7.149675
-60.100656 14.680663
-27.125986 20.524338
-43.357176 -51.223125
-31.831692 -38.388897
-41.585414 68.653175
-70.341593 -36.365933
-55.141185 -11.380637
-45.23541 35.420844
-32.557365 55.403549
-48.167282 -24.374559
-62.797544 6.107688
-18.69793 -0.771434
