//Synthetic=Synthetic_01979_J80

J=80
MT=20
Vd=2
Vv=1

p: position coordinates = 
0 0
20.844802 52.95753
-22.638694 55.605948
30.222182 55.157761
53.383873 10.09088
31.136365 31.179864
70.737944 11.560003
-26.502121 78.734967
22.038094 79.39538
2.738936 79.900389
15.419949 68.311172
15.01834 52.851639
-30.336212 36.117252
9.83631 26.310727
45.940798 53.363291
5.526001 -8.398399
-1.59763 76.569929
32.835711 22.241112
9.880937 -2.108051
-21.08601 9.297627
54.023409 26.103063
42.986313 55.599461
-27.772153 83.877282
-6.419573 34.10585
23.680896 46.638857
-35.945826 71.347385
37.096737 41.841562
27.770117 45.734027
27.545447 94.015664
33.920613 3.999413
10.013709 25.139911
13.12317 17.134202
33.46906 76.918178
8.261883 21.434411
44.07939 33.456407
27.786797 18.638276
-5.968064 -3.721095
44.586149 3.307174
-1.764668 56.64369
47.106747 5.564949
-32.233036 34.598212
44.252216 22.716886
30.007307 80.453265
14.119904 46.853554
62.686263 17.78608
31.868842 57.782167
-5.487459 33.13738
-7.135744 6.257431
17.159076 46.169738
60.544883 58.237571
54.144053 43.923148
18.786514 2.214369
73.953884 26.357394
9.572476 13.335035
3.771274 24.123938
-31.414322 57.991787
-6.131098 85.072256
-2.902048 69.054027
30.654464 66.45703
19.556475 43.505521
-36.350487 77.097143
49.316948 48.777476
-31.44881 59.147878
12.445921 13.67423
-21.081099 32.123961
23.962323 101.238593
65.892143 16.985039
51.232678 10.079167
0.12588 95.0865
9.675375 54.805733
56.780091 36.707974
55.049723 5.734782
-37.995297 65.861266
-2.184274 24.586778
22.946252 19.644883
58.182493 36.966812
9.01854 82.557929
-16.540646 61.750547
38.915345 100.871714
-29.813748 49.4346
26.33799 88.22593
