//Synthetic=Synthetic_00487_J100

J=100
MT=20
Vd=2
Vv=1

p: position coordinates = 
0 0
10.712092 0.517576
-12.33679 -36.969409
37.0006 20.434479
2.373595 -49.022435
-3.697385 -12.10373
34.649495 15.991219
32.499174 23.874036
25.047598 2.444373
-15.676399 -13.884672
57.840089 5.252322
-37.335379 11.602068
4.813495 -4.124729
-29.016524 -16.983759
-36.842263 -8.777055
27.927984 -11.043328
-13.339209 -1.736969
39.23056 7.525122
32.180549 0.11391
-14.2305 41.878116
39.559059 5.759214
24.47188 8.895368
-14.288516 -14.399608
-14.571613 -7.301051
43.369614 -18.382194
2.49251 -42.530023
8.281005 12.468909
21.723593 -13.497471
35.463896 4.714861
21.211677 0.892477
-15.292305 51.409002
-18.2246 -28.472928
-10.074316 -17.009344
-15.500446 -4.028111
-10.122492 0.596677
35.943321 -3.051845
13.793104 -20.001932
11.329576 -8.839289
21.471623 -40.806494
-15.530855 23.946026
17.406503 -35.373922
-25.337914 23.329472
-1.206286 15.058082
12.461529 43.29141
18.86946 -31.064608
-0.884263 -13.639851
3.069929 42.459373
46.16558 13.123218
34.831293 26.92768
5.802419 -5.686536
-15.021402 24.661931
-15.964622 -0.642966
56.372814 -1.230573
-18.374213 -21.597946
-9.534829 -16.299398
-0.933595 19.054569
-19.187051 32.682424
5.68559 21.01586
-12.670276 -3.323601
46.265834 -4.625462
-7.791087 29.392287
31.010463 -25.120843
-4.783439 -33.813734
-29.729594 17.779253
1.137069 -45.492059
-55.187138 -12.452586
-17.240732 11.354065
44.543824 -1.888183
4.739026 51.640876
1.991795 51.263109
11.621494 25.493829
30.287835 18.953638
-30.44416 -26.126004
-37.301693 -1.309267
36.967015 13.76362
-38.607824 -10.470153
-22.89636 -8.787932
28.213742 -12.284277
-25.747901 -22.639215
3.963788 -5.030638
-2.001902 36.08255
16.236972 -54.548678
-17.038508 30.799786
6.398322 -22.012187
4.986712 -0.861489
-17.633111 -8.375901
-20.200676 17.226585
-0.909075 -16.750355
-40.529536 0.592236
-0.218495 -35.423988
-0.6782 -23.365423
-11.077688 46.848021
18.398355 -37.693064
8.54159 -32.215203
-3.59802 36.106109
-9.344184 -9.094998
-2.774552 -0.86027
1.765272 24.748569
1.288228 5.776836
-8.512779 35.058289
-1.361387 23.557833
