//Synthetic=Synthetic_00908_J80

J=80
MT=20
Vd=2
Vv=1

p: position coordinates = 
0 0
-30.221651 -57.036931
-18.002815 -12.483374
-9.960811 -44.820443
41.12313 -0.005481
14.370904 22.496961
24.045175 -44.671594
36.207817 -64.264426
17.967644 -57.15527
24.57234 3.98965
5.987855 -39.493137
29.318237 -49.835022
-13.584758 -52.160565
8.078302 -23.435893
-12.543179 -56.827224
-17.658025 -42.069195
-0.399629 -74.569592
42.953412 -32.446905
-45.569835 -32.245647
-45.518636 -32.439315
-5.285175 -20.236063
26.709281 -69.150711
-4.997928 9.672138
11.560644 -62.21633
-19.052236 -63.271254
42.872414 -44.43272
-7.581014 -34.247227
38.809904 -21.339833
19.020078 -26.406532
40.427666 -24.321211
-7.923538 -3.91049
26.194595 13.189203
3.33924 -77.005576
4.555915 -55.157637
46.353248 -36.094093
30.466938 -47.615052
-13.31227 -9.033375
4.343229 -40.7165
-18.597444 -55.231783
30.458774 -44.318626
-17.329808 -30.59958
66.100337 -18.931994
35.532981 -11.532542
38.408439 -18.91853
39.603605 4.636679
2.271639 4.397099
5.164716 22.908634
2.497617 -32.202995
28.695065 -32.148629
-4.333723 2.920973
46.912454 -18.526072
26.527095 -34.054167
10.594036 -27.532308
48.994775 -59.421882
24.242653 -68.538575
-33.514871 -37.824327
12.627256 -79.907079
-11.902541 -70.860203
-25.018536 -21.822072
12.151475 -26.352922
9.665777 22.756153
-10.949184 -55.198519
-8.322073 -23.707874
16.487814 -83.003547
36.253058 -74.671558
12.560281 -74.254492
53.169384 -27.053462
33.378453 -47.447299
-32.509386 -15.975226
-34.240341 -26.245552
16.578573 -2.213297
57.655702 -32.31137
69.4458 -28.153642
-29.411717 -16.931953
-40.810397 -41.43942
8.400096 -12.124116
35.365099 -30.705387
-18.498487 -8.831646
-25.605347 -52.342811
-4.643855 0.011075
16.730115 -11.059677
