//Synthetic=Synthetic_00034_J20

J=20
MT=20
Vd=2
Vv=1

p: position coordinates = 
0 0
32.991061 -38.484229
-48.320669 6.138113
-70.449607 37.885345
-65.519678 54.819847
-41.555085 72.40414
61.70108 -58.234254
101.592018 -22.189683
5.328086 48.31685
-8.931121 -76.799217
46.851684 25.327609
-47.257148 37.52598
36.791099 11.130185
-70.927521 -66.660373
82.08975 -37.401653
-81.320896 -50.883467
-8.949943 40.398668
-35.754326 -77.144867
-26.936441 -47.991027
61.411815 -55.978529
-97.297248 -15.011057
