//Synthetic=Synthetic_00810_J50

J=50
MT=20
Vd=2
Vv=1

p: position coordinates = 
0 0
20.469864 -14.539825
23.08919 -23.557393
30.007539 -4.205073
23.790597 -1.334363
45.365823 -38.534389
-31.790581 -37.924854
-32.121236 -31.048964
47.153806 -47.177077
-35.215955 -54.799609
26.508812 -49.058828
21.085819 14.017961
-37.69506 -32.254528
18.160237 -2.233771
-24.462251 -20.397551
29.377345 -37.016026
-17.834176 -21.855088
23.777282 -9.974991
19.974581 -14.142733
8.230805 0.191719
9.156144 -2.79422
-24.006472 -29.200935
-37.543454 -30.334703
45.811153 -49.933865
-26.795711 -42.14478
41.290099 -32.88056
-44.142999 -16.542662
33.098343 -45.458957
17.581888 5.37253
-33.825034 -32.412339
24.70937 7.331116
30.939977 -37.190877
43.938503 -37.712867
26.073266 -15.966019
30.283279 -38.750245
31.835069 -50.171765
30.27103 -61.832551
-26.489086 -29.876775
17.249613 12.165879
33.299742 -59.943615
24.141451 -10.878759
33.16403 -32.207806
39.113908 -53.381459
-40.02561 -47.623582
27.416052 3.234052
-29.703481 -31.973401
-32.377282 -25.662117
35.332157 -58.099282
-19.983377 -31.472528
-38.67321 -22.495695
-18.543661 -45.408094
