//Synthetic=Synthetic_01376_J30

J=30
MT=1
Vd=5
Vv=1

p: position coordinates = 
0 0
-26.231604 32.16712
-37.772881 -15.902912
4.526955 30.052842
-1.680987 -6.23611
22.490715 10.122149
-35.614038 -11.466629
-13.08344 -15.667532
-16.624473 7.877653
38.330927 4.278753
9.097056 39.036653
-3.622916 50.106616
18.504915 36.040453
-18.295581 47.642601
21.027448 12.788624
-3.710716 7.945149
30.521359 -10.719204
35.076307 -25.975608
2.867974 -6.763701
2.57462 22.312086
-34.345353 -27.679058
-35.863727 16.654097
-31.055071 -13.918728
-30.394038 24.135533
43.108793 9.489371
38.123233 -9.1586
-9.624745 -38.419171
12.138642 2.576392
-22.776418 19.406353
19.549497 -40.454917
10.432389 -13.997782
