//Synthetic=Synthetic_01793_J40

J=40
MT=1
Vd=5
Vv=1

p: position coordinates = 
0 0
-36.014566 -45.942617
17.012126 -26.443061
-33.846341 -49.178981
-5.87128 0.052649
-34.345462 0.217856
45.504286 -54.880578
-25.89768 12.34297
-48.644442 14.228669
-6.135418 -12.223056
-50.507754 -52.643193
-53.573365 42.325609
-21.784432 52.049206
25.786642 23.165247
36.905113 -3.083438
25.063226 -50.581433
11.631662 18.281926
-18.241922 -38.082097
36.122016 -8.077631
-24.927307 31.386174
25.346844 0.699087
-17.021484 57.291884
-2.728937 47.027774
32.4347 -31.84372
-55.007079 -53.677262
48.560893 -56.645162
-33.138224 26.414515
7.296494 -30.652937
49.42476 11.285727
39.281739 -46.688408
-31.687823 30.406069
16.106925 -14.759821
49.440031 -30.367469
-49.294723 37.746697
57.093548 18.232884
27.273183 -5.897056
-18.666473 -2.504374
46.38537 9.366712
23.946621 -8.456794
-8.086244 59.189374
-43.923567 -30.813781
