//Synthetic=Synthetic_00133_J60

J=60
MT=20
Vd=2
Vv=1

p: position coordinates = 
0 0
82.844968 20.251302
67.240458 13.81436
65.800894 -47.367805
69.908558 -46.204991
66.962114 -37.462907
66.552105 9.960832
76.895057 17.798414
64.175509 -49.480333
70.801505 14.027857
78.400217 19.855807
74.435146 -40.052995
73.120213 -48.529333
67.203247 -44.723202
89.999594 20.893628
86.600733 19.090745
73.96166 -41.752701
60.086452 -42.580423
65.759275 -37.286602
74.626912 -48.697666
71.148503 17.971586
63.435968 -49.832416
74.371422 -39.471668
76.629374 -43.921079
69.339411 25.878774
64.744586 -42.259
77.722103 -40.540443
78.907821 -36.469932
86.850829 30.629961
64.369862 -43.065886
67.613528 -40.200995
67.237934 -44.148196
65.932703 9.955648
68.017626 -38.352419
72.329878 13.768063
66.561126 -45.001318
71.165696 -51.316581
82.973163 18.542737
52.852679 -39.254054
74.327813 -48.573542
70.368979 10.917799
75.359173 -41.778373
71.445459 20.714808
65.160912 9.467545
78.331543 25.517387
73.897176 15.161034
70.840006 7.264595
56.612257 -45.034061
63.813682 -40.721832
57.752424 19.414903
58.198907 9.851002
64.858335 -36.381977
70.565135 -42.203317
62.563742 -48.759427
64.498432 -44.050538
76.499456 -37.383618
72.72538 -42.121015
69.433808 -40.646684
60.601571 -44.903021
68.401563 17.92947
78.204038 26.172324
