//Synthetic=Synthetic_01913_J30

J=30
MT=20
Vd=2
Vv=1

p: position coordinates = 
0 0
-20.682619 -64.435674
-32.093051 -40.913333
-53.876042 -6.31971
-55.437444 7.11637
-21.990699 -78.231923
-43.330015 4.442271
-68.256508 31.123459
-101.755782 -61.169849
-94.127534 -4.310871
-82.631252 -12.700622
-117.713207 -24.24413
-12.887792 11.326022
-98.482196 -20.418759
-74.631478 -39.678635
5.68449 5.224248
-74.711999 -73.594023
-76.04223 33.669941
-96.677476 7.798915
-53.668161 -49.516533
-51.404077 -1.371763
-54.483972 -79.879068
-63.018411 -68.097361
-36.238156 -56.079373
-57.383772 -25.776952
-53.695852 -15.78092
-40.410294 17.579443
-9.565226 -27.490812
-20.023866 -59.004208
-65.209362 -78.366009
-112.128513 -50.339031
