//Synthetic=Synthetic_00865_J100

J=100
MT=20
Vd=2
Vv=1

p: position coordinates = 
0 0
-12.55751 80.290555
-83.087301 21.272202
-38.795956 -7.072389
-49.735894 -12.323319
-65.565594 16.162966
39.478921 -45.631206
44.926873 69.447891
-2.520171 49.426235
-56.661773 -72.798489
-62.794481 -1.633984
-37.583537 -30.07227
-53.16837 -23.238399
36.261822 26.803375
-72.612513 38.178628
-31.423658 96.675272
-27.525234 74.465399
-0.24485 31.99903
21.02225 67.471945
-57.172724 17.043817
16.785526 40.046826
-53.321473 29.787041
28.854211 11.460398
-16.28235 -93.361951
-60.240001 -12.530619
-13.189891 57.910522
67.208985 1.949214
-31.183334 27.0034
-45.560285 -28.179107
-82.238202 1.056053
-46.513583 87.887017
-35.167851 6.886692
66.901165 0.237527
-11.082606 -98.331936
1.10571 -43.952893
49.546081 49.564185
47.10507 0.192202
-8.03927 -44.817828
58.342887 69.938467
9.177323 -82.914671
37.421205 68.887878
42.366188 -2.02765
38.154687 -3.964715
27.808151 -26.13804
50.887843 78.905417
-50.991678 62.941939
-61.001625 -61.001087
56.757395 -63.273343
-34.699702 53.219071
-45.22993 24.654616
-61.595175 -25.06863
-23.890216 -46.343972
-83.799239 -25.366053
24.753704 70.0629
32.543561 24.34357
-49.558207 -26.340586
-27.288597 -76.502339
19.718185 87.033517
-48.140249 -59.652269
2.493188 49.427563
25.468186 -38.144775
65.007868 -46.854752
63.96394 -9.767889
-64.519018 15.747562
56.951657 -27.86796
-14.772148 -65.222427
43.582491 -85.311177
3.159256 43.547403
-13.623194 -37.874153
43.029651 -29.103719
-37.667107 78.9475
-28.4403 -95.70404
32.034428 -83.671781
-63.69863 54.877564
-2.130101 -75.616234
60.614847 -0.318975
-75.704014 -18.711222
-23.97946 71.096613
-70.889487 61.459332
40.819837 18.125232
-15.447274 91.357406
3.318349 70.315795
-51.448504 76.379547
-27.521046 -82.103417
30.986015 74.561309
40.871426 -67.999302
48.858618 19.738572
-56.823109 -76.88067
-28.429869 -81.68671
30.971116 -67.347742
26.823856 77.635935
64.137101 18.089851
57.633181 -8.697282
-5.546589 -103.274014
-58.993915 61.692708
-86.176524 -21.582235
-31.575344 51.443402
16.839883 74.785276
-87.593462 11.234559
17.64494 -82.462627
59.900196 -34.179244
