//Synthetic=Synthetic_00357_J30

J=30
MT=1
Vd=5
Vv=1

p: position coordinates = 
0 0
-8.749452 1.039568
5.909299 48.955109
29.597568 45.535018
-9.112399 4.655185
-37.999839 29.490101
-30.903317 29.96095
-7.762123 45.869788
1.556945 -29.059616
-12.055858 -42.044092
34.571966 28.533241
42.447165 -31.339205
-8.102474 -32.053624
-22.522784 38.410561
26.816246 13.292839
-27.107065 -53.426978
5.410489 -44.494135
-17.93027 -33.703902
58.906498 -25.881638
-7.551933 -45.233539
9.883401 20.707778
8.03017 17.628154
14.159928 15.537601
-4.021266 44.241176
23.533382 9.64265
2.746042 42.447127
45.074598 -23.62344
-20.397596 24.99825
-30.616336 13.206181
31.124571 -13.199924
29.44497 52.254515
