//Synthetic=Synthetic_00885_J30

J=30
MT=20
Vd=2
Vv=1

p: position coordinates = 
0 0
3.291985 89.719548
34.602465 1.857437
54.085493 -2.110411
-85.171143 7.82702
-54.940695 -71.267792
25.274305 15.654042
9.470891 -50.697423
-9.154121 -78.625007
-78.533376 53.582629
-39.750154 -18.620197
1.698553 -40.572308
-37.606257 -25.663725
-5.90297 54.599036
40.621448 -1.251789
80.018797 -12.80436
-2.500028 48.758971
-22.067842 48.149994
48.99172 -19.897944
-64.343558 -33.172453
76.63885 30.67851
81.976705 25.289294
-19.613035 89.164036
64.319888 39.948979
-24.644609 55.913051
18.900342 28.79315
-39.53619 -38.578371
29.011113 -91.95071
76.091074 -40.459522
58.216654 60.879857
-58.649118 -39.190146
