//Synthetic=Synthetic_00245_J20

J=20
MT=20
Vd=2
Vv=1

p: position coordinates = 
0 0
-108.278045 27.143334
-84.424138 -44.351942
-88.174901 16.068262
-72.079551 -71.676283
-94.15997 19.036017
-102.903819 27.834266
-74.898019 -49.436728
-54.577799 -48.293721
-81.618822 28.487113
-94.089338 25.240641
-56.232049 -49.828781
-87.5073 -62.112046
-87.918365 31.415107
-82.770349 -56.993036
-84.814266 27.195965
-84.90362 18.439086
-93.581425 16.110562
-104.99272 37.468398
-86.455288 -62.348532
-92.666348 28.987811
