//Synthetic=Synthetic_01329_J30

J=30
MT=1
Vd=5
Vv=1

p: position coordinates = 
0 0
29.162702 -7.782501
52.668125 2.658262
-12.490723 18.331727
-9.091612 38.975278
9.351395 -1.344912
27.048907 -10.248305
-15.00526 -40.295841
37.154367 -20.055541
-36.195905 18.458969
-13.997273 46.518675
-2.066008 0.035243
35.929296 -28.270289
-35.261368 -33.205202
11.144902 -25.994217
8.101815 19.83033
53.795319 -0.830064
2.696241 -49.590048
-43.829247 -21.562541
7.459358 -27.075597
27.051078 34.245461
-5.034864 -4.895848
-9.850215 36.67352
1.418513 -13.516146
28.155361 37.949086
33.534112 20.928353
-17.535702 -9.712456
25.167782 22.123565
-12.112869 -29.835659
4.182732 -44.136046
-26.251106 42.128107
