//Synthetic=Synthetic_02073_J40

J=40
MT=1
Vd=5
Vv=1

p: position coordinates = 
0 0
34.46342 -34.370838
33.640153 30.683733
17.810674 -7.435277
-21.993558 -50.898867
41.962803 -0.240759
43.203145 -23.229607
-37.985386 -12.422389
-37.012467 -1.208919
16.781035 -3.929306
17.262756 -34.620213
-37.731838 -20.580599
51.626874 -20.487084
27.560151 -2.97682
16.408398 -22.880509
53.23202 -16.732363
-4.064082 20.337226
-0.901334 -45.461157
-3.916636 10.023504
34.081821 24.828389
-19.990191 31.753384
18.14724 -20.980221
-55.550884 22.310631
-22.708095 29.385862
1.745868 -49.399813
17.473128 25.885724
16.85386 -13.528106
-10.450923 -54.427793
-13.809086 -56.266541
26.034354 -26.174396
-15.24236 -8.256175
24.25166 10.611783
19.715405 0.502399
21.017802 -10.347926
19.461867 -30.512749
-6.731388 22.17341
-1.551397 -20.190383
3.632 -46.416121
-1.614899 -16.270854
18.840127 23.807298
10.062889 48.680965
