//Synthetic=Synthetic_00606_J100

J=100
MT=20
Vd=2
Vv=1

p: position coordinates = 
0 0
77.109182 -18.8525
55.622389 -56.865798
47.080352 -67.091909
81.921696 4.635289
54.640264 -65.477122
41.904331 -65.012945
77.473416 -7.012212
77.48692 -7.458509
50.120859 -61.354494
43.320953 -66.247611
80.4211 -0.509172
33.752431 -49.067118
49.872234 -59.649018
69.702008 -2.971328
41.400447 -60.218939
75.693149 -7.846029
39.199452 -59.322482
49.220523 -71.074111
51.629502 -54.252629
56.537742 -55.108336
38.349207 -75.642528
53.321795 -62.595894
78.258392 -18.956375
52.547714 -71.756142
59.52996 -66.998805
48.599373 -68.507089
77.95234 1.437708
84.164096 0.764459
76.912469 -2.850729
70.130797 -2.105688
87.630836 -10.480945
76.902228 -4.461413
52.370285 -62.446484
65.491419 -4.336017
46.293487 -58.677995
42.205677 -78.75739
63.249539 -65.092966
54.307771 -60.58422
74.83538 -1.185145
53.502375 -67.951413
64.07218 -6.978439
75.011683 1.304002
46.846574 -71.382238
59.306288 -13.424367
47.346911 -65.075315
57.469372 -61.341848
80.621681 -6.715337
44.366558 -62.492613
78.791691 4.946129
57.709435 -64.953524
85.320736 -0.166652
56.022815 -54.85719
47.259321 -62.529532
48.275055 -70.593834
67.832033 -0.200514
50.453673 -65.256657
48.717638 -59.955325
44.798863 -57.754468
75.04863 0.835809
57.344796 -64.719857
48.04272 -74.153664
74.904149 -3.226263
55.939061 -73.251051
82.144642 -13.935235
50.976727 -57.989683
61.563213 -61.823985
54.258889 -68.682404
51.243037 -61.357499
42.465262 -67.073639
59.337369 -55.190776
42.677893 -54.486025
50.215093 -69.454725
68.785421 4.9516
83.747055 -1.803411
70.756974 -10.653463
76.857411 -14.417655
43.614742 -54.261092
79.785467 -4.904074
71.973785 -3.636299
54.822067 -70.865913
66.245151 0.559971
77.664408 -9.651188
76.144019 -10.077982
69.054149 8.158804
70.659052 -6.505398
45.586382 -54.695623
51.121631 -57.294191
66.59312 4.900507
75.457693 -11.209228
54.091242 -77.923027
42.701714 -62.587021
86.26256 -9.457856
71.133637 -0.863237
45.583882 -70.330654
78.871844 1.854243
77.20517 -14.73487
39.494476 -51.66334
82.833771 4.772538
86.039507 7.607441
54.888326 -54.868245
