//Synthetic=Synthetic_00390_J40

J=40
MT=1
Vd=5
Vv=1

p: position coordinates = 
0 0
-39.456455 12.463803
-12.128006 -4.100962
-49.459408 -3.351605
-5.242184 30.646927
18.415677 -2.66906
-2.632912 49.503285
-2.795127 -47.476537
-63.247475 -30.539284
-7.690308 20.643847
37.274374 -19.264284
27.855242 -67.81328
-1.213563 26.067385
23.130106 25.895198
-3.965136 -22.777454
-53.400546 -29.61678
-17.781123 -44.541907
-53.871144 -5.339485
-35.094669 14.171059
17.535329 30.044537
29.603523 -23.986584
-2.434646 28.529397
-29.507723 53.15843
-24.10233 32.476176
-22.777961 63.215414
-28.394161 21.790694
-9.286905 34.630771
37.732407 48.122344
11.968048 -4.194169
49.500956 13.615112
-13.212267 -46.238647
-22.280242 -6.826846
-59.499421 -25.081735
-23.685746 24.25546
26.585121 -6.011743
-26.169686 68.863202
23.985275 25.909716
-13.375737 16.119228
-45.992997 -6.69358
-41.754853 36.237449
18.889523 40.929945
