//Synthetic=Synthetic_00985_J50

J=50
MT=20
Vd=2
Vv=1

p: position coordinates = 
0 0
47.519001 -71.314725
82.362178 -3.271274
91.944935 -18.082079
45.824682 -67.280401
89.468557 -24.88511
101.383094 -20.085157
57.735938 -79.103975
50.395056 -89.91391
96.729426 -7.298897
95.943382 -25.386297
64.870202 -80.265887
44.046167 -67.513489
39.177956 -83.411009
99.802515 -21.137106
93.941688 -8.439491
103.601526 -18.595193
96.94684 -24.762405
91.192776 -23.196323
93.046942 -2.801472
53.698211 -72.488277
52.722364 -82.413407
92.805256 -15.641154
42.257122 -69.877424
48.045157 -81.941518
74.66301 -9.087164
53.352292 -90.940633
52.401143 -70.035923
86.02212 -15.083512
101.091983 -12.996826
76.553686 -11.121263
36.193279 -82.84374
59.070095 -91.767566
58.055289 -77.820776
87.412601 -21.169275
47.864287 -84.213408
90.41337 -28.023518
92.661553 -7.078321
94.944521 -31.499741
105.07107 -24.341301
82.027785 -12.408848
105.591436 -4.688229
50.61688 -82.254983
62.169577 -76.295812
52.022723 -91.255663
44.732904 -85.670704
27.485305 -81.958891
105.291917 -16.256096
39.226619 -86.216897
101.096089 -17.949512
88.781924 -10.311
