//Synthetic=Synthetic_02037_J60

J=60
MT=20
Vd=2
Vv=1

p: position coordinates = 
0 0
-83.625257 -7.279805
-72.822198 -66.350775
-76.433236 7.375355
-85.461159 -4.707707
-85.078029 10.061918
-87.09714 3.610909
-70.070926 17.101773
-88.017749 10.587667
-77.540664 15.215263
-66.282883 8.37317
-78.246802 2.877636
-66.947486 -73.962529
-71.962102 -70.785892
-86.704388 12.976618
-95.352799 18.162716
-63.791449 -73.453678
-95.498327 17.326472
-85.922936 1.256664
-92.897415 4.112503
-87.022387 8.726986
-82.705203 1.822664
-65.306289 -74.588606
-89.612111 21.700679
-86.008507 5.719222
-79.592229 19.738072
-59.387603 -69.271044
-78.819166 8.089418
-87.469172 5.023747
-65.10997 -66.517462
-63.759651 -65.921554
-70.57842 -60.319385
-63.787318 -69.412572
-70.82404 -50.918998
-87.951334 0.994454
-96.156242 20.868602
-62.445067 8.41018
-76.767521 10.728323
-92.384321 14.614261
-87.049656 8.218349
-59.326313 -62.725667
-86.372895 7.400237
-90.184714 12.290483
-86.914621 15.36525
-80.993702 4.105499
-61.613975 -65.465742
-92.062074 23.280989
-89.480653 18.475511
-66.462748 11.91635
-73.112521 13.57655
-52.507366 -45.795693
-82.518057 11.243802
-81.803048 24.430358
-84.644705 16.225553
-82.340488 22.368021
-83.128317 3.431336
-85.870598 2.302565
-72.501992 -69.256726
-86.918434 -1.743978
-95.971555 15.45541
-65.67521 -56.852841
