//Synthetic=Synthetic_01802_J60

J=60
MT=1
Vd=5
Vv=1

p: position coordinates = 
0 0
14.174337 -67.631251
55.032225 16.691032
25.60431 21.216369
-11.211693 60.837633
1.832859 12.069561
10.044262 7.043
11.173256 -30.425842
-2.351452 66.62846
5.416139 14.503535
1.017383 56.459747
-14.02982 -48.964739
12.129184 37.057732
16.64749 -50.036197
17.328905 -39.939009
48.867827 -18.393218
17.936003 -43.534748
14.344974 -35.71361
16.364476 -52.725788
-9.433352 56.961564
-6.733514 40.057688
47.341524 -11.619298
9.765145 43.715941
6.396815 9.624708
-44.990286 -16.655204
-3.229486 -9.341147
58.769096 7.864486
-38.42335 33.255125
17.935224 -53.30436
-12.855398 -51.231614
50.757861 8.168265
4.246716 56.146746
16.017905 -37.826619
25.767767 23.892315
58.444623 10.57156
-43.145411 24.215128
-3.149273 9.191671
17.323739 48.369702
17.616246 41.999587
57.510081 5.770986
7.563239 10.910294
33.336919 35.574946
3.332066 57.675928
-13.193889 -4.51659
-43.299752 -1.782467
-56.25299 -14.331933
10.305738 -34.203001
55.085021 5.963664
-6.926713 10.71688
20.117722 9.394039
-0.713065 49.408894
15.447817 -35.280993
-9.688521 38.233791
15.393538 -56.479404
14.81369 -31.688234
13.222628 -31.303664
0.139502 -6.359012
28.97235 -34.088477
-31.822499 13.687359
25.98051 -33.027318
1.803925 36.991415
