//Synthetic=Synthetic_01862_J30

J=30
MT=1
Vd=5
Vv=1

p: position coordinates = 
0 0
-8.818821 -58.736588
-35.342154 18.767378
-2.703123 -13.767135
-37.12498 20.916282
-9.461117 -23.570548
-30.879161 20.501651
-21.6929 29.817388
-1.654892 -49.681343
11.666297 -40.502772
-24.372319 35.08876
15.845775 -37.328997
-22.686197 -22.471466
28.199393 38.629788
11.915893 59.820456
-40.570759 -21.6776
-3.942261 -17.745728
-11.837312 27.698853
1.783021 -35.491126
5.026951 16.080729
-15.481658 5.123899
7.517789 40.562419
-28.169965 -36.22575
31.018172 -34.168051
-23.923915 12.188836
16.824136 -14.293395
8.877442 -8.209167
-19.023424 -13.641567
-47.113212 -0.093726
22.704791 5.619968
59.084534 -9.745178
