//Synthetic=Synthetic_01242_J100

J=100
MT=20
Vd=2
Vv=1

p: position coordinates = 
0 0
14.18922 -8.886638
24.001452 44.299116
60.85043 51.799115
-3.641029 -12.988259
-17.597368 48.987892
59.571163 40.50152
23.212278 41.397445
-6.000334 -7.269646
43.809199 44.549792
-40.514701 6.375499
-3.166589 19.946558
6.857873 17.055854
24.942557 64.916796
5.663879 25.157154
46.713298 -7.777891
13.227215 51.581952
31.515611 -0.059819
60.120753 11.661739
-15.283767 35.788046
2.996351 21.69348
30.4185 47.536092
-6.676829 69.029457
12.219613 3.573106
58.855296 30.212768
22.84992 61.440418
15.047127 25.019411
51.547636 17.426527
21.769975 71.573195
42.166025 30.605137
27.816974 55.863189
-27.126326 21.372771
-0.30733 8.297477
50.89056 39.864566
69.111326 17.902191
-19.190255 -4.590589
26.940257 -2.6445
-25.125821 61.003843
31.638607 43.167349
12.809494 -2.427512
-2.995736 57.767065
16.8491 15.178567
33.755054 49.252949
54.244446 60.446622
52.852714 -10.04589
47.772337 25.678212
38.530875 14.072883
27.756061 49.516186
-5.238593 1.147208
23.091662 65.890388
16.578737 53.182907
45.63872 50.457629
-1.118348 73.976096
1.834666 62.828494
45.082035 5.457653
77.558766 55.836692
67.412914 41.001107
50.577532 48.464342
10.251329 57.42791
5.201641 -5.404278
55.101862 59.66928
-5.590525 16.809997
59.379008 -4.942369
27.118064 -22.162088
31.306703 53.002
46.083213 13.643144
-2.085357 7.584406
35.516121 68.60298
5.151888 20.758166
15.921971 32.634247
-28.476177 -6.537433
23.766146 -12.440447
46.134974 10.892591
-31.830462 21.984868
1.993795 15.913605
11.810837 -4.413847
41.139148 -8.711877
-16.802619 12.314504
42.094608 -2.867662
-29.573247 40.457701
38.409835 -15.542547
17.424445 27.553198
45.978578 16.518473
4.937559 17.69902
-2.767931 20.215055
-10.177618 6.790867
17.433893 49.926062
-25.96838 -2.849021
-33.160587 21.461898
43.118963 -0.236097
25.839576 -19.872916
54.714485 -25.707703
18.579135 43.059628
53.199949 5.438832
45.59 42.967373
38.051261 1.845921
-23.088708 71.337354
38.599789 16.207818
-31.039455 3.758778
55.063852 47.635656
24.371713 61.85714
