//Synthetic=Synthetic_00539_J40

J=40
MT=1
Vd=5
Vv=1

p: position coordinates = 
0 0
-40.559867 -6.04056
20.15287 24.031163
3.6804 15.944041
17.909765 32.620608
-7.032133 27.572764
-30.965374 29.755324
-4.087225 -33.012857
6.708737 8.264409
-12.888808 -16.847748
17.328698 -37.068498
-24.084488 49.150945
29.051659 38.17632
18.419546 35.222447
-21.144187 17.744581
48.7304 8.318338
-13.157193 57.206705
-20.68515 -9.800871
61.741271 1.420389
-56.980262 -4.329687
-13.07141 15.1859
-32.943535 -31.883764
-6.653639 62.407482
-11.315451 -38.540973
-9.99743 -17.677612
-1.146569 46.937741
-2.306006 -47.001293
18.548779 -11.098848
49.585702 4.633788
-2.750731 -25.254398
-10.93147 37.191372
-24.48495 -11.35586
-6.770509 -42.143459
-5.324592 64.328839
-19.5129 6.846387
-4.866094 -37.258246
-40.187165 -10.921637
-32.97856 -12.00106
17.623763 -6.951932
-57.335782 -4.89845
-32.491825 8.900947
