//Synthetic=Synthetic_02096_J30

J=30
MT=20
Vd=2
Vv=1

p: position coordinates = 
0 0
-28.877222 4.944126
-36.528712 -25.004669
-38.919869 0.557985
-43.209327 -17.58493
-23.796565 13.003875
-29.975852 -22.003519
-25.382003 11.396382
-42.820938 17.900946
-32.474637 -6.44937
-17.703725 -11.633815
-33.819999 -6.067882
-34.40028 11.944293
-40.446316 8.975527
-35.91687 4.512386
-29.645457 5.071957
-33.552796 -23.939697
-37.622594 -14.233866
-35.446929 -14.412042
-36.846966 -7.895553
-36.739084 18.496481
-33.979392 13.641578
-23.898592 9.564596
-28.514425 0.536363
-29.909877 3.759258
-14.787601 1.060113
-37.469376 5.441469
-29.726946 -15.340589
-26.351617 2.588407
-30.71853 4.592357
-31.856954 13.480939
