//Synthetic=Synthetic_00399_J100

J=100
MT=20
Vd=2
Vv=1

p: position coordinates = 
0 0
-87.075174 37.187637
44.802559 -7.102401
18.702827 -95.501034
55.024301 50.407632
48.785829 -32.682806
29.829296 -86.689141
-92.921385 1.073818
-89.996198 -3.304912
-97.858917 13.900211
62.020289 -20.73835
20.548037 -60.727535
-54.953227 57.589254
-24.839265 -83.584186
7.815813 -46.30256
19.990804 -68.448646
-50.824657 82.459917
77.302506 50.348031
-46.126766 -79.467251
-100.229396 20.433117
31.259189 7.96193
-35.347002 9.070087
-90.742441 -51.476744
-59.455712 73.65169
-19.417052 38.783107
-59.763396 57.020554
48.457473 -3.914276
23.281774 33.3008
82.613821 -63.853127
-61.453678 -34.117243
48.586857 25.559019
55.654165 -3.115299
27.721167 65.366813
-42.47482 95.723941
55.007595 -81.158742
-47.658349 1.057213
30.981606 94.537212
-0.461534 -40.444795
34.818462 30.021334
55.550697 10.197209
-36.801886 -62.91755
-95.137981 -10.003324
-56.869444 -68.976595
17.724802 90.99194
16.263936 -49.847149
-23.378802 -30.556412
-85.157386 9.729197
-40.639133 67.815806
-41.820227 2.681429
69.141006 -42.019763
-49.542759 11.623264
-68.894281 -24.388256
45.642455 -15.83635
-60.817235 19.269288
-60.576405 -6.866184
80.808123 66.152308
27.728456 -76.046068
52.975053 -90.265544
24.885027 38.10407
-35.988092 -85.481962
-13.415112 61.557654
-71.786076 26.221172
-40.614156 77.660341
4.211615 58.094496
52.250978 90.692034
-88.413819 -19.02046
46.509061 23.754165
-38.160845 -41.353101
30.212554 -41.749416
93.161288 14.441044
23.792146 46.717181
-77.726282 -60.429463
26.237213 -40.241675
13.661864 -59.732145
-34.977967 -43.226192
93.887124 45.406462
40.765171 -0.306761
65.592481 32.637691
28.301551 80.35266
10.19141 -47.040597
13.198177 91.794848
-47.737722 49.759636
-1.904244 68.771481
-103.294823 -13.517912
13.006056 56.147914
36.395201 40.101317
81.173007 -33.101928
3.306285 50.516089
-24.634207 -48.908928
-56.314096 55.8151
31.80406 -84.902929
45.544586 -14.276521
52.424787 -11.632391
-84.820027 -44.149865
46.092042 -61.43171
-18.455486 -33.206626
-68.372883 43.744485
-38.658933 32.56804
32.013543 70.317948
89.779952 43.00641
26.030161 -34.687886
