//Synthetic=Synthetic_01121_J40

J=40
MT=1
Vd=5
Vv=1

p: position coordinates = 
0 0
-2.370455 -36.784779
11.677655 29.565055
-22.138615 46.618404
9.392707 -54.334351
-23.124073 34.77224
24.784413 20.340599
50.09435 -14.222341
-1.314251 -58.140057
1.637541 -10.854293
-16.062562 51.095118
1.536797 8.329782
-5.159654 -57.708279
-3.27815 -24.060756
13.711035 50.330217
-17.563967 -11.251573
-23.984425 -20.752124
0.095076 32.37375
11.624195 -1.91851
37.512304 -11.9832
-39.559162 -20.19082
-38.398195 -21.673997
-17.549446 7.251826
-19.528569 -12.377472
-18.363352 -49.694077
6.041349 36.961747
-10.997263 -19.44773
26.217696 42.056334
15.003632 -19.08597
12.539261 50.893329
-3.393344 -68.893067
15.218389 8.079252
3.691382 33.007324
-29.702986 0.400531
-19.026044 -29.950605
-18.02902 46.908221
47.844071 7.969686
63.994335 -4.78992
46.890193 -13.703269
-49.610491 -24.010484
64.740878 -3.80117
