//Synthetic=Synthetic_00221_J100

J=100
MT=20
Vd=2
Vv=1

p: position coordinates = 
0 0
45.290449 49.731022
-69.371248 26.265357
61.829029 -29.221851
25.776585 13.666114
14.599248 25.79881
28.397743 -12.252781
-64.228033 -11.172717
41.678984 -3.948266
22.729082 57.811474
39.255526 50.729889
62.233462 7.749345
-66.76437 33.452315
-46.908353 -2.807961
-51.514721 -51.684136
-29.610962 -66.048778
-57.540403 -4.24524
-33.789403 63.229369
30.08441 -1.163952
-1.346563 -53.470043
-21.13225 -64.546677
39.598053 6.155637
-25.220524 -18.236011
50.0359 -18.78085
-20.355822 30.763847
-3.616478 -72.364609
18.046723 -14.795581
26.785402 -22.618852
59.134671 46.845799
54.911623 9.319741
-55.139418 49.338218
29.718474 24.610559
21.523229 35.255351
-55.209053 -18.286802
42.942036 -65.269417
68.782019 -6.336694
10.131204 -49.949191
-30.017802 -41.039225
42.889128 -20.66033
14.044412 36.522416
-32.937869 -11.507259
-1.22668 45.998769
-28.042203 -18.884898
18.267559 -39.701648
-39.553358 -68.678939
28.343742 31.654986
-37.528005 -70.010995
-61.990417 1.591286
-12.394399 -36.04187
14.752964 33.799476
17.667887 71.679628
70.065583 -9.998465
60.274736 -47.63323
54.896134 39.02245
-6.270049 -62.904461
40.644362 -59.242852
39.217267 -38.989806
24.188349 -56.525661
-9.35542 75.186004
-14.948676 40.949361
-1.261293 -42.420743
-16.500236 -29.539012
12.409041 -66.855233
-64.63135 -35.932788
-67.490065 8.8988
61.861038 33.926613
24.589791 33.806135
-51.963008 -14.099437
68.199857 19.713909
40.868712 64.94775
-15.642197 -29.858528
35.589895 -48.494308
-14.073419 75.422922
-33.770387 -10.208454
0.016199 64.042641
-33.095574 17.29572
-51.367924 -5.802781
18.545365 -33.211983
61.576846 -12.914132
23.074244 26.551875
1.655932 -31.659341
33.516346 42.624368
-7.469163 -44.340013
42.6284 -10.754011
-0.700196 -69.348309
49.421632 17.856254
69.455854 15.230756
34.828034 -71.643003
28.288781 -47.488584
22.433448 26.738633
-10.118128 -75.757053
-18.598857 -19.187517
12.517954 -76.576035
-50.104185 -14.910027
59.370642 -26.806928
-40.766922 11.567969
-32.813266 -27.297148
-16.023245 -72.520515
36.1432 27.726832
5.749531 38.714882
-52.690686 -22.307771
