//Synthetic=Synthetic_01229_J50

J=50
MT=20
Vd=2
Vv=1

p: position coordinates = 
0 0
-37.328646 66.719091
-43.091663 60.161028
-40.143621 56.407515
-44.539591 60.447102
-70.533828 12.323358
-35.831205 68.888412
-45.755008 56.972477
-71.537099 14.825858
-88.715055 14.616308
-75.896075 8.263361
-46.013655 62.293263
-75.149779 20.909194
-46.863259 64.132167
-47.64441 56.789241
-74.916029 17.109341
-35.494925 60.926417
-85.585474 17.537852
-42.782666 63.924923
-77.548476 9.353153
-86.292956 13.492771
-68.090259 15.256631
-45.185173 63.175398
-41.114072 63.987153
-53.001882 63.548562
-70.414682 14.360076
-77.79398 -1.841531
-48.633492 59.831322
-37.023721 63.110813
-39.4403 56.735838
-43.228054 65.256639
-64.113766 13.045275
-57.864656 8.815456
-29.340683 60.64153
-38.842928 67.656107
-44.566997 54.684774
-38.778102 63.800512
-76.347209 16.692715
-82.913478 16.136591
-73.273982 23.236637
-38.038507 64.394825
-38.423356 61.486502
-30.774851 60.024242
-32.774989 62.751909
-43.745263 67.928204
-81.54511 10.069703
-44.020612 61.922886
-36.38266 64.939818
-49.377637 64.547279
-34.790768 58.385898
-26.136853 51.99565
