//Synthetic=Synthetic_01263_J30

J=30
MT=20
Vd=2
Vv=1

p: position coordinates = 
0 0
100.021561 13.008364
96.365942 0.618384
76.427387 9.564805
63.556144 -69.615077
75.762279 -49.837541
68.025494 -66.129972
95.779192 -3.401395
85.858954 15.84842
60.369294 -53.229855
75.084782 -78.006153
71.941257 -61.595317
84.816448 15.053203
61.736708 -64.793448
74.420526 19.886426
87.506003 8.479596
101.627247 22.271451
73.795599 -73.60786
69.020039 -72.407232
66.037369 -58.545345
82.368986 10.560273
93.626513 6.410541
52.971793 -61.37594
89.133338 23.467295
69.98818 -47.626712
68.463597 -64.251205
62.35998 -62.667624
80.018317 -64.658029
71.806028 -66.771088
99.954493 9.653764
70.27266 1.609809
