//Synthetic=Synthetic_00225_J60

J=60
MT=20
Vd=2
Vv=1

p: position coordinates = 
0 0
-6.330593 67.562743
-56.404941 41.695215
-76.596484 34.631619
-68.509086 46.833581
-16.611493 79.31412
-65.005297 37.196056
-15.442577 76.769838
-64.419191 46.591067
-72.96302 41.224835
-76.953836 39.606755
-12.928362 69.119222
-14.387112 66.818314
-70.335991 36.501663
-19.580148 70.763217
-75.572872 38.530645
-71.351154 41.260035
-11.090214 64.839051
-4.423226 60.821808
-75.405653 40.382433
-63.095462 40.8701
-16.532443 73.081916
-76.267641 30.86536
-69.116247 45.784832
-13.629222 73.407726
-17.354248 70.053934
-64.09078 47.082252
-68.024878 38.987048
-15.370202 75.291179
-59.870066 42.596509
-13.951001 71.397775
-14.031512 72.918129
-68.830528 35.228913
-20.015149 69.696165
-81.191215 29.025433
-17.32202 76.580701
-56.884123 42.830324
-80.934362 40.042834
-80.159409 36.933843
-18.761348 78.844248
-26.104838 69.220604
-24.322436 72.052111
-68.688633 50.722342
-68.778684 38.662749
-72.088282 47.368045
-14.203033 77.580082
-60.152261 30.875609
0.870945 76.448924
-7.575823 68.245122
-14.565929 75.033014
-14.773862 61.278847
-59.443476 42.840057
-19.028624 80.058834
-64.389827 42.646509
-12.383987 77.351485
-69.740383 52.553361
-59.766023 38.055782
-63.606962 49.455207
-3.693472 82.227811
-63.165205 53.858748
-23.926942 75.870178
