//Synthetic=Synthetic_01470_J80

J=80
MT=20
Vd=2
Vv=1

p: position coordinates = 
0 0
-89.493689 21.538943
-51.680961 67.827138
-78.566263 -44.672378
-85.236431 -15.172226
85.701504 23.968202
97.287661 -1.004152
39.399568 -27.938776
87.751914 8.257859
62.031567 9.351486
51.024815 -42.449906
-54.137942 -73.705007
47.52759 -33.791146
2.847941 34.607101
-44.962015 -57.836022
62.575446 17.528383
-44.047793 -64.250591
-12.201698 32.61313
43.667848 25.374832
10.419897 -71.300092
85.350175 -10.120703
35.628872 18.203206
-40.610428 69.876594
50.089191 -34.792806
-69.101428 17.465067
37.370475 -13.934266
39.696472 -60.371149
38.521703 -68.600646
34.345096 -66.108211
41.369297 37.095851
-94.230214 -5.435756
-11.378478 -55.306083
-61.646827 -40.331498
20.891225 -86.872673
52.180818 -17.673073
-62.304517 13.350757
27.11582 -61.111067
-82.091379 15.727595
-83.91101 36.543967
38.625061 13.887022
47.660015 -17.103604
-70.697408 7.200945
-56.684811 -28.827796
92.615781 18.122163
-58.243346 29.722118
61.01488 -21.243578
47.748347 -71.36735
19.61387 -42.164638
-50.363801 5.201033
3.129379 -62.509804
52.204381 0.121493
-14.128663 46.039556
-35.635924 16.885171
71.44657 -45.126459
-81.256103 42.191374
-64.468755 29.458845
-79.275194 51.672123
78.228723 8.252398
-2.74862 88.907365
-52.129504 -46.621601
40.705596 -31.8048
-49.657996 -58.16956
61.763849 -58.319373
-97.396521 -0.441268
-30.068663 34.410096
62.256843 29.087174
28.417161 -68.985589
81.563176 -25.202512
35.681091 16.101558
21.026035 -75.911964
-27.588685 70.108006
-51.425387 69.164237
-34.654528 -60.533521
-49.451692 -15.240058
27.176507 22.929959
-45.176575 -3.993246
-64.59083 -46.857784
-23.035952 -45.605235
39.671106 -22.747943
-8.479673 50.007347
79.329047 -25.117078
