//Synthetic=Synthetic_01678_J30

J=30
MT=20
Vd=2
Vv=1

p: position coordinates = 
0 0
-52.752529 32.699073
-65.28736 20.940103
-62.833972 -38.928017
-64.926067 26.981045
-43.096113 -34.593831
-71.569264 35.056575
-65.516352 -40.345109
-62.427578 30.118231
-72.084709 32.746409
-64.99339 -36.604842
-70.453348 23.66368
-72.70206 25.978061
-65.223853 -33.847454
-69.985567 -32.809381
-63.741828 31.254828
-60.034553 -34.939327
-68.025238 30.752355
-75.26848 -35.028318
-69.764065 -30.151494
-68.145672 -35.932659
-70.268292 28.386822
-54.078921 -22.338663
-60.397717 -41.930967
-74.172538 -42.032557
-58.275506 24.476188
-69.620685 -21.182814
-56.886112 -27.767947
-70.422723 -32.585207
-57.349556 -41.116289
-56.120053 -30.772272
