//Synthetic=Synthetic_00314_J40

J=40
MT=1
Vd=5
Vv=1

p: position coordinates = 
0 0
-28.838116 -48.288397
-42.593703 4.954592
21.878703 47.893763
3.011756 -5.999724
-33.074211 -39.074059
-10.393498 -34.582547
60.996049 -29.48979
-40.731452 33.452572
37.55362 25.855147
24.830938 34.551322
-23.603344 4.891876
-6.563163 22.148579
61.057663 -22.081304
-8.666323 -26.087186
-32.177031 17.593748
66.126079 -11.781007
-2.523055 -1.426765
-18.87563 -43.662652
43.312137 19.991027
16.729002 4.360408
-56.100644 1.788453
24.613811 -39.538253
8.06526 -51.534013
-3.654865 5.167789
15.213126 45.66707
-18.239629 42.442932
36.265112 13.142825
-7.843159 52.09342
-7.387479 18.036997
2.331393 -27.946762
-39.709451 -19.086531
-5.573397 31.153069
25.260944 49.419394
-45.875714 24.787959
-14.797924 -28.857612
28.753134 24.877273
9.336913 46.467452
33.8192 -33.458552
-26.963448 -57.964003
-1.144647 -55.490151
