//Synthetic=Synthetic_01570_J80

J=80
MT=20
Vd=2
Vv=1

p: position coordinates = 
0 0
-81.110784 42.851714
-95.322091 27.696854
-27.635932 83.682101
-42.958715 79.330674
-84.888854 49.549493
-39.774909 93.389172
-90.728039 38.285271
-35.597404 86.288121
-30.341627 93.327832
-47.826994 89.93918
-99.219676 32.361675
-36.043716 96.789738
-97.496059 28.061809
-31.299743 80.597871
-32.28065 70.071868
-94.39447 38.633806
-16.090525 79.327325
-17.850006 72.664514
-38.96003 80.32983
-34.304108 82.299168
-103.102708 32.874754
-86.248157 43.044717
-39.045043 80.651143
-26.658257 92.020634
-20.449656 81.735637
-34.549846 64.060216
-31.663726 94.876879
-79.06195 26.86073
-31.865165 71.439682
-31.532109 82.651536
-29.294105 84.089977
-40.294667 100.990946
-25.39716 83.159525
-29.90791 83.188952
-31.666561 82.758548
-46.920825 82.812206
-40.891012 81.673231
-88.847906 38.33746
-33.827197 73.082525
-20.526735 86.923116
-84.573966 35.395837
-71.988683 39.851767
-19.801434 83.654332
-29.862453 91.75337
-13.956251 76.619367
-11.602264 77.571427
-97.723877 43.913744
-93.936846 32.874185
-97.118641 30.374873
-36.00387 92.71257
-96.613403 43.410931
-85.446014 36.871946
-32.318687 77.191736
-26.390897 92.09086
-99.950609 42.353033
-94.610476 28.173803
-17.721978 84.782514
-84.783163 39.471565
-83.352293 45.073478
-83.991499 43.068009
-90.607756 28.422399
-31.314274 78.854458
-42.659305 81.756467
-31.42438 79.3856
-99.044937 33.748502
-84.062864 41.112422
-22.01413 83.591353
-45.193176 80.32311
-99.231498 39.671036
-96.946754 32.717338
-81.905446 29.713738
-97.81227 36.832678
-94.019515 44.425199
-95.692899 28.099651
-22.313865 80.651933
-94.327326 41.019315
-47.000733 85.561347
-96.392691 30.910755
-77.701 31.135273
-36.646287 76.69043
