//Synthetic=Synthetic_00784_J80

J=80
MT=20
Vd=2
Vv=1

p: position coordinates = 
0 0
5.455988 -16.579946
-35.956295 62.349958
-18.700483 55.496682
-80.343965 50.269612
-5.516544 0.15097
-50.536589 33.319961
-2.008625 -8.111259
-9.257723 -28.979494
-35.872304 49.250956
-48.058814 54.476667
-13.599069 -11.792394
-9.143994 11.586136
16.165987 15.784912
-49.449121 -38.470097
-60.600685 22.115391
28.025839 22.516896
12.166097 64.838836
-15.929835 -9.357927
-59.626825 26.84585
-42.677884 17.944287
-6.88261 62.949317
-64.785605 24.700455
-34.371506 46.911232
-2.137206 -14.956285
4.448461 77.550199
17.368843 -5.693618
-33.369663 43.054092
-34.667894 59.232585
6.965027 32.87703
-22.616451 -26.272907
-65.719692 19.697586
6.505084 21.328451
-27.259729 22.391074
-12.757532 11.974369
-38.053603 -31.201881
-59.442862 5.037763
-46.932969 9.101378
3.321846 19.64847
-53.764756 30.40196
-63.459903 -8.228959
-6.650204 -1.219853
-19.36661 20.340491
-22.702579 49.703321
-20.464005 -32.567768
-10.940598 19.040902
-44.613233 42.440836
-42.479638 39.539546
-43.555269 41.092204
-32.429538 4.426609
-36.058862 16.641489
16.297765 33.154517
-54.737144 -35.674562
-60.453217 -22.873326
-27.412856 23.473004
12.531206 16.188022
-48.035237 -13.231324
-18.406585 -21.801033
-39.834898 -6.797323
-56.63966 -17.24669
-9.111848 3.992911
18.473605 22.038816
-1.404078 12.884296
-58.668094 29.472908
-80.959719 27.236738
-58.333269 54.292449
-48.788155 -35.19762
-20.246529 2.686395
-38.849916 10.888371
-22.386396 34.825728
-55.580043 -37.774375
8.52669 55.980906
-5.575918 48.822716
-26.417769 16.588814
-0.62674 37.540124
-42.231139 -14.598225
-3.611254 48.982935
-21.854545 28.845508
-74.593351 52.111924
12.387062 5.595431
-63.665969 3.660224
