//Synthetic=Synthetic_00400_J60

J=60
MT=20
Vd=2
Vv=1

p: position coordinates = 
0 0
-58.714097 71.373379
-99.703439 9.935538
-54.252865 77.889672
-53.015193 77.385672
-91.280651 15.375897
-62.52614 81.837999
-94.918931 3.410244
-52.45114 76.979777
-54.676422 70.255215
-66.619552 72.75666
-64.757601 76.241988
-44.815947 82.751762
-60.919514 69.623507
-48.027741 87.966936
-44.278048 79.030646
-48.793016 80.534763
-93.153577 19.4561
-47.214307 71.349458
-59.952377 68.89209
-36.795588 80.956189
-99.941534 19.334142
-97.394729 18.29661
-59.259908 79.360564
-71.872782 68.378387
-106.149594 7.680262
-65.294067 72.902724
-36.182298 87.920895
-61.430946 75.27952
-61.733096 68.605792
-40.255423 71.094269
-56.028598 66.159088
-102.652345 12.521813
-51.68826 70.026608
-96.109078 3.734633
-50.540435 88.592122
-51.881897 73.775224
-42.688859 73.809733
-47.918359 90.199163
-46.404004 75.071368
-49.933756 71.943491
-55.772911 81.286189
-57.856327 77.639534
-71.899574 72.786102
-62.072901 69.409585
-85.233469 12.554938
-53.164141 74.786333
-82.016481 1.151978
-67.011671 69.217973
-105.184722 11.802851
-56.021069 83.125394
-54.883299 74.047588
-59.959666 71.669629
-48.652167 66.633525
-70.522372 76.037218
-61.015784 73.074802
-50.610533 75.574142
-58.923853 78.965167
-50.742034 71.036218
-61.888314 76.507332
-98.265644 10.681292
