//Synthetic=Synthetic_00173_J100

J=100
MT=20
Vd=2
Vv=1

p: position coordinates = 
0 0
39.590895 -78.069039
64.810672 -14.054723
83.589078 -15.681936
86.055505 -24.495201
88.779852 -15.232
50.331939 -66.842501
39.838452 -65.041043
96.608809 -17.890446
27.520295 -65.145778
73.197774 -15.522271
32.247893 -67.353248
93.970902 -18.267702
38.903871 -67.443997
48.863776 -64.337716
37.970276 -70.549252
87.622542 -19.191117
84.955643 -22.578579
87.840816 -14.092523
74.726293 -16.648617
76.008657 -25.120714
90.316316 -17.030529
80.63443 -20.886718
29.134374 -55.078142
42.872705 -79.476809
41.114952 -77.280316
39.127945 -76.097293
83.023213 -34.9078
32.115888 -68.174058
44.176222 -77.897959
29.3354 -72.859358
80.459344 -20.149086
40.305822 -76.379018
38.36955 -79.19329
46.869458 -72.493018
87.87252 -26.619618
38.859472 -80.963704
85.635728 -27.8785
35.680168 -68.679617
26.383864 -79.156628
39.764525 -68.884484
32.309121 -73.273141
80.393107 -24.505836
84.420534 -17.208755
52.769386 -72.18416
43.120792 -73.110001
37.615009 -68.52211
38.37366 -67.555034
25.677808 -64.149767
79.130078 -23.276305
38.475686 -81.617689
42.694328 -71.862924
37.332314 -55.690948
33.736648 -65.364261
32.094852 -82.883468
50.688637 -79.358011
38.115687 -79.741468
45.605233 -74.706352
70.770971 -13.290958
46.55172 -66.853928
80.395718 -17.618409
87.278457 -25.666968
32.547331 -72.593821
78.331212 -25.619664
75.298659 -8.602016
32.066714 -67.131888
81.116683 -17.118878
79.622276 -16.585044
40.741099 -64.965124
40.592381 -81.645053
84.364272 -31.459674
91.217531 -22.033757
84.501148 -9.855435
35.603794 -66.110909
76.007231 -35.186481
78.603556 -12.887407
79.169837 -29.275247
39.542325 -83.810933
47.747829 -69.725484
41.490362 -69.165322
81.001015 -20.69304
88.876682 -16.934694
68.007538 -12.788835
66.572929 -21.847475
68.505324 -14.332071
45.973384 -74.381116
78.024568 -16.773087
71.183544 -16.575857
79.398735 -31.325199
21.21569 -65.571693
39.339079 -71.511979
78.250133 -26.462922
85.279534 -19.597569
46.85743 -82.342824
77.509212 -22.917646
51.651618 -75.05023
40.961024 -74.726769
40.968328 -77.395577
79.990331 -12.33922
49.424863 -77.213314
86.761846 -22.205815
