//Synthetic=Synthetic_01152_J60

J=60
MT=1
Vd=5
Vv=1

p: position coordinates = 
0 0
-7.540412 31.550041
1.163503 24.550349
-15.812571 15.798457
38.812012 0.677578
49.84656 11.289299
-5.062086 35.450858
27.330863 20.322849
31.039385 21.801978
29.651063 34.189936
23.143529 21.773209
-17.439015 35.683286
29.828553 21.894941
-11.223387 21.186258
3.109317 31.395322
22.767769 32.847876
15.880984 7.271034
29.721762 26.529629
28.874105 15.67902
32.373351 22.517912
-6.990436 28.973858
24.741739 28.85138
28.088304 25.838188
-7.721874 35.609411
25.039672 27.454385
36.092996 16.633675
41.604599 14.024003
51.418338 7.386734
49.134792 16.716
40.539147 19.493694
41.034149 17.544218
28.376711 25.482614
21.878851 26.275796
-7.951372 32.083417
51.424542 15.517367
-3.72469 32.498292
43.808637 2.594978
36.423337 13.384616
3.982641 37.252536
-0.86261 24.021902
-3.066007 38.740031
40.467196 8.868551
-4.506341 35.089318
55.207019 8.850593
50.305465 8.729619
46.418198 20.116582
47.336933 20.631416
23.518892 18.9562
26.746011 25.108101
-2.247256 39.552712
26.482103 22.942167
-3.725835 41.669421
35.304231 5.54554
-4.475766 23.773391
19.528169 29.751394
-1.645992 43.39484
41.26858 19.129389
48.39428 1.397733
23.594089 29.443179
26.516577 22.006325
-2.408762 32.055903
