//Synthetic=Synthetic_01987_J40

J=40
MT=1
Vd=5
Vv=1

p: position coordinates = 
0 0
53.180742 -19.486052
14.590487 28.662346
40.151633 43.949381
2.90758 42.713362
-0.529882 -6.618037
32.755362 20.257151
-25.50992 32.150715
-16.832196 -16.611929
25.610423 7.441069
-25.03609 44.232637
-43.701097 39.475382
-46.218319 10.718985
18.813866 44.120527
30.393162 -19.733423
26.529154 47.478373
33.415051 -7.639311
-36.574404 4.14254
-25.366722 43.610236
-43.082926 -17.755459
-38.464825 33.15071
37.153255 -8.230573
18.561384 -15.075652
-7.90278 -14.713656
6.602748 34.854363
0.160402 3.110358
36.981367 1.586988
-10.938763 -19.906398
-34.209892 20.768226
-46.968678 -23.219567
-42.170021 -2.836052
40.240212 36.000196
21.922304 32.28641
-30.165765 -43.469106
-17.651391 6.527727
16.147151 27.354099
-44.958505 -37.461708
-49.700729 33.313154
39.215565 21.940624
-50.367101 1.440645
3.339506 -16.510681
