//Synthetic=Synthetic_00887_J60

J=60
MT=1
Vd=5
Vv=1

p: position coordinates = 
0 0
29.345422 30.261094
-30.135276 -48.311937
26.665728 -39.348656
-27.275411 17.704328
24.051051 2.840712
-59.801866 -16.24151
-4.406972 -46.478534
-7.756242 -11.573967
-52.365855 -12.744405
-7.692788 -14.699197
-18.936038 -31.707659
-50.960966 35.451367
38.23552 -16.831177
-3.27218 -11.407488
-16.563064 -32.93782
-51.235101 35.828356
-31.212553 -30.302727
54.58301 -44.444046
14.974751 10.577124
46.42851 -49.586036
-7.396798 -45.241252
-33.302788 -34.05013
14.117349 -33.727
-3.483255 10.520053
24.521827 -40.788988
46.861586 -41.227173
52.793618 -2.202398
-20.985603 -38.159178
-4.48524 -19.600999
-8.293126 -12.306423
-6.621926 -48.268969
-18.162359 -6.628476
-22.714452 -6.53886
17.66029 -45.702375
21.928776 -40.221563
-33.569437 40.101667
-54.026919 -20.236375
39.366298 -11.277438
-21.869633 -31.672689
-39.061989 20.264883
49.977017 -1.147245
8.649449 -34.924056
-30.444502 -51.025102
-34.891262 43.726053
8.42273 40.756686
5.604119 39.206307
43.342713 -39.601081
-60.691762 -28.749389
11.626242 9.803163
34.29528 -2.187647
-0.914406 10.798654
-37.452535 44.96819
18.835831 -18.378695
30.602888 16.074756
-15.789982 -34.628771
53.793243 -44.233557
10.427672 -34.354551
53.093383 -47.953268
-37.256301 42.037113
-26.311854 15.30355
