//Synthetic=Synthetic_01351_J100

J=100
MT=20
Vd=2
Vv=1

p: position coordinates = 
0 0
92.536609 -27.21493
-79.123244 -28.229394
-18.588363 -99.300174
-75.329173 -34.853699
-9.837489 69.739738
15.38216 -71.618036
-28.630246 35.086315
-31.362713 -16.207242
-46.038114 -27.547462
49.893128 59.910274
-81.464124 48.756191
-53.119306 77.806387
-85.624968 34.813706
22.813782 61.229463
35.616196 34.862094
4.911214 -52.36005
-38.563076 -85.171488
-20.891378 43.754187
3.579602 44.238769
61.327776 11.596119
10.373605 -76.187455
8.883129 -62.466562
-61.460751 14.452563
-41.413296 6.079796
72.173484 49.572405
28.878264 66.905397
-29.978947 -41.806762
-42.7989 -92.094241
-62.391464 -55.828943
80.148626 -23.690777
-16.007226 -78.002131
29.869516 46.756185
-15.788354 63.052341
-94.211764 35.133253
69.831042 -64.727866
-4.607034 47.423089
-30.499711 -30.826716
15.074359 46.830488
-39.93077 -31.530464
10.435179 -67.051131
-83.490893 57.416678
9.261895 -69.218266
-46.370199 73.756481
-62.520788 57.658914
49.006939 -40.004359
-74.012655 -28.610307
-77.51253 55.686445
84.646085 30.83952
26.103808 -27.161514
33.922012 19.245401
-38.911325 -73.786404
-88.04386 20.567685
32.815532 95.457728
-42.54225 19.02297
30.901922 -36.942401
39.802128 95.447283
48.569962 -91.043383
42.545958 -5.55371
-1.500301 77.235238
96.327258 -28.248907
87.924706 4.100995
38.31732 13.535073
-25.499255 93.30104
28.284569 -34.558474
76.912937 -59.167631
10.525477 -71.501737
22.848184 101.377907
-18.075109 52.349037
73.200347 59.434591
-89.521257 25.864847
68.484072 -28.260855
-24.107015 -63.244086
31.423638 -25.314994
-9.450217 -94.326746
58.412925 82.531204
-66.437468 -77.874524
85.344771 -54.386091
-38.3356 0.619166
21.296419 70.666448
24.77058 27.307843
-85.251258 -9.279185
-67.634797 -34.617432
-36.593348 -88.79602
42.831405 -2.627242
-59.421052 55.212585
38.687217 -90.486185
56.856065 43.00711
-29.171671 54.315876
38.763414 16.578296
-95.253364 12.399703
72.489457 -54.038064
-1.820966 86.341323
-18.288904 -42.543657
-67.744554 -59.31951
-11.961896 -71.72053
17.063269 44.173056
-15.554556 93.731847
20.686029 39.276452
39.486856 -68.429888
-34.306958 30.291271
