//Synthetic=Synthetic_00708_J30

J=30
MT=20
Vd=2
Vv=1

p: position coordinates = 
0 0
83.975634 35.451091
93.236427 29.538671
92.008314 59.038326
-4.60366 60.030334
97.672511 44.930378
70.674138 41.872082
-43.789775 57.073246
88.115036 54.816507
9.066889 63.868117
-19.400013 46.425396
98.355212 32.410193
-52.451417 35.287932
8.63855 64.610662
99.584411 29.960291
-3.36507 70.279725
-56.222451 33.46188
15.610341 62.183316
73.97719 59.17394
63.146645 29.576524
-20.622671 33.770726
14.803843 57.425393
-45.753298 52.099898
84.776349 43.026183
0.998344 62.943475
-49.563517 47.418306
15.381997 40.311029
77.125816 32.947218
-1.362123 63.02204
1.774852 40.684194
19.137861 62.719342
