//Synthetic=Synthetic_00013_J60

J=60
MT=20
Vd=2
Vv=1

p: position coordinates = 
0 0
-12.089915 54.891811
28.575173 43.230434
-12.077795 65.868191
36.913499 12.002732
40.312713 17.933388
58.818649 44.653557
-16.573791 59.663963
51.680678 29.686086
29.108207 11.655038
41.160258 9.5884
50.71417 34.816223
-7.506412 54.869666
39.175555 27.398921
-11.463529 58.165776
-1.356231 60.666271
49.985016 8.278721
-26.021096 67.929866
40.684513 33.569854
25.189532 15.280667
0.547692 53.270569
32.985472 9.306788
37.397839 23.232522
61.718133 9.09701
38.438504 1.615438
43.769664 22.110255
28.819141 27.583805
-23.938292 50.950585
47.644865 17.377568
33.088884 -3.495233
39.667391 13.627303
-23.529995 48.050325
-11.379152 64.537733
-10.768663 61.620176
46.191622 28.098271
47.245359 14.116784
41.380215 5.965861
-25.24489 55.760851
43.850979 25.23858
35.365901 35.346058
41.366289 14.042588
47.676454 35.009903
24.605554 3.647671
45.721569 48.276194
44.696226 20.362221
60.757556 29.027911
-1.369042 50.840082
25.460001 11.919286
33.231174 16.71606
57.010528 26.536818
50.844926 30.584125
45.370823 18.513118
24.170715 3.192193
34.262294 34.089633
-20.010754 61.157331
21.426653 7.729321
49.683909 34.405502
31.213378 15.275231
-10.831812 60.029924
-14.152815 60.444115
31.209378 14.375314
