//Synthetic=Synthetic_01611_J80

J=80
MT=20
Vd=2
Vv=1

p: position coordinates = 
0 0
67.570571 -7.348623
59.235722 -12.381187
3.58305 -37.36953
8.588875 -38.37229
20.402251 -38.697545
-1.681883 -25.605586
62.71804 -10.030092
74.208458 -13.044178
20.60604 -44.260209
12.877142 -44.377385
42.438445 -11.462369
69.164989 -20.196861
69.2911 -14.437477
52.913174 -3.680014
12.921636 -37.964495
62.039403 -14.39563
68.834389 -11.670033
13.598171 -42.828215
9.004179 -29.498866
7.299551 -36.355717
6.386675 -32.17231
16.719856 -41.228662
66.568022 0.036676
10.082534 -37.450848
63.189534 -18.880433
11.019965 -41.508132
6.581001 -40.072801
54.053905 -1.7535
55.223693 -18.09679
7.043654 -32.256308
46.384141 -8.710516
59.94857 -12.330351
-3.823893 -55.913444
-1.049686 -30.237057
8.392056 -43.748656
62.072204 -16.378107
5.578637 -35.277647
1.898287 -51.596422
12.914324 -42.455805
68.701421 -6.672337
62.009946 -7.057539
7.098753 -43.468355
1.546539 -40.787617
63.249538 -3.801627
13.53502 -30.997429
15.153496 -50.970303
61.211304 -15.878262
8.57203 -42.022811
17.584405 -48.261999
67.602376 -7.212166
-4.153404 -44.333951
2.765286 -37.460257
17.740004 -34.273242
9.08643 -43.836583
31.130252 -44.485702
12.932506 -44.586321
60.077976 -10.40015
15.701955 -34.931665
19.084762 -56.372432
66.59006 1.440464
70.781533 -12.648017
68.686966 -9.078876
62.289873 -10.827461
5.455549 -38.623591
52.831861 -5.655661
7.498323 -28.817933
56.775532 -11.046807
52.572047 -1.110766
49.631282 -7.78524
15.870328 -43.261321
17.073994 -52.053787
63.298822 -1.304166
11.285624 -53.150833
15.468896 -42.240659
69.348427 -6.479928
8.230965 -42.755338
75.141686 -5.266317
1.115236 -43.09277
74.999215 -10.240051
59.218596 -22.233887
