//Synthetic=Synthetic_00818_J50

J=50
MT=20
Vd=2
Vv=1

p: position coordinates = 
0 0
22.181412 -41.176289
10.890252 16.908188
18.011941 -42.891194
-6.075097 -18.135514
-17.360317 -5.217086
32.06506 24.746822
6.478723 -50.241093
56.342992 -41.242694
28.437631 -48.511475
57.172569 30.341688
0.379976 32.880456
41.958097 -11.482809
63.419809 -4.121465
-14.372136 33.406125
-29.879655 -15.912388
-21.989066 22.683218
16.11139 -43.826404
11.89669 -23.460184
11.077578 29.159972
8.857504 -55.632948
-21.939367 -18.491556
26.659683 20.063484
19.561576 27.883146
37.279876 -44.557478
40.226675 29.644727
37.515412 -26.30118
62.83702 43.423986
41.669783 -52.41572
8.528155 -13.166608
19.549845 10.311217
72.067875 -22.814765
43.443107 19.825027
68.482009 -12.588627
63.216561 1.617046
39.250753 46.339806
39.016621 -40.27022
-15.425758 1.526148
15.812131 29.153293
-0.900162 28.33953
48.305851 39.811058
58.329819 -33.61815
39.93172 -21.088438
54.854929 -34.349553
32.265368 39.502677
-4.640341 -49.185198
-15.07323 32.411266
8.005895 6.987751
55.838143 -10.540095
27.841874 24.198933
2.263015 29.00258
