//Synthetic=Synthetic_01679_J40

J=40
MT=1
Vd=5
Vv=1

p: position coordinates = 
0 0
-52.716578 -12.154548
-15.969573 14.237073
-1.022144 -5.897683
34.507509 -15.718009
38.059009 26.056146
2.057551 -14.19759
3.329044 -7.13018
-2.92474 22.965197
18.250673 23.444385
11.906428 -47.551417
19.935618 38.340539
-38.888423 -17.905828
-9.327273 -36.649266
-19.1739 9.779856
-25.539716 35.396063
29.698632 24.206673
26.481341 -44.539373
0.750532 36.987865
-50.504307 -10.461148
37.373398 -27.260903
41.377211 3.080679
28.172721 -41.970077
24.382025 -11.185175
9.859194 -2.237378
44.499321 15.491322
8.63883 -48.53801
-9.308058 -28.10943
38.192769 -6.51547
36.045571 -17.181504
-9.321123 3.376503
-59.42992 -36.230321
16.555365 5.730414
-26.785101 39.42225
-38.740901 14.515138
8.591934 29.444315
-30.325474 52.482241
3.668446 25.515976
47.525276 0.655679
43.373055 25.241783
-10.353873 -33.942107
