//Synthetic=Synthetic_00895_J40

J=40
MT=1
Vd=5
Vv=1

p: position coordinates = 
0 0
9.752219 -20.527546
8.905452 4.945958
43.862699 -26.678189
-10.014372 -10.859355
-28.138467 7.866785
67.656622 -13.550393
37.853402 19.814136
-26.592554 -4.197322
24.187521 27.148097
39.617716 -4.916898
16.231856 -8.898565
-46.072536 23.629239
2.926506 -8.240394
16.375442 -25.920555
-9.035647 7.542637
30.173018 26.56153
1.423298 10.76761
23.592523 45.012203
-48.35442 12.7564
31.022188 5.520709
-58.912421 8.163949
-40.290989 5.212109
21.19875 25.89593
31.348717 -27.873632
-26.771922 -23.743348
-4.726755 -21.09499
15.030573 -41.221402
-10.333268 11.889157
7.757272 -43.223573
10.940717 43.185042
-11.744664 18.547711
-15.710708 11.962355
0.61092 15.591081
49.659692 -5.686978
14.845282 46.079557
-41.208629 16.266069
-8.458616 -53.079309
-27.211051 -3.583064
41.467745 -3.732704
-24.148282 -38.74566
