//Synthetic=Synthetic_00297_J100

J=100
MT=20
Vd=2
Vv=1

p: position coordinates = 
0 0
13.485452 -81.088458
-40.126758 -58.753325
-41.998364 -67.253976
18.365312 -71.052992
15.354525 -62.607154
10.586097 -65.22915
16.183108 -82.113098
-46.285573 -65.230329
8.311357 -79.300494
-54.181813 -53.04617
13.711278 -61.951011
-46.251424 -59.305803
16.194048 -74.324353
-45.565235 -65.212447
-49.061947 -53.488625
-49.022458 -60.712265
-45.232226 -61.995171
-59.858074 -54.376781
15.801544 -75.893916
-44.266695 -64.919119
10.684898 -75.091134
16.177426 -83.521242
10.015647 -66.288168
7.459857 -66.04464
-58.898515 -57.704012
10.1417 -64.543815
13.139727 -71.113413
14.845868 -78.143675
11.37701 -76.842767
-43.507677 -42.785651
17.940933 -76.023636
-56.334392 -65.25834
-49.65129 -61.883073
10.470541 -66.171549
-55.007658 -57.448795
-43.850047 -65.590912
-48.17289 -44.322519
3.962465 -73.31444
11.004561 -70.770326
6.927959 -63.975782
17.007593 -59.781625
-45.662484 -55.672868
-50.884484 -62.457659
5.217138 -75.577033
16.939253 -75.877055
-44.099579 -61.41636
8.059762 -70.287292
21.457871 -81.012553
7.413196 -66.704716
21.013193 -82.858997
17.673505 -68.957543
-48.893585 -59.084784
-41.073375 -48.921035
20.75489 -66.852767
17.963218 -63.517623
14.649979 -68.737154
25.182873 -64.913377
10.8634 -75.478315
-55.663939 -42.789724
-54.723655 -54.66222
-38.709055 -45.959009
21.700188 -74.10448
16.387017 -61.433745
12.797429 -71.932259
14.252945 -58.328593
23.723106 -62.792239
-49.595309 -43.168185
20.59172 -80.490523
7.054581 -76.58069
-45.227091 -59.697495
-41.858927 -62.639927
14.206354 -58.931575
-53.292907 -59.835981
16.027191 -71.125902
-55.063819 -55.402032
13.244525 -65.279185
17.719029 -69.898386
22.778079 -61.909572
-61.102367 -59.742425
-43.054156 -56.055887
16.044642 -59.383782
22.287899 -69.761512
20.318375 -61.169052
5.622454 -65.002184
8.471029 -67.080843
15.456527 -69.341682
9.891188 -67.327283
16.215088 -67.709662
4.699371 -71.098671
10.875615 -73.762495
22.134014 -73.62473
7.158777 -74.526246
17.425148 -71.486576
9.504967 -68.152638
-60.322377 -65.89668
16.421547 -72.826223
10.267596 -69.712255
18.294122 -69.404388
21.501039 -72.926067
21.703491 -74.864125
