//Synthetic=Synthetic_00779_J40

J=40
MT=1
Vd=5
Vv=1

p: position coordinates = 
0 0
-49.362938 29.755955
-32.256856 -3.419523
2.32416 -67.205933
-7.528981 63.75101
12.897381 55.732643
18.982054 -26.336932
55.822076 -9.240741
28.738539 35.138805
-35.612139 24.766008
3.019283 29.509785
-0.505328 -28.112396
58.881252 -29.253573
1.761692 43.309062
-45.734863 -43.688188
50.047233 -26.712523
-26.785331 -47.077484
-19.091753 32.519718
-4.795702 -55.581679
68.897322 -11.271702
67.308305 -10.124828
-19.228171 58.97261
42.231045 -54.5051
-43.330173 53.518728
43.100871 -49.626399
6.47193 57.486502
-28.122421 51.21635
-50.103911 -21.003164
67.455068 -8.864096
44.374455 -12.266369
-56.63538 21.503957
5.292985 -38.247602
56.941158 37.538563
-69.209616 -17.585323
23.475321 -22.540502
19.165078 -35.021709
-26.347267 -14.05434
21.254167 -1.104315
-42.532222 50.40099
-33.266078 -49.204557
38.801506 -14.974494
