//Synthetic=Synthetic_00557_J100

J=100
MT=20
Vd=2
Vv=1

p: position coordinates = 
0 0
93.331326 -27.810592
85.683735 -21.561809
70.912656 -35.9217
90.125458 -41.551866
81.847189 -47.847208
-3.551001 52.555293
71.611692 -46.992873
93.510687 -45.334835
-23.21564 35.01484
77.694911 -40.846497
84.595145 -33.958453
-12.174563 39.326283
3.809668 33.992133
-12.027195 65.820559
74.394252 -38.365864
-27.447103 37.906744
-23.331274 63.568068
75.622084 -33.258847
87.088963 -26.842761
-33.333953 60.893892
49.621681 -45.526975
-17.408054 50.127196
76.707822 -36.661638
-39.894432 49.018638
-30.220076 57.208444
93.742198 -39.746271
74.889072 -47.453111
80.125483 -40.210999
-25.851478 36.357155
89.337866 -29.047726
78.458652 -53.889972
-17.277978 45.196465
87.532932 -55.591587
55.121951 -37.28428
63.129116 -55.547712
82.176522 -62.420911
-27.590893 62.079077
67.331436 -35.934814
76.843528 -43.375428
-21.642615 36.316483
75.156954 -36.048962
68.9764 -43.141604
71.005971 -8.369494
-29.998482 52.959244
-13.309558 48.312757
93.325572 -32.758611
-29.494184 52.452781
-21.500971 40.614705
106.282146 -41.779139
71.16095 -34.347186
-31.271046 14.889633
-7.255327 52.169807
74.196104 -22.00092
65.428986 -41.528819
-32.250189 65.512301
83.993632 -43.33911
-19.210474 59.717306
-15.76001 44.024795
96.961185 -46.893097
82.686816 -57.408759
-24.91565 51.527045
84.310928 -45.756569
-22.111409 58.862186
74.415712 -42.292307
-39.423666 38.519861
-18.794507 67.937449
102.94687 -33.092398
106.225047 -17.081586
-13.968012 45.652681
-19.489487 41.739506
85.674985 -4.628572
-8.076407 49.937947
92.924073 -38.419832
69.906699 -48.16319
70.37959 -43.497965
66.178161 -43.850359
63.457899 -55.656177
-2.14503 60.552828
-5.956827 57.06405
-14.012597 57.446205
84.333041 -36.24857
81.715654 -53.288721
-30.077879 32.443065
77.9805 -58.895747
-18.834333 46.440522
-19.749378 69.880304
-19.27887 57.51323
69.843811 -25.277982
80.001014 -12.81244
81.268611 -40.796651
-3.418026 65.434047
50.742788 -37.689545
55.327793 -48.924683
-27.331994 38.884733
71.129091 -52.201266
-5.4052 44.713492
93.694204 -50.17528
76.755655 -45.088908
-33.882033 50.705207
-20.240954 50.320166
