//Synthetic=Synthetic_00530_J60

J=60
MT=20
Vd=2
Vv=1

p: position coordinates = 
0 0
22.71308 47.847468
11.035463 96.919342
49.34003 -84.219494
51.090034 -74.616054
58.756591 -41.209609
52.855007 43.290257
13.520657 62.251496
40.259932 29.592592
-40.588348 30.945195
7.714215 -84.206582
-73.089823 -4.20038
-53.369522 70.7104
-88.967055 -11.392709
24.225551 -31.293144
72.498633 -13.592008
10.289345 84.184719
54.037396 -73.043426
60.787439 -9.372838
35.206271 31.970014
27.312669 -44.659911
21.310073 49.064463
85.607935 -29.29234
-32.92432 -15.251717
56.060265 19.595991
44.957739 -3.511286
70.746714 -47.289572
-43.109802 -78.951051
-71.833134 21.218411
24.659614 -46.522867
-10.191281 -59.55334
-34.486998 -56.95422
59.685019 -16.968833
51.494153 -9.151475
-55.237786 5.803331
42.543035 4.992761
60.2235 -39.272061
-31.408155 -55.66776
-17.814449 -45.051611
32.071215 -61.543358
-6.556924 -40.795499
85.476298 20.625359
-19.044722 80.410327
45.841545 -78.516793
36.016981 11.304512
8.736126 -95.535536
25.488022 -14.624417
28.819945 38.421177
-12.335362 46.89386
-42.640229 14.539772
-36.120369 -84.623521
10.939388 -91.790589
-34.505466 27.854361
4.10685 -67.706588
35.088803 49.578229
-23.675071 -71.496994
55.455521 72.992152
-5.303409 72.49514
-46.365049 -69.335819
8.447631 79.509724
-22.092283 86.720413
