//Synthetic=Synthetic_01432_J80

J=80
MT=20
Vd=2
Vv=1

p: position coordinates = 
0 0
-4.61651 -26.409414
12.144758 -19.671774
10.855221 -55.673306
45.81699 -7.345856
10.190254 -65.396993
60.945123 -22.93731
38.768059 -74.081099
38.953076 -31.188552
30.747195 -2.609029
28.002249 -43.984525
-5.017996 -67.84265
13.931444 -2.457706
25.301633 -31.950275
49.753034 -45.450018
-7.358139 -2.254226
-24.14676 -39.215368
14.192063 -53.416728
14.152742 -83.370515
8.468621 3.028097
-24.200192 -59.128521
23.475644 5.810661
-6.507157 -55.901421
19.690717 -43.013523
-2.713127 -22.937658
-8.530476 -55.819944
42.132563 -6.425601
-5.005653 -17.145144
57.7734 -25.640077
9.048755 -16.126347
36.196331 -23.611158
29.93441 -63.286993
14.823967 -57.438235
0.135028 -18.530364
7.392771 7.678705
-9.634275 -59.189468
-20.62692 -44.233472
3.258179 -51.197695
9.630967 -23.065953
54.386541 -4.600748
3.546339 -75.483722
3.551589 -66.257458
-1.362605 -4.847758
43.674685 -48.245821
26.375036 -16.221735
21.25912 5.844887
17.422994 -45.350876
22.169344 -17.613521
40.823113 -45.450598
19.049909 -15.441532
13.003381 -15.994945
-19.214913 -33.681334
-9.426603 -47.047716
32.217348 -70.932978
28.801166 -5.77877
-5.978372 -37.9771
50.769328 -48.017611
19.328024 -87.518742
-15.245758 -54.47447
45.888797 -16.812192
14.063763 -53.096186
13.456003 -8.395308
22.111953 -31.623543
47.874036 -42.976669
18.484036 -51.582038
30.741456 -40.58033
-8.597166 2.895464
-7.30256 -38.591627
-4.840851 -18.984144
14.442382 -9.198685
17.828829 -33.376477
33.086771 -58.037864
-27.44419 -56.473241
26.142437 -64.160639
39.480285 -6.829815
38.991767 -56.054894
32.79371 -71.578498
23.44032 -49.285401
48.875134 -6.989775
20.633401 -18.00253
11.386612 -10.883714
