//Synthetic=Synthetic_01503_J100

J=100
MT=20
Vd=2
Vv=1

p: position coordinates = 
0 0
-29.78205 -20.10923
-13.533146 -15.991065
-8.321562 11.202419
14.021376 -25.080155
-9.072214 -23.155871
21.309337 -17.81627
28.190251 -27.950275
-7.872511 26.134706
-22.294639 -29.055102
18.597635 -18.955848
26.047991 -13.309086
17.150528 -23.333055
-14.077462 -25.008557
-14.071477 -28.000262
22.269369 -17.109316
-21.329704 -28.128947
-13.649341 -22.880501
12.792255 -11.58255
-23.940358 -17.785054
-17.394428 -16.474209
-24.989949 -26.884219
-27.458245 -25.261649
10.950921 -13.684455
-27.605182 -22.752201
21.499439 -14.751563
-0.941066 8.656487
23.76697 -16.674994
23.709212 -9.932738
-17.099258 -23.162351
-17.60555 -34.205667
-22.058835 -24.67067
-26.676374 -20.412262
25.534415 -20.521258
-23.31168 -25.735591
-13.549222 -17.285435
-8.044529 17.028808
21.802258 -10.399043
-19.529527 21.742719
-21.728344 -22.636962
-6.646437 29.896119
-25.172701 -25.409561
-11.667041 -32.797776
4.414743 30.205848
-7.837137 17.379163
-14.349762 -21.87527
25.005451 -7.750089
18.033338 -18.186942
17.234347 -24.747512
-23.861666 -18.906439
-0.378084 11.419643
-6.265903 23.933909
-9.516645 23.619448
11.934643 -23.266077
-19.604536 -19.947889
-27.799552 -33.624837
-31.709303 -24.878229
18.591226 -9.850513
17.649235 -10.429665
9.241339 -20.816875
-22.212757 -23.097975
-19.170348 -23.937704
23.468944 -15.401178
31.85218 -15.317781
-6.046076 -21.694773
24.156544 -12.70781
19.52965 -11.659682
-20.879319 -21.350857
-0.044964 27.234808
-11.55378 -28.419308
-21.534512 16.761255
10.276649 -17.47688
-19.931937 -19.173792
16.627034 -15.071908
-26.70966 -25.642545
1.200581 28.491155
-12.005073 20.345933
-13.932603 -26.076844
21.135615 -13.276275
-20.083111 26.559372
22.771403 -5.842069
17.631646 -11.367123
31.2305 -11.529806
-17.154695 19.965814
-9.73973 15.817438
-14.925042 6.206326
-8.142966 28.598492
-18.950982 -12.589341
25.854534 -4.101205
-14.798461 -30.309256
-6.143739 26.209673
23.147979 -13.785893
-25.296793 21.773135
-11.060578 -23.327622
26.724537 -9.858579
16.493939 -26.228673
21.490057 -19.130261
-19.830461 -14.202024
-27.450745 -21.272125
17.875272 -12.950867
-25.073171 -30.83067
