//Synthetic=Synthetic_00140_J80

J=80
MT=20
Vd=2
Vv=1

p: position coordinates = 
0 0
72.082318 -25.491824
19.083721 -80.569022
76.557018 -22.616235
30.505497 -65.830748
68.66611 -44.694149
25.398168 -82.081988
27.331197 -68.445166
19.659699 -71.685542
25.808399 -72.582088
31.629406 -67.543168
70.288727 -48.046221
21.480707 -75.616446
78.63544 -27.585628
60.203291 -26.223693
63.089906 -45.437342
34.849834 -80.809283
30.762558 -70.621014
78.019894 -34.548129
70.979095 -35.966953
33.843513 -74.784964
7.683367 -73.61578
71.152461 -35.450174
72.402624 -35.918136
22.640047 -64.894679
76.16853 -31.674181
26.867411 -72.538124
22.523057 -73.925451
29.111986 -83.911963
77.657053 -31.345349
26.714007 -81.79039
26.029252 -78.552582
17.930838 -75.999072
21.451789 -83.753475
69.08336 -34.601022
68.982504 -34.788018
65.116469 -23.242782
18.710842 -84.13197
34.613816 -66.830536
21.102891 -84.846536
74.355188 -38.319871
23.769281 -72.553353
72.042002 -33.055931
59.59242 -26.186199
35.766898 -77.727764
15.499251 -58.079794
63.010716 -35.456707
54.319402 -27.025686
64.625156 -29.843931
35.043515 -78.889685
82.693064 -21.91866
66.854926 -41.809388
33.558616 -77.513772
63.203124 -15.741797
29.697389 -81.487689
31.175077 -74.186294
61.087713 -28.054554
8.398125 -76.023958
69.150994 -27.791859
70.156269 -37.089826
24.083695 -68.180883
29.4278 -72.797758
22.600023 -77.239593
68.499539 -31.940822
12.968474 -74.964722
53.379506 -13.290577
63.388854 -21.54954
34.063047 -74.902439
65.812959 -32.101139
32.16941 -71.018995
67.056875 -25.974554
20.181549 -69.577035
66.944352 -31.730912
14.013806 -71.73513
72.98666 -27.467865
67.338093 -14.995607
83.81709 -24.436175
71.574177 -35.173157
15.314369 -74.841063
77.631418 -35.321978
69.084441 -31.426027
