//Synthetic=Synthetic_00600_J60

J=60
MT=20
Vd=2
Vv=1

p: position coordinates = 
0 0
11.836242 30.182422
35.762413 -40.06403
22.93196 -74.041275
27.901709 -80.656032
32.541733 -31.246765
19.963189 -80.145404
43.146007 -25.320793
31.648785 -39.554592
10.384752 35.800415
22.922062 -96.566574
6.795276 30.267951
21.255367 37.924727
23.563678 -79.7818
-2.928085 37.950622
39.823508 -83.057204
29.216183 -90.541043
28.921905 -92.638791
26.343135 -71.940677
19.40763 -84.894324
6.378592 32.963895
5.349539 -72.72294
43.677807 -30.018551
16.501171 22.597845
20.587667 -78.409558
34.2673 -35.370454
24.248823 -75.878258
26.480854 25.00491
37.268649 -33.416801
34.695651 -43.363179
0.508508 28.801969
26.515109 -76.964003
30.657179 -30.289019
0.060302 28.042669
15.025873 28.740416
43.100301 -24.766998
41.192356 -32.113055
11.589714 33.974939
21.215389 -86.882998
41.892942 -34.947406
30.209285 -37.532291
34.917843 -41.744997
17.546961 33.606282
17.019364 37.29353
29.684568 -95.229758
25.576625 -72.577777
11.231977 42.156847
12.560298 32.622156
21.95941 -78.730254
25.274058 -73.671883
24.378109 -80.788474
5.462247 33.78288
18.965923 -71.856674
16.62071 -78.989824
31.462614 -37.224579
-0.967196 25.096822
19.787171 31.564903
36.595426 -36.58494
5.898986 27.187147
16.695855 35.163787
9.457634 21.622598
