//Synthetic=Synthetic_01041_J60

J=60
MT=1
Vd=5
Vv=1

p: position coordinates = 
0 0
9.832176 21.519607
46.595504 16.844605
38.46725 4.186503
12.511689 43.988485
12.265281 33.420168
-37.061371 23.252101
15.248637 25.32098
6.439926 42.530501
11.405634 15.95995
-35.629787 12.925185
-30.213158 5.98406
10.48466 33.965796
5.983071 14.46967
47.650921 4.540066
13.754074 44.293416
15.216027 50.808624
-39.630407 16.575205
46.318064 2.654498
18.764732 55.263935
19.805317 52.612009
13.975187 16.236215
-33.744095 24.701232
20.519638 47.811479
9.181487 36.680137
18.157688 7.812655
16.474326 14.526574
18.361764 48.95118
9.321992 14.126126
-29.255699 17.126985
-36.037201 18.726969
10.382378 44.300589
3.168369 3.620014
47.068306 0.844278
17.264625 28.494857
17.101912 14.178623
1.246424 54.117385
17.815019 26.864092
14.093893 13.171882
15.893539 6.060971
22.424056 19.825793
14.074749 10.990866
49.346475 2.584318
-46.657131 15.814108
-37.325098 22.233674
10.075302 16.449249
18.004274 20.795885
-36.045006 17.985284
9.317552 30.143662
-37.176108 26.054449
46.175395 12.786266
7.326931 16.206413
39.416055 0.871977
9.056593 41.656651
6.660559 23.774671
-28.768367 18.098588
-49.784971 28.95731
9.792303 39.632726
-39.67899 16.122345
46.928998 2.886955
-42.210135 29.371374
