//Synthetic=Synthetic_00040_J40

J=40
MT=1
Vd=5
Vv=1

p: position coordinates = 
0 0
-28.066455 6.059869
29.656468 -36.850721
-34.946069 43.73683
-33.626373 -24.203435
29.43576 9.735547
6.39662 -36.900384
-2.086634 -2.041174
-14.217259 -18.200819
-15.380169 15.853416
-35.771804 3.35473
18.99213 -38.786505
15.416846 29.212408
-28.354009 35.913838
-7.421929 42.690209
36.588136 35.514208
9.866609 -45.135251
-37.324448 -8.864211
4.747311 -39.95183
20.652362 -31.331922
-10.29986 19.779549
-21.668672 15.769673
-0.918203 -31.616198
-7.386316 -17.705457
-3.704763 40.841012
3.190032 -20.086847
24.505317 -33.170468
-14.768334 -47.387827
-19.814322 12.957062
-14.313139 -21.186947
-22.167909 -21.378368
16.544844 0.093219
34.87498 -43.916369
36.704509 2.055402
37.744442 -42.753064
3.642635 1.044446
-18.424054 29.065246
17.26088 33.308663
17.982176 22.253704
-31.706223 -38.138282
28.900645 0.800085
