//Synthetic=Synthetic_01305_J100

J=100
MT=20
Vd=2
Vv=1

p: position coordinates = 
0 0
11.92693 -87.687939
-26.83051 -48.496498
49.781367 -53.505908
31.190534 -22.207535
-20.626723 -39.93207
1.767646 -11.36338
-9.615604 -18.96928
-13.969926 -43.102326
-22.686304 -37.994687
40.41613 -52.222847
9.520547 -87.548859
-7.983496 -36.503033
31.48633 0.585965
-40.141388 -47.53288
6.132391 4.42382
11.014063 -70.09325
8.89238 -78.419379
-12.368074 -54.254709
13.77024 -79.855599
32.032081 17.807254
-3.027891 -78.752846
69.43532 -51.218675
13.762173 -65.554288
43.08015 -13.837522
-37.00264 -32.407884
60.658227 -53.739863
-5.978984 -21.914474
52.06219 -6.660019
36.450939 -11.863115
50.292814 -34.751313
40.248613 -39.366969
26.435459 -69.716353
57.3841 -56.781103
-12.618269 -30.761836
8.395509 -93.407249
13.388076 -90.753987
50.916524 -56.819958
11.779123 -48.21005
29.766103 -38.7182
20.449108 -36.844053
22.907856 -33.272625
-13.984436 -45.282302
14.719858 14.030427
64.547154 -60.90866
55.501547 -40.004001
31.821269 -46.85928
64.013798 -44.878113
77.284222 -45.455284
-25.503028 -43.577021
24.651988 -72.622778
-23.385653 -38.435067
32.854347 -54.595608
46.984473 -7.26627
25.106042 4.96594
36.788329 -15.361118
12.331084 -5.982816
45.147901 -47.123101
1.581227 -34.120359
-25.375533 -36.935324
29.222776 -94.265579
-8.882768 -51.177447
18.172258 -47.167647
31.922076 -20.882613
-12.724131 -11.383159
-10.215971 -56.890174
0.392095 -34.289131
3.53297 -25.102429
52.518693 -44.728848
-1.89621 -37.50626
78.26547 -61.598026
-4.257737 -54.905627
42.685678 -22.70097
7.865503 -14.828782
-0.748637 -52.731438
14.400998 -43.370111
-32.437869 -30.457181
6.219807 -34.146282
47.438281 -11.673188
28.156766 12.884696
0.418058 -77.052922
19.723472 -24.349922
39.124921 -7.361411
8.405228 -23.385275
70.854119 -26.42822
30.194986 -9.489481
-35.705024 -22.656645
53.940125 -8.419621
63.605465 -36.800191
5.07607 -2.850198
-9.607016 -33.234494
52.208509 -9.350485
5.657638 -78.586405
24.638926 -51.109334
54.716243 -14.805508
-0.630359 -1.280223
12.09335 -37.997727
-1.295385 -18.641067
81.341726 -33.471434
9.720125 -68.182724
48.559497 -42.678296
