//Synthetic=Synthetic_00385_J20

J=20
MT=1
Vd=5
Vv=1

p: position coordinates = 
0 0
-27.255357 2.667586
17.26693 -46.674138
-19.783011 2.248807
-39.402487 -18.669532
14.941743 -52.986335
-31.115789 -21.912158
-30.240492 -27.982539
-32.150298 -18.371236
16.051132 -47.668734
-24.733675 6.531735
-37.078472 -21.71894
-29.850605 -29.259804
-19.257246 5.466729
15.675959 -44.989658
-27.275263 -19.25863
-38.047334 -18.214958
-35.540893 -20.968266
16.827746 -47.761831
-16.36316 -9.880429
-24.479108 0.8912
