//Synthetic=Synthetic_00767_J80

J=80
MT=20
Vd=2
Vv=1

p: position coordinates = 
0 0
27.185108 12.334642
-29.31623 32.160765
-26.96752 2.921033
-32.643623 11.864751
-21.929199 -9.483399
-8.39641 22.540502
-80.500413 13.222245
-61.195745 23.145554
-83.72558 -6.995221
-7.994857 -49.746225
-21.651094 -57.856107
11.062047 -5.504731
-33.69119 57.537209
-16.917656 -58.92134
-12.147309 -45.347738
-43.093617 -13.811261
11.384916 21.476895
-13.915047 -55.11806
-22.860244 65.091127
-35.903632 36.270115
-67.402789 2.252127
-6.920425 36.911048
-18.417092 -17.242685
-2.170237 12.04831
-49.574569 -20.545277
-85.557318 -5.922069
-63.646854 34.64658
-38.212323 -2.407426
-32.331815 53.875516
-42.717512 46.016782
9.729048 15.852507
-36.880975 -6.134916
-38.399453 -27.97853
-17.613994 12.672223
-45.594213 4.79845
-38.025902 -37.373607
-2.581619 -9.872793
-18.263689 -36.601907
30.864981 8.769263
-30.540307 -54.127783
-49.455651 29.496543
-23.069635 -25.738362
-19.123717 -10.250501
-46.368222 48.481016
-73.855524 1.621458
-37.099012 -17.70116
9.459291 -23.046711
13.257462 -26.203179
-23.171684 17.126335
-82.008454 4.483442
6.333775 -0.516546
-77.979247 -13.056213
23.211285 -9.778716
-49.594806 43.5618
0.694541 18.737017
15.481201 -11.27547
-40.514628 5.086611
-1.250695 38.361111
-34.789536 40.346762
0.997783 -5.088016
-81.177729 9.385124
-20.174224 33.121006
-22.812779 48.360652
-27.208239 -55.851608
-45.26076 35.984086
-48.726908 16.957251
-25.062898 -45.412305
22.66168 -19.947643
-52.136565 48.700325
-70.018773 -19.441055
-37.682836 23.693502
7.017307 -3.918157
-50.234122 -17.237325
-24.009831 -10.308869
-15.899085 50.120648
2.36732 -23.896299
-21.896631 16.609898
-52.751962 -1.866022
-78.968805 5.660099
-63.990448 -0.888595
