//Synthetic=Synthetic_01113_J80

J=80
MT=20
Vd=2
Vv=1

p: position coordinates = 
0 0
1.686912 -35.355115
9.257586 -33.082549
-23.730541 -32.347754
28.231729 -14.99597
-7.919326 -20.227548
-19.601552 -38.16159
21.079355 -24.068881
29.420756 -31.842055
-8.728201 -42.44078
-25.036454 -23.889456
33.712158 -37.022052
-9.110027 -37.201994
29.166049 -31.083479
-7.8702 -36.915757
22.828918 -27.835713
-1.903951 -22.716031
0.260675 -30.187786
28.38807 -27.50244
32.28283 -25.685028
25.531158 -26.043743
33.261159 -27.391294
-15.501209 -28.766861
-29.821775 -27.368704
11.249216 -36.77209
2.723455 -50.597624
6.56854 -44.296567
-8.092577 -51.373699
-25.270661 -21.941946
41.805751 -17.265453
-18.371041 -31.588378
-6.069981 -44.990039
33.773263 -34.831155
8.324929 -28.129232
-7.890675 -28.047118
-1.569362 -33.625817
32.343684 -24.687259
22.046182 -13.409019
28.331547 -16.775412
24.980963 -16.949512
29.347689 -24.036525
19.045957 -22.981752
-33.102773 -39.418096
22.891716 -29.760351
17.774721 -29.894266
-14.892762 -39.703016
-19.620947 -30.789904
-8.582956 -13.240453
-25.115439 -24.140165
2.787514 -44.538662
-5.498127 -49.945386
-9.385888 -31.278775
-22.162569 -23.444503
-35.995225 -26.485129
35.026317 -31.017316
38.016685 -24.168662
18.837776 -29.436181
-25.474644 -33.18219
-17.859704 -34.781945
-15.517515 -26.039888
-5.609837 -32.657931
29.571612 -29.296715
-14.396171 -25.374147
-9.297533 -45.776843
28.797314 -37.348401
34.151334 -29.13426
17.098346 -22.016194
19.413912 -32.470996
21.083951 -41.933228
-12.962134 -25.618821
-0.221079 -30.00921
17.320613 -33.06309
21.117137 -30.591834
-5.832162 -40.151065
-10.756952 -27.650589
-2.966441 -35.976419
5.952539 -46.683593
-32.532152 -29.429437
15.964408 -25.998434
22.680505 -27.244176
-1.563507 -31.857836
