//Synthetic=Synthetic_02058_J50

J=50
MT=20
Vd=2
Vv=1

p: position coordinates = 
0 0
80.327554 -9.456833
91.92605 -20.406315
-8.462278 30.266227
81.3588 -16.847891
-15.942486 -15.987596
-6.138656 -15.986198
3.488051 -19.263495
100.535822 -10.442959
71.86301 -26.51908
-11.401909 -23.928357
-9.819752 25.025245
86.067967 -5.170596
-6.811146 -18.407888
-2.656473 27.174741
-4.903681 -22.439281
-13.242544 -25.392155
74.794954 -9.208827
0.777181 24.914108
-20.292645 -17.984586
77.787704 -21.579047
91.487856 -21.179787
-9.129179 -24.772721
91.045793 -12.224872
-2.351504 -13.003514
-17.542367 -20.365559
-6.197404 32.499474
72.948876 -8.068003
-6.611964 -4.412448
-9.480863 -10.36485
-0.521413 -34.850795
0.022813 30.757708
-16.425673 -26.95216
-5.841813 -17.905782
80.513347 -20.585164
-17.23873 10.734182
65.100669 -13.670036
-6.382992 -13.978168
2.79347 33.821972
68.312111 -18.82428
-7.923698 26.790653
-10.636327 20.560061
0.336736 -14.276472
-0.107948 40.6482
-12.543776 1.023379
-4.370877 -23.386799
-6.6452 -9.755005
83.85034 -11.726557
-4.915256 -22.639013
83.561214 -0.571672
80.456424 -12.155963
