//Synthetic=Synthetic_00944_J80

J=80
MT=20
Vd=2
Vv=1

p: position coordinates = 
0 0
23.18599 19.510394
9.816602 76.429209
25.809623 49.909647
31.470576 -0.780259
-1.581842 60.81429
-6.822436 -2.739049
18.577432 50.670425
1.213321 68.677546
-11.991124 75.597296
16.403745 41.752963
-51.636429 14.234734
19.45315 10.21982
-12.468336 13.526011
-48.164607 51.563292
51.002578 38.861998
24.039984 32.977477
17.836812 18.288939
1.043399 32.819205
3.979158 -16.500716
-17.666944 52.95837
14.542617 38.95731
-2.04112 -5.121145
-16.782581 64.196843
5.9721 79.576557
-18.500019 72.055919
43.519235 35.245306
-32.904095 48.784587
-31.397309 53.435492
-8.959343 9.388825
-40.75137 39.457081
7.767767 16.645812
-26.158973 11.417357
28.141971 54.299277
-44.698862 21.841166
12.530817 33.464605
-5.180694 5.86363
-21.853574 24.994568
11.143008 -13.699396
7.969677 12.881699
-9.059989 43.882231
-11.631308 82.200589
35.48805 58.45252
-45.004403 16.010985
8.137782 27.113931
-35.350561 9.587452
-45.028252 39.804719
45.51267 42.899802
-36.195359 1.698955
-34.740339 59.195567
18.28668 48.565221
22.461121 66.348643
-31.787745 37.080409
-2.859405 -1.991646
-29.11307 11.006876
30.734822 44.293561
31.325768 2.827177
12.006989 7.040113
16.261114 -13.485309
-16.125476 -1.811572
37.418075 7.610397
31.493448 30.083632
-19.657576 45.749516
-1.543092 1.397255
24.783936 -16.627965
22.239161 6.496502
15.90496 51.241321
6.79242 -14.45783
-31.132037 41.858144
-23.876511 24.21603
0.111661 25.365633
36.191908 35.248138
24.702303 55.155017
32.864413 34.77929
-34.63052 58.651137
47.009158 43.468454
18.971906 65.279376
-31.678317 49.221753
38.097389 48.298912
-20.129557 74.176701
19.049893 22.056232
