//Synthetic=Synthetic_00833_J80

J=80
MT=20
Vd=2
Vv=1

p: position coordinates = 
0 0
-24.483468 18.694862
-20.303689 19.137808
-6.52111 29.085791
-11.956683 -40.163635
-19.66831 -29.936795
-4.152884 22.056907
-8.60742 -22.558186
-15.337233 -27.108302
-19.12672 20.553837
-9.695142 18.245879
-17.771572 -30.086479
-6.69257 7.939549
-22.689957 -31.688307
-7.470176 -33.623931
-24.978922 -31.467783
-29.323626 20.342019
-11.525916 -33.171078
-11.009787 15.284396
4.968158 28.263018
-7.050695 17.037826
-28.624397 -24.864717
-12.31179 -37.828935
-18.699298 16.025378
-17.584558 16.896271
-19.395432 -27.212922
-10.63545 10.911341
-14.150688 -37.300931
-17.315246 13.986281
-19.306266 13.328316
-22.863149 13.264214
-17.354939 -37.280437
-9.482788 -27.981184
-0.052464 -25.553884
-10.508808 24.067132
-8.577227 14.865
-16.651479 12.305071
-21.114808 29.740029
-10.788824 8.948785
-24.180781 23.672854
-14.184803 6.299781
-6.917098 21.21712
-15.595894 -26.274935
-17.17394 -25.864516
-8.496781 -36.631968
-20.184759 21.661529
-25.519068 -27.115033
-25.58637 16.661642
-11.395635 -31.780828
-17.118288 18.017492
-23.765605 -24.442257
-25.434197 -34.159133
-4.321214 -28.671914
-4.449626 -38.906679
-18.086097 -32.17169
-19.008457 24.815097
-14.250552 -18.858766
-20.238803 -33.855276
-21.726583 15.41027
-9.858572 28.78961
-6.884452 25.170967
-18.424284 17.528773
-10.923317 16.621769
-9.709672 -20.244156
-8.814321 15.732585
-19.3786 14.527141
-20.422663 19.58151
-20.76853 15.920694
-0.519559 -29.630859
-17.098029 6.197543
-14.105422 10.615431
-1.146837 -22.730398
-7.168674 -31.826878
-12.898191 17.771282
-27.965972 -34.119388
1.590698 17.214467
-15.087166 20.204024
-11.488057 25.366115
-3.61304 -21.656238
-27.330058 20.786342
-21.990378 -29.986534
