//Synthetic=Synthetic_01873_J80

J=80
MT=20
Vd=2
Vv=1

p: position coordinates = 
0 0
12.738834 -12.142471
-8.691374 6.557929
9.851168 46.387264
33.847004 12.404158
51.983162 3.691441
42.750147 -41.729408
57.985226 24.612083
22.497928 -5.452541
-4.293687 -23.541326
71.849729 7.778453
41.28349 -18.161754
11.098505 -28.508003
-24.36845 -4.218694
50.635265 -11.805876
40.446098 -17.303731
35.641432 -47.934261
55.310496 1.012357
46.318945 18.649523
59.818103 -4.472682
13.154098 -29.328397
-8.475 -24.868574
-12.147039 27.278955
53.022348 14.145776
31.917214 41.56604
60.468431 16.791342
42.182498 -29.088577
41.791409 -21.22155
13.403667 55.851123
0.471947 8.099891
-3.090322 -14.304248
1.272945 10.693485
16.850415 14.013099
37.210592 -28.464515
21.811318 30.44764
52.812325 -4.510918
-0.517975 28.43517
50.474188 -5.63684
5.67091 41.814895
7.132149 -23.646707
32.935665 -47.88811
-4.191766 10.251186
74.009043 -1.114212
61.630577 -14.508111
61.068217 27.735546
38.387578 -43.074825
33.305909 6.740665
37.595657 -33.254856
-6.861621 30.451154
40.348573 32.77812
39.372756 26.49837
46.290002 -35.365251
31.082844 -43.142749
22.794243 -11.379473
-6.296435 -10.491553
47.249288 39.539481
63.206169 13.638232
31.624764 -2.764328
6.297228 8.363304
-5.808438 38.735265
49.062031 -13.277117
24.966099 0.885403
27.54577 -0.595024
3.290032 53.561811
24.079735 -16.097246
57.276861 23.533771
25.404081 52.673834
6.913701 -33.483329
57.864537 11.983255
-10.965964 8.479922
59.677862 -9.091729
30.468662 23.159652
16.855663 57.01147
3.393468 24.297671
36.517403 8.818567
78.827665 16.762755
25.637665 53.28764
18.726748 -2.353659
-2.440263 1.210681
7.221114 2.573079
27.236062 17.523286
