//Synthetic=Synthetic_01582_J30

J=30
MT=20
Vd=2
Vv=1

p: position coordinates = 
0 0
-40.764755 -35.1196
29.485964 -29.320449
19.098235 -23.937278
28.246251 -23.48094
40.537096 -25.687832
17.634327 -23.696626
21.85388 -32.383721
14.354282 -38.310219
24.095435 -45.613067
22.588757 -27.586774
28.836695 -32.924799
21.436558 -28.088261
32.373833 -27.984742
23.799515 -35.601389
17.98431 -19.330002
24.297819 -32.580495
17.128628 -41.261459
26.309252 -28.595981
-32.011853 -39.222593
37.47559 -19.257817
40.916542 -37.480667
35.971313 -31.938852
32.710093 -21.788762
-38.086018 -30.468022
18.809743 -16.186006
31.109305 -19.195352
-49.639423 -37.29474
-46.971464 -38.703044
11.916502 -26.153892
29.464633 -36.652365
