//Synthetic=Synthetic_00444_J30

J=30
MT=20
Vd=2
Vv=1

p: position coordinates = 
0 0
-33.736457 -60.183084
46.182591 3.418243
6.698237 17.932923
48.021956 -50.796876
25.092774 -56.950949
26.934993 -65.118889
-51.537805 -7.419226
-49.813907 3.566386
-1.690826 -77.364472
11.991531 -45.287201
-23.952539 -64.998446
-41.361596 -28.945522
-24.603607 -93.335906
-24.223445 -81.785638
32.085128 -65.108588
-36.436549 -25.238823
41.017145 -46.574455
-35.923793 -47.811115
16.850942 24.066762
13.490494 10.033847
-11.021025 -44.878705
-30.578273 -33.184192
49.637083 -65.108261
-34.664334 -39.528273
-41.86507 -0.008979
3.462598 -28.788135
-19.157578 -16.321404
-5.36441 -26.938262
-12.327761 -76.548583
-42.139446 -35.239511
