//Synthetic=Synthetic_00363_J100

J=100
MT=20
Vd=2
Vv=1

p: position coordinates = 
0 0
31.670312 -71.403051
-42.967547 -75.388504
31.822786 -75.71205
54.301529 -78.638634
-46.010067 -78.670649
35.81647 -68.123604
-29.049172 -54.490232
33.738078 -75.349796
38.413944 -76.342899
40.454944 -65.667746
-25.319387 -74.124181
-49.865537 -61.107477
42.272917 -68.33663
-34.086034 -70.788343
-44.685441 -73.415313
-28.419944 -60.672837
30.570633 -74.794139
42.983398 -79.319491
40.951976 -75.370758
-50.58232 -74.631226
38.385327 -56.282414
22.898485 -66.067603
49.325617 -79.097559
-41.501001 -76.91805
26.192556 -73.628546
40.846275 -79.301449
-30.999043 -74.839192
29.056445 -74.447628
-33.463826 -67.462978
34.178909 -67.15613
-33.479309 -72.019203
-48.232451 -74.751864
28.785506 -79.270747
-30.670805 -75.364272
30.161376 -82.635426
28.884865 -84.780921
31.674973 -69.735981
41.927486 -73.816774
-27.566349 -60.885379
33.830584 -76.645525
26.272632 -70.306165
39.752412 -70.05476
46.038298 -78.216229
28.751601 -68.914441
24.50136 -59.760274
26.802632 -75.39023
-32.549308 -80.148023
42.625017 -77.364068
-44.243956 -84.463211
27.861524 -72.006094
-44.662633 -74.433558
30.724926 -72.790945
34.81876 -80.979853
-47.358243 -74.925804
44.210121 -77.752493
-38.698816 -62.440914
31.592403 -81.427971
32.993932 -56.979285
21.717041 -65.685099
-33.480694 -72.130709
-37.958967 -76.58739
43.870234 -77.891693
32.57816 -82.852659
-34.737926 -76.173872
-35.165025 -67.085376
-44.96399 -73.889841
-41.236278 -70.496149
-39.082267 -75.886913
39.93489 -71.221409
34.521578 -78.972494
-25.027629 -77.650945
30.509459 -77.828362
32.514645 -81.436942
-39.983043 -66.190398
28.287172 -74.689251
-34.306106 -69.21435
-40.157387 -75.437968
-38.660237 -79.547921
35.879015 -75.658708
35.170118 -69.689041
-37.848376 -56.41421
-31.982221 -59.885776
-37.611789 -79.082765
-45.928778 -78.583613
-26.550059 -75.013135
-27.597974 -79.687227
-31.849941 -54.789093
-36.95607 -79.215252
26.367585 -84.150037
29.451294 -77.824487
38.711203 -77.389664
-42.157202 -77.411512
-31.623605 -71.818978
-38.45968 -83.349358
-34.078669 -71.103629
-51.786006 -58.930998
-37.623325 -72.223449
30.059839 -80.834172
34.372878 -80.039501
-39.390812 -84.577968
