//Synthetic=Synthetic_01163_J80

J=80
MT=20
Vd=2
Vv=1

p: position coordinates = 
0 0
35.723997 3.604385
34.845851 0.130966
56.357623 -13.872088
34.551508 -12.522668
-12.539036 41.647003
-74.941841 -5.031014
-48.614605 49.121643
12.243344 -73.175583
66.137481 40.744567
53.430883 -8.100321
33.843223 27.742402
11.516129 -47.173851
-2.052544 82.512956
25.664305 72.598199
55.347018 -33.876924
23.701881 32.59556
14.805198 -31.561352
38.796447 -47.254579
-72.015868 5.76581
22.280514 28.648792
-18.557915 -30.909093
-18.937393 72.191518
-32.491873 -38.170795
-27.551454 -66.842678
15.072003 25.461804
-56.520017 43.39957
-21.603194 83.001907
-59.650165 23.972623
-25.876347 14.809132
55.434141 -45.473141
58.667535 15.42076
12.283315 26.507754
41.899062 64.91184
49.24029 15.165747
46.335353 43.174088
-18.928425 -12.521206
-60.476483 34.137879
20.97607 -27.671975
56.485326 41.163507
-19.247398 -39.209028
27.57276 -32.240202
-13.095039 -75.895119
19.253812 -86.44318
53.167068 -39.07527
-66.114665 -33.742251
-15.266139 38.975222
1.419191 -86.287857
46.281252 70.411611
34.50942 41.362043
-52.880452 -0.690339
30.120986 70.939377
27.38311 -26.564913
13.872967 55.252278
6.878428 -54.577284
-46.892612 14.876734
-52.182173 -44.643544
-48.170221 39.431917
1.308704 -73.085322
63.416619 -14.759498
-35.706183 -46.839729
27.092093 -22.18374
-45.178607 12.249642
-31.633107 69.630111
27.858336 -47.258093
12.082254 46.244962
-26.292368 -57.471716
17.829836 -86.875728
48.868687 -1.130047
-4.876 -46.444574
29.26938 35.412979
-16.858961 27.773499
-36.443816 -3.831735
27.001566 75.475699
-38.81918 -31.645559
16.188029 -43.778854
-35.087695 -43.065031
14.225137 -69.515469
-18.112566 48.95009
74.442971 -11.450406
-53.712421 60.590716
