//Synthetic=Synthetic_00200_J50

J=50
MT=20
Vd=2
Vv=1

p: position coordinates = 
0 0
73.53375 40.571726
-104.592923 -24.975533
46.82351 65.289226
-24.338871 52.968663
-27.393467 92.522295
-43.474612 -4.196235
-64.531048 -49.522087
-83.244976 35.22461
-43.82783 -53.117754
35.891369 49.711417
53.151492 53.754581
-82.799707 -11.032944
87.003744 -28.334024
1.127817 84.511652
-59.784768 42.870088
-8.98074 -78.042321
-19.897006 72.384893
72.808189 72.676228
-40.996312 -32.949234
23.080639 -75.830456
24.607807 93.234843
-44.336409 49.13149
34.494678 66.159942
-97.810331 -7.146146
33.762284 -26.197209
-76.431109 30.334128
72.72774 12.350691
-65.441807 32.334175
108.036906 -18.541596
66.045056 40.878527
-39.263861 -29.678873
-81.361592 30.118428
37.686882 -49.385435
17.29434 95.276396
47.067264 69.82723
-37.306061 -10.140464
-41.808933 12.86089
-99.391349 -41.638713
53.480087 -7.790752
92.37523 48.100653
53.186338 8.469072
42.821586 -88.510795
56.834482 -64.326284
93.145718 -33.91909
37.58159 75.731141
88.395722 -23.635522
-30.256003 -83.980022
92.156626 23.174623
38.568013 -69.725859
-46.300597 -79.118363
