//Synthetic=Synthetic_01650_J50

J=50
MT=20
Vd=2
Vv=1

p: position coordinates = 
0 0
25.395442 8.484969
-68.896784 -27.42816
28.26987 -2.076381
39.912617 7.82635
40.57173 15.304879
-68.260708 -24.991396
30.674866 7.547983
-19.593076 -19.922245
-14.122308 -29.280319
-16.416501 -23.130372
26.428121 6.977687
-66.042352 -39.173303
25.973514 8.060531
-73.011366 -27.818579
35.324471 15.60403
-19.48606 -30.41781
-22.744347 -30.206425
-67.629186 -28.222369
27.853398 -2.617611
-57.527773 -25.036312
-65.923643 -18.115012
-68.073574 -23.98428
33.784427 8.542362
-16.003959 -30.959822
-73.910233 -23.995443
-63.964248 -28.326702
-11.512426 -34.8076
-83.312775 -32.404795
-25.968202 -20.76464
31.335689 14.358962
-29.982319 -24.455026
36.848723 14.198769
-10.021866 -30.741314
-28.952592 -33.133292
-23.696928 -18.802038
-57.285185 -33.186883
-50.90503 -31.192625
-69.206298 -35.860094
36.924491 9.159822
36.107046 18.050303
27.121121 25.248978
-67.566945 -37.767097
-23.516583 -25.085008
-32.076654 -14.377431
-74.135612 -21.783493
-7.099426 -35.350898
38.540044 23.738776
-22.081775 -29.362655
-65.787116 -26.192992
-53.40427 -32.645023
