//Synthetic=Synthetic_01693_J80

J=80
MT=20
Vd=2
Vv=1

p: position coordinates = 
0 0
-40.240406 9.267686
-50.998159 -18.160885
-66.013815 -23.595676
-45.967044 -9.951437
-41.459568 23.06505
-60.412645 -18.222042
-23.80604 -26.649933
-61.592268 -37.763811
-65.914331 -12.669162
-12.17862 29.086342
-24.794515 0.948721
-16.241107 -29.889477
-48.468889 -6.125878
6.102062 -11.198388
-82.783677 -3.965721
-66.611129 -54.487269
-84.058873 19.81842
-21.596955 -20.118102
-91.115295 19.155378
-25.886785 -31.841882
-36.175292 28.238552
-49.394604 12.111998
-40.693283 15.594376
-30.932673 -24.286373
-26.603202 38.489746
-74.953754 30.582241
-33.732718 -36.886498
-28.968761 16.337893
-30.344213 26.064504
-59.922455 -40.273006
-78.262206 -18.953339
14.734509 -24.262697
-88.699922 -24.776427
-64.732734 -19.218648
-28.368879 22.975058
-18.391407 -27.453142
-34.312766 31.470176
-22.99348 -33.629371
-27.607625 -19.36656
-17.77299 -32.445466
-33.015673 26.53019
-79.94828 2.420575
-28.453342 28.654327
-83.877024 -32.568313
-64.24952 -15.567311
-77.485943 -36.473435
-47.313036 -22.104203
-49.799215 -46.83594
-50.546948 -29.904425
-44.990108 21.284326
-33.249534 -6.901774
-22.308491 -41.048373
-33.570124 -25.989089
-11.41065 -3.807152
-62.876972 11.098667
-72.078215 -46.509323
-39.207656 -9.739099
-22.176086 -28.624102
-84.868761 18.997654
-47.469911 -2.100238
-28.336141 24.595301
-46.516861 -12.1698
-57.588876 -4.110492
-16.060206 29.13604
-39.889593 -41.085343
-74.691615 10.360732
-100.718088 14.406032
-83.850658 10.89458
-85.717882 -25.652406
-79.261099 13.566743
-48.363069 16.425052
-55.373098 -25.557613
-47.644262 11.450172
-59.728554 9.496562
8.413515 -29.820693
-86.978795 -37.126526
-17.556071 3.722877
-27.119071 11.306007
-38.328302 33.156404
-1.566344 6.864402
