//Synthetic=Synthetic_01324_J100

J=100
MT=20
Vd=2
Vv=1

p: position coordinates = 
0 0
-8.723277 78.530757
-19.991896 76.639268
-25.254603 72.10585
-66.192863 33.252918
-58.254132 45.863459
-57.450769 55.941755
-7.02029 69.999653
-13.302462 77.064044
-13.996043 75.402661
-55.13721 44.215159
-55.633225 34.741814
-12.397359 77.979849
-65.60844 37.32477
-2.75138 70.88106
-57.406544 51.108262
-13.340709 77.443714
-58.235219 37.731626
-15.123548 82.372726
-14.832033 73.337871
-9.362578 73.293904
-8.566874 80.625963
-60.305802 39.731316
-7.584238 83.521714
-3.741258 77.419467
-11.452312 64.27931
-60.257307 35.02141
-49.985553 41.851961
-11.214954 83.743045
-12.606938 71.948983
-57.117472 39.255855
-6.41127 71.600384
-54.616837 43.604173
-59.336192 42.425837
-2.787933 80.565703
-66.170729 40.793313
-54.751918 52.017917
-2.567142 67.998083
-55.122227 50.619702
-6.794037 88.418567
-60.752699 37.331407
-8.766472 78.359309
-56.282457 51.042037
-22.17032 71.881274
-55.183361 41.67549
-65.760676 45.257844
-16.627161 80.151302
-60.12128 49.001164
-55.913268 45.03367
-53.389642 47.722636
-9.827931 76.848725
-11.650931 86.052968
-23.619716 73.927283
-59.96659 39.447266
-12.720002 65.538547
-59.240429 49.876133
-11.405172 73.375198
-12.822494 73.753929
-7.361974 80.326225
-20.396764 76.049511
-58.04918 39.248071
-64.173794 42.479026
-66.856144 30.709442
-2.288877 73.741244
-6.348908 84.000119
-15.610785 78.45408
-67.189699 41.027775
-15.392746 68.048571
-14.288482 73.780179
-61.94375 45.702508
-3.932894 62.952742
-63.342732 47.346295
-4.845072 76.781846
-55.608491 42.883633
-55.217576 41.741082
-9.378793 87.354495
-12.504034 72.952061
-58.52533 37.233388
-57.551436 50.038506
-12.130525 73.389341
-7.426062 84.995623
-49.250115 26.484104
-17.84535 76.754392
-52.41313 46.352844
-54.158877 31.936756
-61.04874 40.230312
-57.286878 36.703593
-60.03982 50.962958
-58.355614 43.235492
-63.072011 55.702106
-11.206247 72.873519
-59.129858 42.360262
-13.076589 85.838162
-58.196732 40.852729
-12.665393 72.373817
-18.005532 82.018603
-5.380734 77.39324
-19.366599 82.546578
-53.890242 41.713293
-10.871273 85.191833
-17.907051 77.053867
