//Synthetic=Synthetic_00112_J100

J=100
MT=20
Vd=2
Vv=1

p: position coordinates = 
0 0
57.525184 -73.939414
64.289271 -54.91427
50.607483 -60.844225
66.487166 -71.388577
6.983917 -93.653982
4.04585 -78.412322
58.094193 -45.618019
64.374454 -73.629977
63.912665 -60.220325
-6.706506 -71.072935
6.151934 -95.756887
-4.3777 -91.863614
71.458961 -73.427422
-15.994449 -93.999292
-3.818983 -91.404771
57.765175 -68.458269
44.948096 -71.990374
4.856178 -72.29215
-6.44969 -95.135958
64.562571 -61.961562
68.921625 -65.537941
60.58792 -67.946385
55.1134 -66.341029
58.241746 -52.243469
-1.070868 -105.549498
-4.576816 -88.558862
-4.711777 -100.546716
3.9874 -96.087712
-5.336437 -93.496734
62.091938 -56.026161
-0.279494 -70.513907
59.701861 -46.43629
0.395399 -85.289367
5.090203 -84.326819
70.712519 -60.930937
61.841904 -66.230931
-4.688118 -97.323789
-4.87767 -93.831255
14.039376 -86.951935
-6.81953 -67.711232
-3.171194 -96.074719
58.247346 -67.525487
-6.316771 -91.92867
60.742025 -58.871414
-5.07909 -96.69169
63.331199 -60.519461
7.032859 -100.913475
61.714842 -65.087513
-0.46827 -88.810694
66.575337 -55.049293
72.916858 -55.827518
56.610342 -62.308184
-4.292561 -90.762873
-7.172984 -100.254211
0.29547 -94.333407
7.431992 -97.62266
63.718868 -74.577141
62.183937 -71.368957
-6.399201 -99.228795
53.073189 -72.645283
77.008944 -64.941211
-7.362171 -85.835612
-11.300575 -100.872213
-6.302365 -69.089569
70.352734 -60.667316
61.242675 -63.84575
55.443838 -62.873211
75.279879 -57.867187
3.01247 -99.954638
-3.772034 -83.857043
-4.040553 -82.533284
71.945669 -67.811199
-1.337805 -102.336154
63.519595 -58.378238
58.369387 -61.645796
65.694452 -51.163002
67.014336 -67.202942
6.101427 -104.25774
11.837475 -82.421896
-3.937212 -67.284041
56.307159 -55.876881
63.377728 -57.874952
53.697622 -50.290101
6.808484 -91.693792
68.901375 -68.513737
58.030425 -64.426644
67.99707 -54.44418
-4.494395 -99.367987
-2.506723 -83.090918
64.916023 -74.27731
-3.268154 -93.457659
-4.274921 -84.62981
11.972285 -90.433339
6.806199 -89.634029
61.217823 -53.282327
62.77431 -69.929558
-9.455448 -86.654618
59.809506 -69.106012
53.454125 -65.117297
4.978924 -103.122999
