//Synthetic=Synthetic_01267_J50

J=50
MT=20
Vd=2
Vv=1

p: position coordinates = 
0 0
-3.7972 44.501648
-29.029882 83.073291
-35.989183 6.129718
-12.164919 65.511351
-4.703065 74.042503
37.717756 -5.585281
-12.556624 38.781
41.833291 17.353942
-46.117221 -69.341013
53.493822 68.902413
87.939681 19.400234
-36.206183 24.802215
66.287378 -48.029651
-63.967051 36.588367
20.87347 73.499813
-29.222946 -35.524197
83.629717 11.110001
84.432555 -1.194331
43.029249 8.24513
4.741601 -43.43452
-36.074229 -5.454747
67.609357 37.097782
4.611661 42.201942
45.728847 3.970768
-21.916921 -71.927605
-68.49655 -10.397724
-12.95373 79.314788
-45.299475 15.982699
52.705901 42.295399
-72.050255 -32.359428
-65.293374 47.895885
-20.808943 -70.384959
-3.642968 -27.52156
45.508428 -22.456167
29.823841 48.020481
44.831085 49.503018
-32.81204 -61.567254
82.164545 31.768523
85.207879 2.15579
35.0308 -39.125046
64.667281 59.60407
-18.034089 -82.826265
38.604475 51.161582
-36.189668 16.297115
-35.851491 -65.02963
74.562406 2.11487
-31.106872 58.02474
20.20072 35.924647
34.901564 23.201009
20.753021 83.720491
