//Synthetic=Synthetic_01377_J100

J=100
MT=20
Vd=2
Vv=1

p: position coordinates = 
0 0
-8.792844 84.741242
-13.624131 83.559822
-15.063249 99.201508
62.723391 76.935729
56.852317 68.816307
59.518299 83.709724
-3.19034 95.335136
57.191344 75.840173
-11.535848 90.25437
-24.962043 95.87985
-11.572028 105.089688
63.114782 72.764505
52.078982 69.836807
59.760489 73.289985
-17.682943 95.710139
-17.805097 90.774845
50.162992 73.138079
-7.993652 97.984748
63.443452 74.17285
-11.214448 94.847053
61.064911 57.519389
49.022882 69.467714
63.045978 68.387122
47.86408 64.351819
41.381823 69.885294
48.381005 73.309784
51.889183 77.245046
-10.905482 91.482112
-16.18557 92.119126
47.763641 74.696968
51.392124 75.302148
54.321574 61.338915
-13.167735 91.285538
-18.681262 92.311469
-10.531969 90.826098
47.436045 90.711234
-10.66517 90.097535
-10.179416 91.567509
56.130101 77.294045
-14.935344 93.024959
54.73757 81.621317
-9.603623 90.257575
52.350909 73.255491
-11.570381 87.823134
53.390462 77.941829
-15.949501 88.303685
-16.882704 90.127753
64.090042 77.947319
-20.320596 88.478005
-24.544905 86.742926
59.093024 73.182495
64.247433 81.994631
-12.094908 94.68165
52.204531 54.81011
-10.216579 94.630525
53.0884 63.66352
-19.846315 82.827513
46.346087 70.816703
61.709932 72.321105
47.43675 77.503583
-27.186002 85.368646
-24.179047 88.54406
-23.522185 57.997095
-7.457719 84.97773
52.535246 79.888858
50.721472 59.509298
-18.647371 70.55452
-20.409703 88.447023
-16.156291 83.719816
-12.586147 81.357024
-9.850002 94.352974
66.402878 77.481357
57.278255 76.227323
-10.495917 93.001192
-21.715951 87.662651
-23.097227 103.390569
46.862301 77.964097
-20.091285 81.102374
-13.100193 94.272554
-1.949788 92.823156
-16.158631 96.229142
51.051803 76.255517
-9.005954 93.127262
50.795743 75.139183
63.569555 72.522927
45.573435 72.6572
-10.749421 91.978383
-17.92202 89.677613
-16.097441 95.720621
-1.479571 97.379034
-9.566515 83.798843
55.968105 80.352346
-11.673698 86.958982
48.491346 62.175944
51.712138 70.607201
52.23255 78.916241
57.539287 73.607307
60.015621 74.515493
53.941071 82.984718
46.498214 74.532075
