//Synthetic=Synthetic_01368_J30

J=30
MT=20
Vd=2
Vv=1

p: position coordinates = 
0 0
77.877934 -21.541957
-3.656147 -41.315769
88.505249 -4.034956
63.476309 4.369663
83.841131 -6.744946
-0.070331 -16.344351
79.046416 5.315882
95.31701 -27.829201
5.475422 -21.299083
7.359312 -29.539858
-10.07002 -40.159185
82.229606 5.399666
87.619561 7.155599
90.460058 -21.403196
5.965529 -51.369989
79.750202 13.740815
71.299733 4.183515
86.13159 -21.634419
67.004329 6.593637
5.037764 -17.849146
68.871001 -0.72932
-2.793568 -40.798143
83.932512 -21.896645
97.517294 -19.759996
88.375082 -8.412493
67.07475 4.250661
1.675053 -47.271828
2.925635 -37.31597
79.727048 1.33364
61.240095 21.512565
