//Synthetic=Synthetic_00958_J60

J=60
MT=20
Vd=2
Vv=1

p: position coordinates = 
0 0
-52.762007 36.306294
-15.107273 40.265842
60.578476 58.87747
-12.424541 16.049248
19.311644 59.63392
-63.278995 22.124263
2.011484 72.587399
12.12986 33.227679
6.91932 35.143436
68.912236 27.480504
-4.896689 49.578789
45.198912 0.704026
15.560728 84.599398
12.834665 66.250516
-21.182833 -6.44173
64.38231 55.462554
-44.885593 46.198766
-30.744984 75.736388
-67.524335 39.178684
71.195259 56.603153
72.3757 23.897301
4.433818 29.143234
74.835992 22.554004
-18.877684 47.335972
48.839182 66.376034
66.721334 59.409307
-14.748138 41.449703
-28.086081 12.719923
9.215726 19.257917
14.743416 16.217383
-1.548458 46.084419
73.665452 54.155691
7.301006 79.989069
62.441242 55.515266
-28.640893 51.552134
-4.894763 18.459865
-27.227044 6.445342
-11.067281 76.025622
66.078423 67.243785
54.377256 63.267178
21.090996 -27.203635
-44.616461 54.878315
8.446109 -20.194908
-15.652732 62.176393
-15.665531 40.423091
71.941386 27.028285
36.829556 -10.988785
72.501319 27.747997
-24.500242 13.935553
-25.032888 24.73512
-47.787781 43.569301
-6.716228 47.744257
8.139465 -21.786207
-39.885906 26.568709
61.956509 75.857815
10.099787 60.135084
44.588133 80.002152
9.640285 29.287002
-1.105659 49.822871
45.631133 86.188174
