//Synthetic=Synthetic_00729_J20

J=20
MT=20
Vd=2
Vv=1

p: position coordinates = 
0 0
33.866878 3.766574
-3.979447 -22.991948
39.696417 -84.644353
21.229684 -28.928126
6.167909 -100.826383
69.73244 -42.853585
20.326259 -34.726085
43.415286 -67.50998
39.005832 -78.795297
28.557506 -37.320113
-14.926176 -37.67355
15.663788 -29.568142
-39.294893 -62.588773
62.986567 -81.55458
-56.904974 -63.584168
-15.69586 -26.485149
42.463862 -55.926519
2.557025 -30.232773
-30.823168 -69.552422
48.534288 -31.580819
