//Synthetic=Synthetic_00840_J100

J=100
MT=20
Vd=2
Vv=1

p: position coordinates = 
0 0
-50.966041 -46.522898
-5.657593 87.465493
-44.027992 -89.329502
8.404615 30.597552
-24.135631 75.317941
18.821011 -96.432074
-65.859697 55.472837
-8.480057 -44.59426
12.407411 64.962683
27.871614 -30.509505
51.767127 -70.975351
-78.416356 -0.50054
-14.046859 -55.059797
-11.866878 -36.09968
49.950156 -68.161142
75.200252 59.902598
-89.260418 22.129534
11.896145 -48.101781
-55.730232 -2.459159
3.157181 -86.561722
-80.982673 -67.934977
-87.656188 58.769947
44.358592 8.047974
-87.578706 51.570529
-40.32836 -91.738373
-81.606671 -34.875363
-57.717493 40.68926
23.983892 90.290572
4.391639 106.594133
85.839418 -9.613029
-49.04312 -44.811257
23.470883 89.748959
-76.445813 -24.108879
-75.010601 -61.353886
-94.289728 -34.569838
-7.774551 41.387693
57.485861 72.480892
20.033789 -61.290338
29.559215 -44.209846
30.017861 35.119502
21.677223 63.148201
-58.003282 73.674589
65.178271 29.503374
49.94819 -2.244906
-31.934521 38.501143
53.371524 -0.916608
-8.594837 -51.530421
60.970956 46.731759
-54.791854 34.321908
-44.333965 -80.529451
56.042885 64.939715
-93.782641 -45.446166
-104.353682 12.071476
-68.848651 63.111156
-3.177964 -94.530316
-35.700437 56.043195
25.370284 -76.802803
-19.994149 -101.898653
86.000433 -46.087828
-58.182571 71.56417
16.615085 -97.019055
78.005016 40.057038
-5.238817 68.51844
-83.698239 -62.717887
-6.906409 77.217203
46.308046 -72.080587
-43.283663 52.544989
87.660671 15.04365
39.049859 -30.770847
-37.185545 35.872312
-19.3843 56.182524
-55.575788 -88.114523
40.200859 51.987359
-41.458491 15.866326
81.777754 1.550085
91.902916 12.34456
29.565396 79.171567
49.627114 28.902922
-3.885758 36.323448
79.695369 -62.599342
15.993141 -105.443272
-0.220883 -80.263841
71.219147 -39.662266
-72.848014 5.569608
49.413096 -63.988752
-14.2259 -45.949641
-43.859025 87.495692
-78.868527 34.443685
-49.0752 22.871118
74.10169 51.082312
94.67154 28.674916
84.992428 -34.176469
7.313862 -64.176879
-4.486755 40.317513
-51.232257 -11.184015
52.343169 -57.492015
42.344134 56.940231
-16.268185 46.136099
57.017393 79.863987
-30.430716 28.573647
