//Synthetic=Synthetic_01974_J30

J=30
MT=20
Vd=2
Vv=1

p: position coordinates = 
0 0
-9.369045 30.577923
43.675596 -17.750005
9.441305 -1.685637
29.191883 42.801534
27.688812 40.858892
-29.717887 3.227799
-39.974107 3.240476
50.000592 -30.275315
-37.675681 18.638447
-27.556332 -13.706183
-30.606633 -5.186387
-32.401472 -2.989078
-6.223808 -5.33705
39.330391 18.42581
17.567687 -39.436053
40.988696 -17.306441
-20.922294 -7.761081
-6.610381 35.754871
1.089723 -27.146873
-9.694672 -11.306185
4.805598 35.698041
50.170849 17.923078
29.356049 -8.02993
-12.300578 -39.737911
-23.628099 -33.204147
25.303272 -9.879261
-2.868628 25.782403
48.520717 -19.923988
21.481194 14.694208
-10.132441 30.583444
