//Synthetic=Synthetic_00563_J30

J=30
MT=20
Vd=2
Vv=1

p: position coordinates = 
0 0
-21.031505 -40.743369
-27.937002 -40.937196
1.699792 45.410262
-15.648602 -26.756088
75.025011 28.591532
-6.200907 39.253395
-14.380053 -31.356566
60.766393 6.250786
-6.259335 -26.779023
-17.942826 30.643477
65.396228 16.925346
69.067467 24.46037
58.236156 14.03608
-3.544723 -26.799839
76.976335 14.082361
-27.660832 -28.576
-16.181302 25.04758
7.093541 40.803231
-1.15462 36.520505
65.181895 25.143994
66.723828 24.965356
2.415882 26.196394
17.85023 25.370464
71.730356 13.11949
73.51831 16.553452
-18.167541 37.051694
-19.516809 -38.913602
-10.88623 -31.411474
11.691045 38.590302
-17.485049 -22.381609
