//Synthetic=Synthetic_01032_J50

J=50
MT=1
Vd=5
Vv=1

p: position coordinates = 
0 0
-32.508242 54.378129
29.14464 -48.795799
35.609937 11.090693
38.362657 -5.907382
-32.699596 -23.707502
4.096342 -21.541642
9.301291 31.270538
12.597351 10.623555
15.22979 4.382602
4.937774 34.732573
41.279608 22.0175
20.127683 27.705506
12.953942 35.689603
41.252847 -11.690665
12.056785 -39.99553
22.182069 -51.939963
-4.674151 -9.802252
-23.103191 -22.101684
-53.333671 -19.298052
44.8184 30.916376
-12.057911 48.497518
-3.515273 6.260139
19.107702 -37.231926
15.10946 34.810958
28.09454 -40.437716
39.281886 -12.311114
-16.475935 -21.751229
-9.24835 16.140881
-33.177867 -5.712338
5.539993 40.56053
-14.056348 16.902788
42.002782 32.986861
27.585307 -1.964274
16.122837 36.339668
-31.525027 11.301148
-31.287111 28.519306
17.988634 9.62253
20.648034 -43.020227
-6.412875 13.395289
-5.174133 26.375225
-2.905838 -5.007112
-13.887081 -25.088627
19.831991 31.381661
-46.68824 5.037285
-16.901231 16.179386
5.592023 28.009066
47.730715 23.632645
17.80925 38.265771
18.574547 -14.943478
-9.300842 -36.923361
