//Synthetic=Synthetic_00972_J40

J=40
MT=1
Vd=5
Vv=1

p: position coordinates = 
0 0
8.42038 -31.894256
8.868107 -41.153872
22.576206 33.487966
32.217525 -11.166151
-1.093337 8.204817
20.458458 10.913445
-5.465576 34.693805
-37.765695 12.69961
-20.39131 -10.929093
-30.314157 -5.411016
0.723419 37.34714
-29.867002 -6.153408
-20.12126 15.819084
-16.803589 32.535981
14.88541 4.760565
-30.331455 24.917644
1.725468 19.416565
-34.691403 0.150478
-1.042146 -39.462179
28.628636 -19.926494
0.783475 4.810482
34.141365 11.576434
-33.939431 0.477361
8.66091 17.046626
23.978537 -1.651687
8.344903 57.687867
12.370942 22.270615
30.826661 6.783156
32.718791 11.713634
-16.327449 24.808694
16.827988 46.679381
17.130277 -19.351494
4.479747 11.125137
-21.866197 26.202667
26.785366 19.925046
11.708571 -14.595632
3.228873 15.299969
-13.563011 -20.631006
-8.682497 13.512583
-3.356585 -3.332697
