//Synthetic=Synthetic_00494_J30

J=30
MT=20
Vd=2
Vv=1

p: position coordinates = 
0 0
-22.05122 -19.836449
-8.293441 -3.340079
13.632321 -69.871927
32.569996 -18.585622
-36.393135 -23.419765
40.084264 5.106977
-8.023111 22.838846
32.7152 -1.66209
-51.547443 -56.261316
10.395345 -34.402172
-29.9349 41.651282
40.162541 -19.823961
41.012073 -30.741404
8.105295 -41.292091
-31.564254 13.036549
-36.011649 -28.611553
9.374894 2.66394
-49.044591 -7.211829
27.854493 -23.612324
-2.831629 -68.544249
-17.637332 -50.689175
-18.470433 -0.825463
-36.930267 1.31051
-52.391827 -43.814811
-19.698516 -62.587628
-34.754524 -63.247169
-18.861107 -51.513406
55.055751 -25.889136
66.188371 -11.179656
12.638334 -48.394413
