//Synthetic=Synthetic_00762_J100

J=100
MT=20
Vd=2
Vv=1

p: position coordinates = 
0 0
-31.165493 81.943988
-42.716067 65.517496
7.720306 89.555014
-46.691222 79.969873
22.577375 87.285956
-25.699294 60.400227
-52.952653 61.750257
-37.096014 67.107471
15.31992 75.949669
15.231511 81.689632
-38.112288 76.525173
21.941649 74.571937
-31.834901 69.604636
-42.657584 76.217591
19.15837 80.339053
-40.272802 73.713456
1.008738 92.714106
22.646379 85.780878
19.379223 82.756981
23.087592 91.529407
21.345164 91.16615
-49.375774 76.534809
26.512761 85.468068
12.376575 71.453802
-30.925162 64.478277
14.579102 80.231621
-33.857001 77.042308
-36.389127 83.074479
26.02287 80.99743
14.38844 90.549406
2.302583 80.882419
-39.721568 69.627472
16.277897 88.889403
18.590498 76.372432
-47.483794 74.283959
6.763324 88.22962
-34.570378 77.473218
-52.409114 73.519445
19.550122 70.992681
12.034572 79.749229
10.25819 83.073671
20.125503 87.19877
20.477103 86.524079
-40.268873 72.562298
-44.826038 66.147092
-40.055015 80.93729
18.860845 84.930649
6.912365 83.45286
18.624265 64.181266
-39.971972 79.404317
-28.226089 63.838592
-40.761841 62.959015
16.47747 79.175359
-38.505109 74.739588
-37.915894 68.765787
-38.192954 67.127391
13.034639 85.22083
14.936407 85.217401
-52.882824 65.006728
21.255375 69.041202
9.006884 90.97841
-46.768778 52.001999
-44.145513 69.045102
20.933768 93.016296
-44.089999 60.445632
10.959453 84.817118
-32.910581 73.333205
-41.923651 58.680333
-39.239897 73.00378
-34.668959 72.542259
-36.787968 73.091307
-44.533682 78.710735
9.008741 81.053539
4.663492 91.662643
9.942402 73.506198
-0.12232 85.470704
-49.321688 76.553402
-35.799283 57.710073
13.998234 86.530442
-32.380952 66.361945
-45.21288 56.568225
-46.516593 70.544276
-36.093435 71.553771
17.795244 81.657499
4.174753 87.99893
16.527169 72.033461
6.859085 77.197066
-47.378208 77.654927
-40.668275 72.602759
20.148914 83.969033
11.411152 86.39793
16.852247 85.714342
16.773038 79.788126
25.261971 83.263839
-38.434079 82.825864
-47.04321 74.268393
23.892153 85.297392
-44.18992 61.595223
-40.675553 68.113763
-49.315332 75.405101
