//Synthetic=Synthetic_01994_J50

J=50
MT=20
Vd=2
Vv=1

p: position coordinates = 
0 0
94.215629 8.140946
52.092906 78.104038
83.733305 17.446443
61.281942 78.152646
73.399935 20.07885
83.286053 20.585696
52.677858 79.659457
32.680587 63.085627
73.595101 8.619795
36.016826 76.625585
42.046752 79.504708
93.25968 10.06608
82.837057 20.849373
84.78928 2.858653
52.443396 84.257539
50.800186 85.044699
46.070857 83.368748
40.257555 68.376578
74.219894 3.524608
83.389515 7.777348
46.622236 71.167463
47.459002 84.088888
69.522844 14.342437
51.215376 69.830768
78.253728 2.790539
85.847156 0.567312
68.663546 -1.272322
71.507662 13.96994
49.135941 76.374378
44.129603 82.522877
88.559069 9.841339
56.444869 69.897661
84.34191 10.504969
51.395569 74.338195
87.30268 0.967491
41.739477 67.355697
46.639106 69.199913
80.083709 17.415427
49.045713 66.063989
82.893416 17.652999
62.429877 61.607362
74.924702 13.023066
85.270415 15.672076
85.549016 16.329723
49.948586 69.693686
77.45307 16.460978
90.37254 0.30788
47.783711 87.772116
78.968429 6.988713
87.67134 13.582509
