//Synthetic=Synthetic_00819_J100

J=100
MT=20
Vd=2
Vv=1

p: position coordinates = 
0 0
42.556007 67.938156
30.415427 49.11565
65.872298 0.964101
58.584304 10.627515
37.99104 72.316028
36.343062 57.754004
69.863096 22.371374
34.364218 58.795426
26.26967 51.998983
64.706688 15.581603
70.137893 7.406924
44.940399 56.070695
45.41633 69.135018
70.780203 17.811137
64.740907 11.561846
44.524805 65.01225
62.763281 9.065596
27.753675 66.188814
40.27097 68.238627
64.903468 20.483905
67.211472 15.280645
40.402931 60.335468
69.718785 20.53794
44.821256 54.258807
63.532804 6.82241
26.947988 61.773718
66.278429 13.036889
68.742926 -5.62518
36.592678 46.370097
71.666024 10.413348
51.08531 11.512045
65.253273 12.622059
36.387861 64.466747
30.493331 54.692078
40.424961 57.974591
40.363968 69.268362
74.448628 16.418243
40.099466 57.312579
42.641824 63.745428
79.335767 18.500746
33.439181 63.99093
61.162592 21.873894
39.55174 65.44083
39.1343 74.939118
59.414747 20.642406
58.51115 -0.295797
40.239028 74.084238
37.444655 57.573872
65.489389 15.479654
61.836316 16.406493
34.705475 51.89513
72.284644 13.296364
61.928386 9.941388
34.238699 69.421889
32.546091 74.118938
35.602359 76.977685
36.409453 66.65876
43.790574 59.529318
43.137512 57.637743
69.293901 -0.673349
44.005297 59.901929
66.502037 14.182437
68.021159 -0.002691
71.107991 17.59965
36.032685 63.492776
48.316185 70.019157
69.65015 5.621054
36.361139 61.252565
36.577164 61.052911
41.975989 65.951703
71.418777 17.732875
45.772607 66.113335
43.789094 54.450019
35.595218 57.279716
70.261558 9.170157
54.218393 10.842068
36.783081 65.522833
58.450278 5.446873
41.198347 61.297209
75.664766 6.527336
66.015927 14.838145
68.682525 15.997719
69.755675 20.731848
75.224061 15.09141
36.979111 53.711904
33.971706 65.787595
64.479533 4.305945
65.851917 10.379867
67.659837 13.46522
35.447162 69.461138
66.314182 5.453462
39.59608 64.720338
57.671401 3.330473
57.681538 13.391148
40.390474 65.005482
35.253738 64.557101
35.184916 64.347101
34.139506 67.386205
60.319453 7.267874
63.403936 16.905687
