//Synthetic=Synthetic_00445_J80

J=80
MT=20
Vd=2
Vv=1

p: position coordinates = 
0 0
-24.838508 12.664965
-0.001588 30.406
6.899972 8.532911
-7.877369 -36.930763
0.565394 0.073753
-1.676874 22.67306
36.394418 -12.996017
15.277348 41.399278
0.644482 14.488194
1.920466 34.396929
37.887301 12.86182
17.283876 20.431465
-10.929664 -37.102321
4.307253 50.715338
35.249341 29.439676
12.545753 -25.576417
-27.303987 6.368353
24.810475 -24.11093
22.019041 35.633435
-10.242481 -11.175987
48.811201 -14.438422
33.702432 2.458325
48.931468 -9.29352
24.346513 -19.736998
20.665985 33.761648
-14.748565 -32.467776
-29.608739 19.13332
21.082713 35.949425
35.300401 41.932521
-12.925323 31.736819
21.664801 49.139392
24.75766 46.085786
3.973777 15.503939
-17.801786 -19.582433
29.488284 -21.074842
-7.793928 13.351538
2.391523 -21.470654
5.393146 -13.074009
23.488602 -27.648549
8.328179 -24.509492
55.277095 -14.05183
50.524297 0.431773
-36.839377 -21.361985
13.798509 7.286051
-3.242206 9.068118
-26.384134 -13.350919
21.171772 -21.41458
-2.951526 18.413068
-32.200187 34.451223
34.53182 21.252694
0.713192 11.165452
-37.106861 36.376133
-29.389576 27.754848
-12.049832 9.138249
-15.269637 8.899894
-30.550985 33.043982
38.580692 -1.60515
-14.188574 35.192558
14.992773 0.380304
-26.950241 4.848625
27.270912 3.800746
40.815052 30.405275
51.811575 -4.829635
7.520998 29.129202
30.40887 57.023849
-36.865214 -1.15248
29.299346 36.191997
8.508435 11.205843
-26.467005 28.669748
-18.744417 -37.141223
-24.845418 -6.031453
51.508514 -12.292909
-3.050741 26.994856
2.797565 36.667837
-37.268541 33.158493
29.800253 19.754373
32.692705 5.918409
-46.749479 31.267658
-16.49371 6.028571
-5.409126 -38.418201
