//Synthetic=Synthetic_01899_J30

J=30
MT=1
Vd=5
Vv=1

p: position coordinates = 
0 0
35.200548 -34.270975
-27.770007 34.068766
-24.775368 49.225905
12.113653 -46.440692
-44.043111 -0.658548
39.501703 -5.709997
7.949237 -59.23707
4.556735 37.99904
-46.627885 -27.112088
-37.813997 -53.768887
17.478505 46.197868
-6.710469 -14.575132
-50.476237 27.903462
9.494101 40.713749
-24.495764 27.550449
-22.385469 40.430913
53.337701 17.112421
-11.329953 -51.339834
41.54929 62.681445
-27.089799 13.234016
-48.470911 26.35548
0.018211 30.893735
-43.574644 25.741816
-47.789086 -53.7132
24.117533 -16.4033
4.647674 -5.139257
-34.341412 -52.854796
-30.091604 3.663431
-8.132031 14.172455
-56.421455 32.159099
