//Synthetic=Synthetic_01414_J40

J=40
MT=1
Vd=5
Vv=1

p: position coordinates = 
0 0
-0.489281 -40.974263
11.846386 22.884019
19.151081 1.854911
-9.747482 28.551953
11.61281 -42.50931
27.099782 -26.570631
-44.429003 14.773658
-19.323374 -26.517811
1.779178 47.155749
15.484036 6.670378
-42.64812 4.554654
-22.043964 29.479052
-26.29234 5.173978
-25.172048 10.389906
-25.809314 0.763786
23.079619 -37.570719
-32.108105 -32.280906
-5.062418 -17.998729
-28.249229 -32.713806
-35.711121 5.918341
-37.945724 28.896738
-21.533464 -44.114526
-26.281385 -4.319199
9.774867 -36.443377
-24.304709 25.960349
2.34375 -29.739749
-2.643826 28.143879
38.266451 -29.506845
43.833646 -12.981964
15.133399 -10.113364
-14.718773 -33.566871
-9.997876 17.548791
7.211189 2.714321
-0.961282 28.049922
14.326334 33.086926
-35.616208 -11.045862
-18.265152 -55.824263
-24.807761 -44.680959
-2.36611 3.477467
21.513414 -4.928155
