//Synthetic=Synthetic_00479_J80

J=80
MT=20
Vd=2
Vv=1

p: position coordinates = 
0 0
7.818456 38.416139
57.071175 -20.274424
19.161361 9.336206
16.796973 37.562488
25.057097 41.496047
-43.22888 28.772712
49.157244 -27.261614
-23.772808 -8.418824
40.222203 -31.134909
-18.852782 -17.813451
27.920161 16.793973
46.616811 -49.909846
-38.142263 -28.390004
46.448594 -30.818073
-52.966219 20.653617
18.307951 25.5217
-30.057846 -17.029732
46.733062 -46.163083
19.378425 11.055839
35.092842 14.64806
26.129231 19.714369
-18.0854 -20.998563
21.940768 32.843331
49.665229 -33.254039
-24.889559 -12.891042
17.838277 27.807724
21.051312 4.371764
-18.866705 -26.370299
35.486761 17.288703
-50.608535 22.568281
51.452316 -24.431884
27.985113 20.692974
15.734819 5.006533
-40.286234 -20.752049
11.953577 15.001462
-22.508297 -12.282685
56.7382 -25.527645
4.995012 41.619298
-20.761819 -7.603339
-26.189033 -25.464355
13.115492 45.916274
-21.165033 -8.0436
56.691421 -25.218052
-53.734298 14.253198
-20.537984 -12.116114
53.947541 -39.415412
26.619647 10.490668
-52.613975 22.23006
-23.460564 -22.890875
-61.984677 10.317985
17.703862 24.847592
-56.122326 6.173049
-38.77264 -20.895639
56.351448 -25.912466
-58.800064 14.168271
26.712181 -7.092464
-27.918924 -6.739812
14.141891 23.567013
14.730405 39.837602
54.137996 -33.998355
26.303086 18.830112
50.689468 -24.480295
16.520384 27.706073
-56.63978 5.571842
23.892961 13.213009
8.937057 36.952928
17.009607 52.088042
16.065843 12.910882
3.139095 32.520011
30.661589 26.126117
51.346091 -20.365984
-57.83031 23.43801
26.038023 22.557419
8.191081 20.249583
-55.88687 19.856511
53.971125 -31.172698
9.712425 29.649805
10.955789 33.833559
-48.955977 17.039577
20.80396 2.299892
