//Synthetic=Synthetic_02086_J60

J=60
MT=20
Vd=2
Vv=1

p: position coordinates = 
0 0
-28.29076 -91.820961
58.705182 -68.651352
-13.314324 -76.350914
-33.932449 -88.019955
-13.440507 -99.095077
61.519997 -85.779971
39.890107 -85.303273
-29.409689 -100.763677
-25.651512 -90.105056
44.161401 -81.633436
48.632302 -80.538761
40.705738 -81.011826
-25.438287 -90.043643
-2.613241 -102.467188
43.660848 -90.528207
62.626507 -83.685419
47.669231 -77.493169
-21.200105 -101.390749
66.530499 -64.903313
50.297923 -66.77589
56.67994 -82.541349
-15.218083 -78.34265
42.706149 -78.058476
-31.4771 -93.512262
57.479681 -71.156127
47.292706 -76.580868
49.961703 -79.260519
-17.59475 -90.113027
59.227977 -78.048085
58.003979 -81.550816
48.002967 -71.571177
64.584781 -86.420274
56.272944 -76.787991
-32.567481 -94.805348
-25.366681 -91.865943
65.497678 -79.146128
47.048749 -79.447606
41.058035 -76.404898
49.762323 -62.049303
57.82502 -78.172369
54.175084 -77.154534
61.374455 -84.697358
44.451761 -73.66511
-14.187837 -102.086279
61.341849 -83.231348
69.814774 -65.45728
58.682481 -84.060902
60.561566 -80.230973
52.323983 -75.903835
59.541183 -80.592158
-23.88599 -85.103105
53.802826 -80.119513
48.802577 -83.131948
37.773395 -79.621717
44.327422 -86.316094
67.399494 -68.832895
-24.947975 -79.982113
69.563531 -82.36703
45.462648 -75.087995
45.476955 -83.535737
