//Synthetic=Synthetic_01812_J100

J=100
MT=20
Vd=2
Vv=1

p: position coordinates = 
0 0
-2.347115 38.766018
41.371698 -11.396046
51.92193 17.964121
42.83686 77.934124
59.291492 28.758553
-1.16393 23.505475
-7.512803 39.634596
3.723142 27.340414
4.023417 34.264479
46.09257 6.802913
50.214753 80.37127
59.065297 12.927167
37.725084 90.749087
24.415078 65.337595
58.000204 14.115206
75.122922 26.570556
16.669303 30.797678
-3.841734 31.355965
48.941625 72.585403
52.759101 17.544095
38.124373 -8.478927
21.46641 68.127182
47.471284 -6.158448
46.45983 13.147073
24.93546 65.178863
41.286328 -0.013171
42.308661 25.827878
-2.665618 33.743845
37.513083 0.015215
22.867307 65.724113
43.98461 5.915983
-4.904943 22.76413
60.834252 14.516267
38.518104 8.817407
20.307303 83.375275
44.40019 71.943239
3.260396 35.334842
12.155605 43.911431
5.774968 30.949137
68.155972 13.148316
11.016326 27.068984
53.498023 12.379854
50.313583 11.163678
36.642627 76.198861
35.135399 16.741592
48.216503 22.223814
47.248937 66.086092
32.911314 65.130644
5.433712 38.849117
50.272095 -5.438408
61.275059 18.902905
-4.713453 31.465372
21.350359 70.065845
-4.476574 28.455321
59.651207 20.467569
22.331376 60.383242
38.84368 -3.361333
7.780755 45.734021
22.298482 -6.555208
-9.051705 25.972239
31.630885 -1.054519
38.539638 -1.438177
51.707308 13.216788
41.671106 10.610564
38.028079 -3.668464
-6.429084 30.882484
38.457927 -8.81816
42.152311 -5.480559
57.088767 14.408495
-4.314285 23.568638
52.131823 3.591387
76.735168 10.870561
38.406394 69.029156
15.080854 -2.881164
46.268087 -5.038888
23.805786 69.846546
38.507073 -9.627373
3.862735 27.771739
30.308437 -6.83545
56.654491 24.459948
46.167114 -1.714012
28.248059 64.545981
5.346594 31.092495
22.261955 65.65325
-4.190392 39.733276
39.950017 76.290458
38.116906 62.01315
-3.461363 38.384931
49.425331 -1.804979
61.389082 18.695913
69.270676 14.217378
32.816472 -5.142387
26.074058 64.54418
63.667771 17.812487
51.813108 28.916539
21.054116 80.911982
28.05366 86.146094
-3.690663 41.988585
58.600625 27.214605
-5.960314 40.885296
