//Synthetic=Synthetic_00551_J60

J=60
MT=20
Vd=2
Vv=1

p: position coordinates = 
0 0
86.413898 5.290216
63.560676 -66.713622
71.307639 -59.29453
103.66899 -7.598664
80.826616 -13.693427
64.387274 -74.834718
61.816943 -76.817224
73.128666 -66.68509
95.192338 5.421605
47.496365 -68.628758
50.736587 -71.514065
98.02958 6.198809
93.946352 -1.97825
68.497239 -53.173587
97.286338 -7.106353
100.884983 -13.918136
61.608438 -77.796448
56.780551 -77.254399
93.17392 -6.195378
65.417938 -55.134733
96.58547 6.551313
63.560502 -74.771371
91.72454 -8.988999
64.031813 -64.653253
59.884264 -61.514124
94.747345 -5.455861
63.847425 -65.656659
102.284655 -9.714734
95.057962 -9.143498
73.847907 -62.597815
57.994835 -66.835727
97.329168 -1.777284
73.376807 -60.842372
93.72474 -5.875471
70.616271 -62.165115
63.207758 -67.231682
51.734033 -67.616564
63.482213 -61.959562
52.513091 -63.129678
61.721352 -75.19221
61.399243 -60.91566
60.733843 -61.928058
75.08519 -74.46408
98.786806 3.035796
47.279391 -77.115502
60.016699 -65.284858
61.716666 -69.079864
86.465115 4.33251
60.609892 -67.421821
63.129622 -63.974645
99.562859 -12.22984
94.329342 3.495262
91.229626 -4.719078
87.724263 4.717976
45.846793 -75.380288
55.659625 -58.547463
60.837122 -61.779274
53.301267 -68.305369
57.453955 -60.426706
54.044139 -66.697998
