//Synthetic=Synthetic_00671_J60

J=60
MT=20
Vd=2
Vv=1

p: position coordinates = 
0 0
26.219395 -46.778467
10.989077 -42.964582
-1.059392 -66.665259
34.783093 -44.536964
-44.91915 -1.633156
-63.187942 -7.16442
-36.067728 19.615979
-63.547006 9.318594
-49.74206 4.501874
27.801815 -46.362688
13.225293 -50.07472
-44.089281 10.528436
-47.52993 8.287491
-47.29091 3.040844
-48.169059 16.758968
-43.411495 17.025207
24.544628 -42.962348
-52.176416 2.702153
27.112978 -36.737709
26.211804 -51.386127
14.916576 -42.745386
14.25894 -49.959456
-46.034257 15.231079
-38.850118 15.09262
25.322645 -34.746642
-40.727843 14.566959
-58.182171 1.64979
-57.642059 8.664035
26.827017 -50.167837
-52.137098 16.114507
-39.240164 11.383077
8.84802 -54.617295
13.305935 -46.575289
-47.711399 9.815521
-33.214462 23.31326
19.098009 -63.860942
24.341319 -41.635672
15.659006 -49.422487
-55.039227 7.140817
0.012198 -46.25812
-58.092305 -4.085812
-46.331905 20.731083
-39.115929 8.871513
-51.564047 3.633307
8.077531 -30.695646
12.513449 -30.169787
-34.540348 16.249281
16.679265 -38.131402
17.558813 -47.586379
-38.308341 7.561317
-60.474136 2.594069
-51.096608 10.866677
-35.314399 17.20593
23.761233 -54.025565
-40.946891 -7.263973
10.793 -58.172795
21.437333 -39.009928
-45.58197 -3.914406
-45.962854 14.668946
-49.379148 1.008277
