//Synthetic=Synthetic_01700_J100

J=100
MT=20
Vd=2
Vv=1

p: position coordinates = 
0 0
-41.261491 23.573604
12.46834 35.004318
-44.356198 18.108081
58.148217 53.924181
0.012697 24.867558
-5.244625 37.384629
13.665142 -64.824828
12.765009 -70.62637
-34.37816 20.019222
51.544777 34.862629
6.451626 -68.276573
16.86137 23.441843
1.598957 29.692682
60.244501 48.282135
-3.014634 -58.184649
60.193458 52.35954
14.62772 -52.562282
-49.909874 11.835604
24.928196 -64.747892
7.712862 34.581444
64.931118 43.743836
-32.269953 27.270636
-41.334527 14.422781
50.349102 54.37953
-30.369052 10.372158
-41.001974 33.247081
1.126506 29.491968
2.744125 38.419538
21.482554 -62.694877
10.818728 35.442417
10.306823 43.419066
20.652781 -53.092731
2.786767 40.275346
56.974009 32.066443
12.467173 -58.100565
45.283289 41.496317
62.179626 35.620361
52.66394 55.213513
7.812772 -54.454335
-50.801892 16.949486
15.212482 -59.763108
54.391471 51.849266
-32.025119 18.116861
21.485974 -53.78655
13.109608 -64.00544
12.53757 -54.059201
3.218694 42.006224
9.445157 16.718039
7.40378 -76.75181
50.383988 46.5341
18.009843 -60.676373
65.086238 65.048488
-32.152611 11.055518
15.155878 -48.112953
-37.490529 30.414401
-32.994309 9.772836
11.567877 16.635872
45.477976 49.405876
19.296426 -56.378171
7.797102 -63.409499
9.590609 42.386469
4.597248 -66.389887
-44.595991 16.536889
4.035872 -62.510223
4.804948 32.271406
-43.185557 1.520057
58.306338 57.597036
-30.110061 14.844859
1.830149 48.78528
4.74179 23.651465
55.837424 53.109527
11.57089 36.102159
0.755877 25.8033
57.42662 48.334085
-47.120383 26.999892
-5.787264 23.000157
9.070665 33.057375
73.918879 61.657173
14.400376 34.137179
17.086809 38.266088
-30.299654 18.200507
18.519928 -63.171402
-39.382552 24.532167
19.25492 -61.112097
-42.587069 10.134817
63.431682 54.281823
46.455771 49.888887
-39.751544 3.346083
63.445579 47.884374
-49.876694 4.404111
49.761627 53.315862
-44.127416 27.815199
12.325402 47.005997
15.999836 34.419544
13.593769 46.07101
61.140197 42.574619
-41.961719 34.979653
-33.826265 21.470131
3.33586 32.631605
10.512356 -37.604751
