//Synthetic=Synthetic_00599_J30

J=30
MT=20
Vd=2
Vv=1

p: position coordinates = 
0 0
-14.126781 60.361215
25.157779 30.1652
-13.153265 2.848076
-24.50389 64.590705
-43.326191 12.038607
-1.819257 61.883721
-0.662498 58.228863
51.564929 69.457345
42.454107 -17.02554
-16.832866 -7.23632
46.050888 22.777694
50.883465 40.066899
43.185201 23.408059
37.985315 -12.053161
38.848731 22.874189
42.161099 54.859784
55.679019 17.610722
-32.756032 71.392831
51.148237 -18.901705
-26.391956 58.805634
7.81779 20.239422
34.988053 63.232722
49.843153 64.703264
-1.195598 47.104955
41.24513 11.47401
15.066477 2.003649
50.918477 7.906604
27.680314 65.346038
1.731925 27.018547
-26.861645 -19.007805
