//Synthetic=Synthetic_01042_J50

J=50
MT=20
Vd=2
Vv=1

p: position coordinates = 
0 0
64.324025 79.196692
70.001118 3.210443
92.139807 -6.452154
55.734153 60.309368
59.130727 66.356885
55.963498 66.598373
78.132392 7.859538
61.363226 61.037269
60.791114 53.022297
86.98986 -13.450608
73.47367 -4.441923
47.287728 59.335428
57.012431 65.051238
50.511963 60.092397
45.932733 52.342344
62.768025 68.731646
61.487552 57.6552
50.750037 68.165929
94.217977 3.005434
56.874726 69.475076
45.168317 68.096988
52.097431 68.674784
55.295642 59.931905
66.744935 58.974297
56.484917 61.980359
72.968746 -5.851238
84.718122 7.708186
57.409379 64.929631
88.413686 6.234596
47.763454 66.197355
83.23312 5.003603
84.812073 -5.265222
59.166251 55.245622
59.407808 73.282989
41.760669 57.813346
91.319648 2.862744
63.201978 70.969416
59.196934 60.395268
80.558529 2.67414
65.803867 56.0253
55.269274 66.825122
96.689752 -5.158638
46.789205 76.880826
78.657564 5.358189
58.948613 64.715703
79.66407 2.165586
60.489482 61.732442
89.690164 17.118502
87.572101 1.747319
65.97411 60.825864
