//Synthetic=Synthetic_00524_J80

J=80
MT=20
Vd=2
Vv=1

p: position coordinates = 
0 0
0.135048 -49.499125
69.538973 -27.625202
41.683079 36.2871
-29.411863 4.358334
-19.752219 12.981186
-8.810368 13.741056
26.732255 -53.097206
19.845135 23.286598
-4.782731 9.957364
72.479944 -3.870151
57.338341 -3.117921
53.890743 -20.693612
17.997499 -26.441407
-9.219748 -15.520867
29.406407 -29.832818
10.3327 11.295591
72.986166 -37.639557
-31.876468 -5.63109
37.323998 37.21751
15.134081 -16.695111
34.22414 -27.629306
72.191768 -41.070613
45.762234 20.753206
35.871726 -20.690999
4.410543 -60.665939
46.731042 37.410222
82.300817 -17.339795
14.738441 -14.324068
24.783772 -11.012451
64.508284 -18.6414
57.678173 17.514485
17.335084 -45.562659
29.400628 -32.86299
16.802338 -34.165835
15.492318 -46.017198
33.838368 28.973473
21.825899 18.446076
13.562937 28.346332
32.269041 10.205035
13.669809 22.683531
60.589827 -3.137692
43.627537 -5.695875
-12.49469 8.762357
-1.093812 -21.123474
22.061511 -16.1076
31.772755 32.63387
-1.078194 -15.881275
45.02963 0.34843
25.593916 -1.380743
0.476118 5.095021
23.485661 -20.142361
4.043253 12.797254
29.654666 -0.604067
0.01019 24.729858
36.28358 -7.296383
43.051993 42.130414
39.515814 -10.504955
50.065338 33.344937
-2.374095 -32.058727
-12.834506 24.323842
-5.44459 -45.377278
6.943121 -36.297162
9.815952 -27.402889
-11.29135 -26.139259
52.169876 -47.71464
6.854259 -13.117803
20.809027 7.668841
42.839234 -23.421317
-12.305541 -8.315246
7.215812 23.615712
-8.245584 13.619659
-23.74693 -9.783103
82.891712 -18.293093
41.670215 -7.238216
71.838384 -23.675328
32.80503 -46.037538
23.739471 -58.975747
7.366937 -52.067591
6.280923 19.213651
81.286684 -20.068707
