//Synthetic=Synthetic_01423_J30

J=30
MT=20
Vd=2
Vv=1

p: position coordinates = 
0 0
26.434351 -14.543452
14.107057 -43.303341
-0.381765 12.822802
64.933614 10.839278
14.257805 -27.501023
9.569647 -18.678294
-5.54706 -15.599966
-10.583551 2.059523
-4.609056 12.474133
21.710791 1.609379
-5.419155 -37.503978
-9.76756 -20.289368
27.607709 -36.592186
-6.363203 -4.152473
46.066256 -11.189084
73.779403 -1.543858
14.373575 -10.939885
29.764878 10.171321
-26.454854 -27.965165
11.579576 14.564992
-11.845685 0.995251
0.405827 -12.524576
-19.437034 -26.648879
-7.677136 6.80929
30.613449 0.945718
-6.966353 -19.004714
50.219961 14.650596
-28.432402 -18.493781
22.213945 7.308378
41.95948 2.364487
