//Synthetic=Synthetic_00155_J30

J=30
MT=20
Vd=2
Vv=1

p: position coordinates = 
0 0
59.057114 -78.87797
44.875856 -68.367817
53.570088 -65.749014
60.020134 -75.736866
56.441767 -80.150772
49.260506 -82.208011
82.790884 -1.003099
88.429921 -14.407773
93.318165 -18.12479
99.561649 -17.632533
38.775312 -65.311144
88.541307 -14.331085
79.675863 -10.987728
101.759841 -27.290221
54.082434 -70.218201
108.266685 -13.292356
52.276722 -66.040151
85.992505 -9.230748
38.748217 -69.350037
83.422131 -23.923418
41.588273 -74.941046
68.83087 -9.591427
47.973859 -84.39073
95.489017 -17.504017
34.077283 -66.929493
70.157022 -11.093107
47.807593 -75.072645
54.680051 -85.110433
50.361666 -80.970146
59.183025 -82.248147
