//Synthetic=Synthetic_00614_J60

J=60
MT=20
Vd=2
Vv=1

p: position coordinates = 
0 0
-107.998328 29.131336
-30.098389 89.310844
-28.054598 107.161713
-27.204855 90.123231
-35.745839 94.907517
-42.073541 98.20494
-37.357646 86.083051
-25.873403 95.606694
-98.833164 40.18266
-107.925822 36.313656
-20.258699 93.670436
-33.626978 103.656582
-28.3359 88.308486
-42.554413 98.909274
-31.069755 94.465625
-75.680797 42.515473
-17.263689 77.998662
-84.312218 33.2898
-90.535629 43.683308
-96.60898 28.263168
-34.127892 94.314469
-82.453662 36.514317
-22.899673 86.495469
-40.310128 79.36007
-27.545404 95.058654
-98.597521 30.585524
-42.036555 97.915236
-37.436159 98.7479
-30.597834 98.799598
-84.140327 20.497369
-26.836018 95.763629
-93.549431 42.131883
-45.674325 101.738025
-33.048717 91.491927
-92.194135 22.957239
-26.464157 98.307253
-29.812225 87.656027
-94.779353 33.074747
-41.988636 92.271817
-89.72494 31.992999
-48.891605 94.785016
-29.657052 92.033334
-35.538356 86.442655
-34.349094 101.2161
-88.788393 36.938545
-28.926473 91.387738
-28.331799 88.3801
-43.655833 96.822485
-43.652114 101.241003
-29.9935 90.318814
-95.668601 30.060242
-32.880749 101.175063
-31.79202 87.386422
-26.970527 96.296577
-37.226433 90.243536
-29.999614 94.824737
-42.714232 98.29439
-89.02205 24.601345
-51.148391 99.838958
-31.143781 92.487509
