//Synthetic=Synthetic_01143_J50

J=50
MT=1
Vd=5
Vv=1

p: position coordinates = 
0 0
30.914242 38.196576
-2.80744 -11.826433
13.666282 -7.28253
12.749635 -33.014535
-16.279146 -10.045852
-8.931192 -18.006317
18.138532 -2.866991
-24.470013 21.713631
40.72107 -20.406368
27.888235 1.271971
-11.634458 21.25982
42.115216 -31.299695
18.806165 -29.889423
49.510281 -27.883857
12.239856 -34.978735
17.170177 -28.873804
-2.777239 -34.204499
12.669997 -10.288194
50.584542 5.6446
-7.51842 4.974271
17.892988 34.315988
-12.900578 20.076967
-10.73525 -13.602905
6.726527 -34.572063
39.990805 -32.319887
-36.638537 24.418338
-5.475651 38.89918
30.404228 47.699666
-44.949976 -1.389944
17.25945 -40.99396
-36.293517 13.248269
-5.327767 -27.391117
38.05844 -12.030358
2.937663 -27.682056
-36.738632 -28.5581
-19.847797 -13.396506
4.24115 22.155954
-51.083293 20.461606
44.481611 3.851914
16.643135 34.910528
-2.665188 6.758116
18.083059 13.700982
-37.594044 -46.244882
-32.507513 -9.737927
11.766446 -36.098188
34.090337 49.144361
-20.256305 -46.963809
40.492109 -0.439193
30.357028 39.454016
13.258028 -29.470127
