//Synthetic=Synthetic_01151_J40

J=40
MT=1
Vd=5
Vv=1

p: position coordinates = 
0 0
36.435662 -25.786644
-44.852051 0.342689
9.235933 -25.687129
-0.902202 -15.205407
21.760984 40.014281
-3.610868 -22.612975
25.765861 10.565849
-6.700733 -40.405779
9.147993 -24.93868
-24.500974 -29.738836
-31.407537 -24.015083
-43.304924 13.659859
39.7952 -21.722051
-21.961574 24.505529
-34.202382 14.847548
-32.985863 22.212551
42.323558 3.707483
9.164934 -55.231225
19.36758 -44.478422
33.138291 -22.534845
30.381076 -2.784829
-2.001097 4.202578
-22.830326 -16.721297
10.825209 42.687007
18.166418 8.614872
-4.216991 -12.136051
-34.042798 -11.055135
27.701943 -32.045415
13.32258 -12.760165
-38.125632 11.922235
-42.906096 -16.171514
-17.645269 25.46282
2.840601 -7.726044
-4.353743 -18.014927
-4.62209 -65.148351
-16.669154 -15.279058
42.511947 9.249299
22.592857 -20.14059
16.194685 32.83715
-14.556973 -37.791665
