//Synthetic=Synthetic_01893_J80

J=80
MT=20
Vd=2
Vv=1

p: position coordinates = 
0 0
-34.671377 3.171513
-43.387943 -28.145431
10.851763 -56.844258
-14.285876 -68.678316
-45.051388 -24.544233
-12.343303 -37.799031
-34.264601 -13.367677
-44.664458 -29.798764
-5.239279 -54.222239
3.052808 -70.766478
-56.059736 -83.301122
-50.697223 -77.504406
-13.761757 -56.167602
-22.690953 -61.959164
-14.942645 0.608896
-25.642453 -51.693752
-55.948535 -53.279563
-3.005381 -1.222022
-12.600851 -38.278973
-22.619632 -35.750339
-49.117414 -1.357564
-24.472506 -83.328003
-41.546365 -37.895555
-17.245928 -60.320203
-59.088078 -3.420851
-11.753996 -42.887741
-43.168017 -34.039016
-55.635241 -54.780045
-12.13546 -71.368724
-38.75537 -44.963299
-44.716448 -23.286771
-46.53594 -2.807297
6.35293 -35.391194
11.242054 -48.735458
-6.882122 -6.340017
-53.041376 -68.802218
2.773193 -11.77366
5.566375 -27.888966
4.223384 0.267244
17.485899 -69.572435
-22.388577 -3.22771
-13.194151 -58.326151
-15.64468 -47.778876
1.350829 -29.738273
-58.311385 -18.229489
-48.458605 -10.058379
-3.841668 -51.87161
-43.396055 -2.093735
9.449933 -77.177692
-15.909054 -36.752829
5.882881 -19.254313
-42.564934 -80.953922
-8.784365 -8.435589
-51.61307 -2.090818
13.831704 -39.308425
1.897185 -18.635352
-2.738739 -27.625845
8.97385 -42.481065
-25.534622 -63.206752
-58.718028 -57.042109
-34.689358 -22.181229
-33.94212 -44.323446
-29.785073 -0.51231
7.153344 -76.653391
-29.090859 -24.702169
-26.111922 -57.088343
-37.793416 -33.458205
14.748393 -75.583471
-25.601441 -5.298618
-30.970754 -66.322129
-30.937346 -28.454037
-56.539718 -77.26069
-45.86242 -0.809767
1.67856 -22.901344
0.379312 2.138536
-59.935542 -40.420257
10.422007 -35.476999
-41.045416 -39.377841
-52.200437 -9.638048
-15.643264 -58.081944
