//Synthetic=Synthetic_00797_J30

J=30
MT=20
Vd=2
Vv=1

p: position coordinates = 
0 0
-87.131747 -6.877848
-78.292658 19.77041
-20.543053 8.339032
-30.125676 53.437414
-77.245306 52.244296
-48.624252 44.819362
-68.202237 43.549399
-86.111484 46.965981
-42.070973 48.541824
-15.01515 36.924722
-77.449063 2.01259
-20.581747 -7.418771
-80.596197 -4.689618
-76.272403 2.718168
-18.642238 14.186935
-35.688795 63.796456
-41.864227 -14.096612
-92.50807 55.743063
-12.705415 28.075295
-95.228466 18.437352
-88.223678 27.252515
4.838956 -8.561378
-84.464493 30.139507
-81.49126 34.178389
-106.569301 45.263428
-101.581181 39.912973
-40.406682 62.245491
-71.587197 -28.929439
-114.378617 56.459278
-60.548826 23.141189
