//Synthetic=Synthetic_01751_J100

J=100
MT=20
Vd=2
Vv=1

p: position coordinates = 
0 0
50.164735 -43.670502
11.538296 26.571641
18.253129 -33.10303
29.002045 32.6832
-25.618077 6.46094
55.076024 -35.025655
-21.549403 -26.977819
16.12614 -7.84081
-12.185179 13.702405
-11.810609 20.859462
78.662255 26.366763
-0.478723 6.05295
57.614795 -14.308185
-4.186178 49.536758
-1.061226 -22.831692
36.511312 0.975723
80.614355 33.553204
70.88961 32.642965
44.886217 1.772405
27.722256 -0.752335
-9.724506 1.396487
41.440299 -10.535131
71.653098 -0.955201
32.740713 17.642194
59.879019 24.455261
-7.137001 48.429822
44.873522 31.13737
54.776051 -33.442937
35.558984 -23.326918
49.228438 1.389524
36.346297 -16.688268
-13.409328 13.191675
-6.818973 23.210237
78.35665 25.297106
-6.207622 43.192244
24.259752 -1.287396
-4.853938 3.956727
66.261738 -18.04286
0.602268 43.656912
24.368613 34.695403
60.848338 -9.778179
45.676107 4.06372
61.552463 3.057893
-23.7286 6.725488
59.160949 23.792369
16.254608 11.151777
45.349829 -24.081773
13.214885 -7.226929
70.634804 21.181204
14.002532 -34.398222
55.445843 -30.194613
-8.574231 28.349735
87.722566 16.42168
2.460003 -15.253653
69.279614 39.15875
-14.30861 45.17262
37.353959 -4.242374
40.885177 35.266769
-7.689913 55.909327
2.636099 34.072626
-8.196502 0.571826
9.62451 22.077699
44.385372 -23.063881
40.28604 -29.743528
20.203984 -30.253764
20.200003 -12.219315
79.926352 27.402224
-16.138416 5.108273
59.421582 25.587978
-12.462534 45.892833
87.267944 19.874307
38.603006 7.982503
-26.534087 -18.412165
2.648239 3.797185
35.080206 25.145025
63.762809 -8.995153
29.188962 -20.151553
37.725554 4.417005
33.627749 -5.206468
52.575074 -12.860038
-13.802006 16.947344
13.096537 -5.822927
44.50836 4.311132
-11.326626 18.549706
22.279786 49.888042
61.348367 40.13684
35.25116 10.869953
64.246 -13.583212
-11.773077 21.833921
16.572273 14.107576
22.34454 -16.331859
17.43298 20.509633
-17.854093 20.037987
45.322411 -31.792063
25.68343 51.263743
-4.329421 -12.21495
3.374792 54.317592
47.099506 -28.725324
28.557538 7.900708
36.015103 -35.842374
