//Synthetic=Synthetic_00736_J60

J=60
MT=20
Vd=2
Vv=1

p: position coordinates = 
0 0
-28.263465 -69.8422
27.840023 -73.332805
-32.154792 -75.461559
30.680247 -84.074133
34.592147 -75.558866
29.886266 -66.432381
-23.253836 -83.161171
28.698165 -79.544267
-29.546874 -64.721408
-30.683402 -78.011
33.211616 -66.7815
-21.712223 -78.958275
34.372573 -84.869376
-14.409653 -62.91449
-26.376828 -83.427864
-43.906148 -85.228195
-36.196155 -78.041788
27.785499 -53.99065
41.622887 -81.12774
-39.749724 -74.243576
-27.677712 -66.425869
28.053306 -61.538396
-36.773022 -80.142839
-19.600808 -73.874554
24.552859 -78.102768
-37.40159 -75.967884
-19.505503 -75.269728
25.128147 -73.078941
30.147126 -72.855839
21.946395 -68.34129
33.745747 -76.602029
-37.021096 -75.612523
-23.031659 -73.464466
-28.269013 -82.24434
-26.412055 -83.000742
21.709694 -74.013596
-31.686239 -70.708566
19.895977 -77.285594
-37.483767 -76.412619
33.157342 -75.917599
-33.086875 -76.821073
-28.055541 -72.990809
-41.918393 -75.575744
16.914593 -85.087844
38.66408 -81.864137
-22.541883 -77.534024
-29.749081 -70.524136
-30.34009 -70.284426
-32.349825 -69.245182
-25.582979 -82.530706
30.377413 -69.462966
33.478262 -64.009967
-20.144251 -79.916779
34.394678 -76.740414
-32.035072 -81.181679
-29.543535 -72.213081
32.139161 -77.847353
-33.599698 -54.449571
36.224814 -80.053554
-27.470228 -70.881541
