//Synthetic=Synthetic_00939_J100

J=100
MT=20
Vd=2
Vv=1

p: position coordinates = 
0 0
-75.771308 -5.928655
-42.94983 1.790126
-3.41768 -61.665199
-9.912213 -30.754339
-29.313185 -37.732836
-15.895754 9.573114
-43.31481 -26.481936
-56.449797 -8.25773
-8.401932 -59.094103
-9.486396 -26.351393
7.502914 -27.476411
1.378666 -45.399983
-48.174623 -13.017723
-38.009373 -52.037681
-42.868042 -11.179811
-61.50363 -56.292482
8.710308 6.155645
-59.861998 20.358418
-5.221993 -65.154522
-37.700845 -44.163721
-16.953221 -23.503681
-56.764977 9.730471
-42.874969 -2.733633
-21.937062 -35.821325
-38.837419 -15.084295
-50.656344 -12.528605
11.495326 5.389084
6.016739 -33.424775
-35.101237 5.11128
-21.372407 1.995695
-36.898736 -23.932038
-15.317865 -44.93883
-83.663469 -12.186422
-25.651071 -49.299984
-35.424996 -1.190972
-20.32563 -20.48672
-2.889898 -71.779759
0.591679 19.188717
-65.140137 -57.023623
-57.223405 7.929673
15.884565 -10.738692
-46.715971 14.550263
-78.314701 -8.668671
2.257355 -2.389669
-26.178502 -30.802741
11.946583 -38.153675
5.010747 -28.381885
-34.464679 -18.890999
-7.587603 -32.284001
-37.096158 -56.349226
-63.708839 -51.410894
-33.923087 -2.509882
8.540193 -12.971045
-21.007697 3.966512
-37.246289 -67.909416
5.406528 -21.571737
-45.85655 -55.365827
-5.578824 -37.818863
-40.378374 -14.933925
-26.02386 -70.01629
-17.452153 -28.894364
-0.066112 -42.512157
-54.581271 -20.336149
-52.175877 25.64156
-33.390589 -28.48905
9.242248 -38.094638
-38.831251 -51.375264
-67.290497 23.530277
-49.948367 23.48059
-77.316412 -42.432396
-6.282378 -33.539088
-47.218988 -62.44228
-13.226603 -61.635387
-87.550204 -42.678257
-84.90888 -14.367756
-12.377796 -62.061639
-1.363951 -10.835864
-65.455722 -65.479719
-59.30509 -1.730335
-58.903429 -42.247106
-63.554034 22.975057
-65.833531 -61.123973
-44.239869 15.13804
-76.888996 -56.8077
-43.780261 -46.384024
-28.615845 -0.837491
0.277254 -39.28024
-68.976689 -58.273664
-59.621156 -15.99953
-34.838723 -20.952007
-22.321407 -41.660168
-56.276106 -8.853202
-17.41302 -70.319222
-70.567607 -61.276004
-69.412512 34.937727
-44.47881 -42.91191
-78.521748 -34.269265
10.725315 1.040045
-58.530783 -20.956317
-20.772497 -56.888688
