//Synthetic=Synthetic_00335_J80

J=80
MT=20
Vd=2
Vv=1

p: position coordinates = 
0 0
-91.076669 -18.909765
-39.29581 87.144171
-55.723576 109.070548
-52.491823 87.959959
-97.613849 -44.18589
-104.460007 -36.662176
-83.595935 -53.378757
-63.331355 99.746654
-53.294949 92.529767
-51.973448 100.07668
-61.840232 92.657394
-74.70594 -24.301124
-58.220948 81.502604
-56.877301 73.35346
-70.439608 76.913411
-98.424421 -35.607676
-64.922598 96.809955
-41.395098 90.877597
-64.522241 -30.164026
-50.584937 102.011833
-97.572629 -25.557371
-87.309574 -40.552218
-58.121982 -13.876551
-72.932522 -42.107418
-94.504144 -37.039165
-60.664057 91.868424
-87.011552 -43.368897
-68.972384 73.449724
-61.433194 96.597417
-61.531387 88.017423
-90.578395 -33.258488
-77.589593 82.523653
-87.761155 -40.587702
-45.361348 92.841456
-94.636711 -40.386796
-82.916679 -35.182108
-74.472508 -30.244102
-95.868411 -18.140572
-55.272121 78.005926
-50.218454 94.385144
-47.67234 85.790128
-85.931008 -29.511892
-54.995418 91.103288
-76.671264 -35.208091
-87.349841 -34.851828
-64.175597 -31.737675
-91.600008 -61.01073
-84.92434 -30.214073
-41.865726 92.319314
-87.727828 -41.630199
-95.427138 -50.637042
-67.251658 -39.579621
-80.546083 -46.581744
-56.143702 92.442916
-97.979748 -39.108331
-57.082955 82.836301
-76.386288 -26.798946
-89.761727 -49.321656
-55.954495 81.315523
-34.983459 77.726411
-54.312196 76.065355
-73.567005 -56.513891
-39.552264 99.953559
-79.044296 -39.387008
-57.029089 74.591689
-48.182669 90.089876
-87.053363 -42.710194
-112.171253 -57.904854
-68.922974 103.713782
-88.002301 -37.309487
-59.120653 80.637827
-85.473672 -21.500306
-44.075618 108.045411
-84.660061 -55.614765
-82.08285 -29.468021
-58.914286 98.304
-70.118573 -36.256266
-58.369169 94.693244
-61.51345 99.623302
-69.418559 76.578621
