//Synthetic=Synthetic_01438_J80

J=80
MT=20
Vd=2
Vv=1

p: position coordinates = 
0 0
-66.097702 -14.271586
13.749928 -17.526619
-4.481642 -41.782216
-45.77283 -27.084477
-21.388728 -28.330905
-91.079832 10.715028
-80.185404 10.126458
-59.365861 -31.905153
-65.229741 -28.489472
-63.285815 1.141107
-30.62949 -30.11588
9.87461 11.808165
-14.831673 -33.46976
-61.908639 -37.952255
-15.792111 -10.744526
-1.196945 -1.148651
-67.144336 -28.938249
-35.254166 -54.194422
-2.798419 -44.955651
-20.056215 -51.367602
-37.021533 17.204313
-0.378685 -5.565574
-4.304017 -41.992995
-83.534013 19.893423
-67.631245 -10.4066
-92.964894 -12.785653
-52.497427 -54.545335
0.361281 9.512548
-51.368212 -12.659509
1.857349 -47.13663
-71.00768 -31.000664
4.954885 -65.2244
-86.407446 24.925306
7.797949 1.258455
-92.768942 3.900221
-54.837254 -15.263561
-51.008951 29.555181
-72.809927 5.994116
-69.22736 -62.598625
-39.450529 3.668981
-56.347034 15.593381
9.236196 -11.325603
-25.553578 0.214737
-15.696814 19.789827
-22.391089 -32.024223
-68.904533 -63.991829
-47.679551 -11.915103
-33.697731 -47.814508
-81.356857 32.861923
-21.918472 -12.28588
-2.846871 -40.841571
-87.17179 7.23546
-71.078542 30.774547
-32.710069 -64.772613
-53.996107 -32.740485
-13.727376 -30.966762
-46.104479 -0.312795
-0.737731 -15.176925
-26.790126 -22.795718
-87.791471 -35.036237
-35.529636 -40.480773
-54.525762 2.184002
1.519748 -52.695303
-2.560478 -56.513668
-49.186762 -5.132828
-43.919877 -36.878921
-18.861586 -43.250294
-66.038166 -6.644783
-44.368959 -2.922267
0.327219 13.588296
-50.222304 17.943345
-34.55225 -13.488454
-80.380384 -23.64258
-56.600016 -16.692331
-1.32355 25.481983
-32.042097 -41.077881
-52.767302 -58.973091
-43.28924 -25.846922
-44.208888 -33.177244
2.096098 -47.893691
