//Synthetic=Synthetic_02056_J100

J=100
MT=20
Vd=2
Vv=1

p: position coordinates = 
0 0
74.396973 -28.011055
14.898834 -33.330748
-47.02201 47.185115
-55.815104 69.179518
19.427058 -27.485547
-32.131352 68.416898
-52.418246 61.089266
64.377871 -3.218214
10.03948 -29.609723
70.925527 -3.731961
74.933604 -27.52323
-45.900899 61.167404
3.561099 -30.144958
66.834245 -25.83526
66.102284 8.451864
63.649027 -7.639894
54.82923 -22.43791
7.894653 -36.606163
-52.908152 76.534058
13.667713 -26.949441
43.17401 -20.793448
69.462125 -13.96968
-56.815579 53.985704
70.793533 -6.412544
68.426748 -21.136651
5.745471 -29.585559
13.395566 -26.912348
67.028941 -4.517879
52.309132 -8.894383
38.679162 -10.187778
41.962783 -4.467585
24.813574 -26.772891
-50.408668 52.658357
64.059126 -20.554603
-55.584359 61.333583
20.048665 -40.437105
19.732966 -34.456166
72.476872 -23.606228
81.835575 -27.159012
68.472208 -9.419368
65.217513 -2.908764
59.418881 -7.3994
62.568761 -26.388881
61.246595 -7.655875
-62.394962 55.662338
32.041377 -15.965448
-35.988758 63.264954
-51.29333 48.435319
-48.070128 58.917731
-5.425039 -21.946763
-22.450879 46.743
74.358122 -20.898486
-50.826534 51.187037
60.087875 -24.688394
13.524579 -19.632316
64.825498 -16.990584
-49.088311 40.153399
61.555271 -7.638842
30.98914 -42.375763
-4.444366 -43.496963
-51.255547 66.911192
56.391446 -17.795892
7.355483 -21.201962
43.101935 -14.432604
-57.626467 53.533895
16.511246 -29.980057
59.31203 -17.078892
49.283217 -0.38937
52.121416 4.207544
-56.055297 61.841056
65.859978 -10.36761
61.664626 -21.595453
44.190929 -12.648913
53.483969 -8.495669
12.433157 -19.602327
9.00836 -31.158744
15.708821 -15.967818
58.495904 -5.090179
69.436034 3.394966
-48.180194 53.68301
6.143297 -21.174668
-2.465092 -17.846242
44.518715 -10.154949
-53.522417 64.639102
54.211248 -5.344962
14.403204 -29.038001
-47.280107 44.402429
-62.33989 57.276345
17.782385 -22.779791
13.923986 -42.609858
55.233145 -14.226042
88.68055 -17.043336
61.224099 -25.619988
67.444814 -18.422492
-61.278 56.905452
53.125797 -4.113865
51.78567 -11.712569
7.263668 -39.794266
-49.777126 60.68469
-52.362611 57.007598
