//Synthetic=Synthetic_01911_J60

J=60
MT=20
Vd=2
Vv=1

p: position coordinates = 
0 0
-85.654065 -31.567543
-102.606934 -41.617639
-88.478046 -52.899494
-33.280545 -112.46424
-87.305558 -48.450571
-91.402748 -45.871564
-77.326007 -28.886651
-32.296736 -85.912385
-20.369011 -108.217101
-35.096408 -96.316384
-15.68523 -79.367581
-109.770709 -31.360765
-75.957352 -32.346994
-18.4391 -85.080251
-90.484198 -34.436857
-88.226528 -48.292171
-77.752944 -55.255764
-23.281407 -111.192346
-18.028441 -98.319278
-28.279059 -80.841798
-86.405549 -32.965219
-84.838379 -53.808455
-83.239408 -50.829641
-27.38847 -81.423244
-40.363113 -92.071501
-34.308971 -79.485004
-27.382557 -95.55945
-45.868279 -94.439163
-91.575236 -49.25482
-80.430858 -56.131187
-96.089658 -46.498591
-65.345767 -33.463703
-98.529271 -45.324455
-88.330895 -36.182422
-45.120348 -107.520214
-23.248952 -95.320653
-92.557786 -45.053043
-37.298136 -95.215159
-89.872345 -37.479062
-86.069547 -35.522128
-95.397182 -51.162893
-33.230913 -81.911025
-35.742097 -102.672734
-87.961086 -47.081447
-43.095568 -102.889232
-40.082855 -96.480021
-36.284807 -97.376931
-90.952317 -48.931566
-29.325913 -76.759969
-85.697386 -52.960857
-21.226376 -108.844608
-74.408912 -54.334252
-37.575177 -97.270067
-82.738947 -51.940448
-85.242181 -21.435867
-84.892817 -26.095862
-36.938473 -94.444073
-29.095564 -98.482044
-101.725659 -46.778341
-90.29681 -38.087648
