//Synthetic=Synthetic_01297_J100

J=100
MT=20
Vd=2
Vv=1

p: position coordinates = 
0 0
-101.256494 -28.007764
-109.584978 -23.394604
-121.992263 -11.838496
-100.504603 -13.106369
-41.595931 -82.442446
-110.293117 -18.236154
-55.522786 -92.58684
-61.879754 -74.936339
-97.987635 -32.265127
-51.453615 -88.118033
-56.40636 -71.721308
-105.341186 -19.312384
-47.472855 -75.375658
-114.472562 -17.6414
-42.374396 -73.29057
-54.483094 -91.187974
-57.159574 -86.983732
-98.17532 -20.72041
-50.254429 -80.348222
-107.262243 -25.589295
-101.577413 -26.702556
-40.115584 -90.626656
-106.449517 -25.310125
-55.495334 -86.049
-107.606015 -23.78861
-107.173256 -22.346431
-93.510472 -17.519295
-88.67626 -25.557179
-105.857157 -24.217686
-97.208699 -6.135794
-49.418935 -80.845155
-43.324387 -81.309233
-112.281838 -18.689556
-58.770952 -89.123993
-37.253646 -65.354121
-114.384181 -7.842095
-51.30271 -82.898374
-57.625226 -74.877778
-50.643411 -100.161318
-49.147687 -75.009109
-107.034985 -38.42793
-35.577873 -78.763142
-96.64379 -13.045476
-92.882314 -24.869303
-99.466025 -35.598541
-54.833896 -91.425204
-47.584942 -85.949967
-100.041224 -17.867909
-49.829254 -69.047682
-109.512159 -29.556749
-107.179104 -14.916826
-57.755707 -93.551799
-44.027111 -89.375922
-64.631395 -84.336987
-50.232354 -97.099324
-99.636965 -17.696716
-105.143963 -18.031683
-47.034109 -77.870005
-42.235967 -65.418207
-57.507726 -77.600238
-112.56 -33.687978
-59.558749 -86.672644
-109.832644 -33.637378
-61.515461 -81.53055
-61.387451 -95.617629
-111.509228 -11.465322
-106.634428 -28.37528
-65.155963 -77.517225
-100.553698 -24.608496
-96.884239 -31.638943
-98.2245 -22.066426
-93.112754 -10.027183
-44.117704 -90.210468
-114.968433 -25.517837
-58.44158 -92.810649
-53.533077 -74.845579
-40.213496 -74.88174
-105.722829 -24.061201
-48.972735 -96.193242
-110.761507 -20.554245
-84.001214 -24.692203
-59.58498 -84.855191
-32.122823 -90.234832
-47.278052 -78.701504
-54.413718 -80.650947
-60.421496 -80.142325
-106.256957 -26.239392
-104.896671 -15.760683
-102.561176 -28.931129
-86.671397 -14.329765
-103.919597 -33.691627
-59.559844 -94.432139
-94.457611 -26.327326
-94.373186 -8.184267
-32.11349 -82.430077
-113.498497 -8.018287
-113.393507 -17.132554
-46.904086 -88.72292
-111.067762 -19.103982
-94.321709 -20.692513
