//Synthetic=Synthetic_01459_J60

J=60
MT=20
Vd=2
Vv=1

p: position coordinates = 
0 0
-12.940001 -2.967211
-48.163516 -2.456899
25.084958 -51.385026
-34.268611 -9.6976
2.111788 24.972968
-31.065306 1.763123
-38.032713 -11.001549
42.176727 10.750601
-30.070434 17.459352
34.852744 -16.953201
-41.063211 -18.268006
16.537221 -57.700598
53.638646 -11.568999
-7.976283 -68.780488
3.362654 26.922358
23.998502 11.394176
23.984521 1.448735
-19.866655 -1.974503
4.117769 -49.75098
47.399446 -11.167533
6.40146 23.500426
61.679188 -23.878008
28.285803 1.414364
11.867461 0.006078
14.768883 -1.467175
-35.996543 8.173726
15.552032 -8.821617
40.041482 -22.823702
47.657694 -8.606049
45.223582 -9.832366
-0.973144 23.218984
-21.418524 -43.5146
-17.962284 -52.58167
-38.315691 4.141266
18.048336 12.063324
-32.88232 -28.704246
-35.071974 -20.707246
-31.765676 0.280182
-32.345912 13.063111
37.95996 -30.468365
39.286282 -23.77906
13.337195 -25.025859
-5.904872 -24.727543
34.015386 3.131239
-29.457711 14.034432
16.550635 -1.565926
2.330018 22.690475
-9.517923 7.214668
-51.752372 -18.174228
20.782605 -4.55935
-13.811316 3.082164
14.930015 -11.594539
-15.823164 -4.409776
14.23128 2.309514
-33.416693 -2.505482
-38.652796 -16.341023
21.449135 0.510519
-30.614524 11.065479
62.707853 -27.411771
-54.528297 -17.654932
