//Synthetic=Synthetic_01706_J80

J=80
MT=20
Vd=2
Vv=1

p: position coordinates = 
0 0
-48.818748 11.58478
-29.798123 -43.821377
-11.122733 -39.70325
-54.905366 48.086764
-14.235592 21.780524
-26.389038 6.539143
-22.77638 -26.374069
-47.304939 -6.476309
-23.62269 33.453169
-85.877447 -6.102245
5.50683 2.024309
-86.974548 -6.292906
-28.058862 -42.98113
-51.495158 -30.861036
-75.493811 15.230879
-16.461923 -51.593929
-10.826269 -28.318473
-73.502756 -33.215249
-39.400202 -15.935489
-68.236277 21.916945
-61.660725 8.748438
-23.268041 1.182207
-59.740817 -49.212845
-5.07804 17.965355
-66.027041 32.998481
-13.605286 -14.408798
-28.775099 19.988797
-47.101585 -34.945454
-16.568059 -60.90763
-55.010755 -1.024828
-75.28851 -1.007065
-36.306891 -24.745053
1.336677 18.23129
-32.380057 -23.040506
-39.271703 -2.507832
-16.113579 36.693767
-48.739085 40.844061
-37.173747 2.011878
-33.70376 25.656635
-25.910803 -1.947068
5.179303 -19.332921
-47.967354 -17.802103
-36.932205 -33.951496
-84.856897 -29.475644
-83.20566 -16.087882
-59.497736 5.995724
-43.119108 -24.83813
-38.154797 48.744701
-86.308042 2.558834
-68.929788 -16.699408
15.446752 5.11869
-31.381728 -28.206898
-2.63495 0.931456
-16.889453 19.700874
-20.699519 -58.527157
-33.034517 14.808287
-26.976797 -67.183037
-76.277899 -6.49225
-41.025331 2.045008
-40.523653 12.523404
7.796679 17.856594
-32.150261 26.672476
-67.812903 10.646763
-34.550673 -56.752543
-36.974694 -16.629181
-75.760245 -2.36348
-61.840252 -0.250345
-92.701032 -3.492217
-42.34089 17.069159
-33.567693 18.295003
8.627142 -6.709835
-45.02849 -43.86972
-27.923947 24.936168
-61.774967 31.652083
-49.529754 24.810821
-17.97597 -21.981592
0.492409 -5.376506
-50.841253 38.596166
-14.198642 34.727935
-38.017656 -14.782198
