//Synthetic=Synthetic_00296_J40

J=40
MT=1
Vd=5
Vv=1

p: position coordinates = 
0 0
-28.411947 -10.261019
54.147632 13.642349
-32.850335 -15.358352
11.813591 -19.693726
17.392146 -10.618897
-26.661222 -26.60557
57.164379 -0.188934
-68.885197 -18.09115
68.033168 27.959069
-19.385762 71.821745
14.274524 44.445667
13.199601 -27.954156
14.426304 -35.641339
-49.313875 16.215362
31.504009 -67.519409
-22.598378 -30.856571
49.017581 7.020141
-6.013489 -59.794382
-4.342716 43.222474
14.651766 51.685396
9.990681 20.195822
3.576637 -64.709405
-25.984611 34.303754
2.613615 1.318575
-57.179498 12.152624
-30.433925 -6.281034
48.335345 -46.48634
35.421445 -21.177948
-53.222526 -22.245164
44.726239 -13.57343
50.204698 -19.36855
-2.749105 8.241014
48.857619 6.163938
57.287847 19.967087
-44.72059 -8.180187
-27.021287 45.10953
15.970649 -29.644012
67.358611 31.334855
-20.256374 -53.396468
-19.088183 31.114852
