//Synthetic=Synthetic_00367_J80

J=80
MT=20
Vd=2
Vv=1

p: position coordinates = 
0 0
67.177955 71.832512
-2.134286 85.892074
57.565182 58.601935
68.316634 69.631261
55.453035 66.198526
-5.501729 77.802183
-13.713782 91.962734
-13.722286 87.62095
61.057191 62.431076
56.63021 71.911495
53.117055 69.778187
64.582399 63.769257
-14.999648 93.314854
61.173721 55.144004
-1.020022 83.736923
-17.468248 79.667697
-14.711807 91.79746
-4.208619 82.639626
-4.700956 86.356201
-20.526201 75.114792
-20.016368 74.014936
66.455416 59.268477
-2.513119 87.126538
65.516235 62.415292
67.073864 67.421995
-4.000807 73.54002
56.90755 57.38785
59.42246 56.902603
-6.892009 96.74351
-0.633946 92.302033
-24.127364 77.933411
-16.014252 81.488879
53.413324 70.452085
58.507148 69.805153
52.198006 68.598367
-1.315499 75.018626
55.615418 70.041324
-12.689001 82.220297
49.235195 65.793911
-21.705343 90.454425
-17.769823 77.543562
63.67361 69.711143
56.97723 62.082949
60.336992 73.638311
-22.437723 89.580074
55.869464 62.487169
-12.597147 83.271477
43.88771 73.11842
0.176942 88.507237
63.68533 68.555878
64.493222 68.013173
58.376641 49.200919
41.344651 60.779664
-7.695701 75.804439
-5.087849 85.512351
-16.35865 83.735791
-7.125605 83.812788
0.226849 86.270968
-15.233239 72.284016
-21.257677 78.838765
63.126013 72.568108
52.030352 64.111467
63.876114 52.704569
-8.930497 84.159493
61.133577 71.89471
-12.457171 98.780387
-17.073082 83.841601
60.49472 72.637129
46.419029 45.539823
58.216231 58.578893
52.754889 74.224666
50.49485 42.820131
-3.896486 85.597977
-7.871252 80.570939
49.007915 41.431629
70.076031 62.396645
61.29517 65.107411
66.330838 63.541142
-17.084357 86.976564
-15.603118 90.327574
