//Synthetic=Synthetic_01759_J100

J=100
MT=20
Vd=2
Vv=1

p: position coordinates = 
0 0
48.596338 75.62311
39.243399 83.072625
39.559738 64.799442
48.765772 84.776564
55.24093 69.049074
94.275858 12.553929
97.282436 15.970515
53.433316 67.346478
79.543885 23.96475
86.638146 18.602517
42.709462 82.170397
46.03508 78.377273
91.132772 14.252586
85.471465 22.915567
41.091564 80.32056
87.863229 20.500505
72.790742 24.283284
79.644588 13.253318
79.395438 31.874179
39.019035 86.951047
46.648204 75.424294
88.375445 23.109592
41.448279 82.847408
91.604327 11.375773
89.71722 22.966679
48.756375 78.039109
81.451201 17.468995
40.532244 65.819911
82.341439 16.07989
88.659878 19.098465
83.066877 36.943452
36.66485 77.354569
46.791195 73.191756
75.143356 22.047845
32.79952 67.455346
85.950084 20.092816
48.017416 80.108532
44.883876 82.101911
89.990193 15.563329
93.302745 5.913866
76.415731 10.404656
38.82793 70.503848
82.187445 18.531034
75.994918 20.17725
38.228447 73.773727
92.737374 24.615967
81.144195 33.266042
82.738995 24.597026
72.457884 30.83497
52.764013 79.15703
36.725965 74.134404
82.536451 18.023045
84.594574 20.279553
53.275265 65.107468
93.552624 21.817232
68.494508 11.54008
30.877112 81.537647
74.859858 32.076121
60.235893 69.394772
91.014852 27.853845
77.578127 20.249011
85.814124 30.423029
53.536016 73.829175
41.843227 87.510497
87.166104 21.834345
46.442054 83.093974
88.93236 29.619802
91.344805 12.014331
48.218422 67.038012
101.057639 13.453435
34.973612 67.524717
50.474009 82.729576
37.486821 81.303716
42.891832 80.893169
44.784178 88.156692
34.974633 75.543779
70.559483 18.866776
34.486422 76.669154
93.43444 27.203184
69.677875 17.173599
86.357001 25.345843
80.386798 15.402016
84.484578 18.973983
40.050228 76.193522
29.641061 72.474288
83.144338 12.82352
41.316956 84.815867
88.226342 28.795037
25.862792 66.298484
44.413478 75.628264
91.63598 15.840262
77.003801 0.987996
82.365892 20.503952
95.088843 15.117681
50.795912 67.329888
89.146919 15.855412
75.370197 0.760905
55.933758 68.577413
83.615273 24.679047
27.566069 77.043932
