//Synthetic=Synthetic_01356_J60

J=60
MT=1
Vd=5
Vv=1

p: position coordinates = 
0 0
6.410385 -11.694356
12.615698 -5.908064
9.467607 27.924689
18.853483 30.519797
-19.65098 6.514969
23.616175 29.646231
22.80626 21.187353
-9.923463 11.069663
14.9829 -9.93328
28.346616 25.250478
-39.783134 7.358802
-16.371425 16.130434
10.612502 -8.140747
26.497148 37.162355
9.467547 -9.161345
14.497471 -6.917699
-36.111971 -1.744512
14.060217 -5.510773
23.985364 -9.657735
18.67794 -2.770337
17.728664 33.393445
-32.565476 -1.537844
14.971646 -4.27399
-18.640661 12.631199
-34.969331 8.290704
-32.131488 12.084851
-9.54397 18.917113
11.081844 -13.411669
11.76588 -8.761746
7.880708 -7.343597
-31.438758 11.332851
-17.163731 18.674969
-38.338486 -1.878942
2.858883 -11.061077
7.398057 -4.945746
-16.711379 17.522019
-15.439937 9.369844
-46.142504 2.465589
18.120702 24.746376
19.67567 23.557849
9.244051 -12.374002
-40.961335 6.905284
18.264856 32.252975
11.691811 -15.180118
20.766295 16.690105
-6.011737 13.184475
-11.665676 6.867088
-10.937221 18.976322
26.048182 26.428698
-26.092403 -7.408363
12.757681 -19.031438
14.675185 -12.996345
-8.562943 16.955712
11.298237 23.684769
6.228786 -16.435753
15.51732 -16.154227
16.836902 29.902294
-44.900043 10.283192
-7.474681 11.56172
19.94531 23.038296
