//Synthetic=Synthetic_02076_J80

J=80
MT=20
Vd=2
Vv=1

p: position coordinates = 
0 0
-13.877797 85.72361
-75.851258 38.78633
-72.0996 42.996632
-14.539635 74.728143
-65.307205 44.318829
-84.338227 44.800866
-68.432742 50.390919
-28.151058 84.622933
-21.418874 89.736423
-19.316214 86.002808
-24.03044 82.92659
-65.447299 54.798547
-13.373543 89.43471
-17.923001 79.854887
-73.989384 52.228584
-14.223488 84.737003
-18.197556 81.873046
1.850511 80.654135
-16.037043 83.942318
-16.366159 90.244522
-69.875533 51.658515
-78.663681 42.516133
-21.278916 82.462026
-13.963535 85.971094
-64.437249 53.542475
-74.703243 48.107595
-72.517859 39.912209
-62.078923 57.775733
-75.369825 47.081178
-64.321858 23.185551
-6.904057 77.016374
-11.000434 73.985131
-63.126001 44.530063
-79.21895 49.197486
-63.511038 52.660037
-12.11678 87.243522
-78.889352 39.915292
-55.292655 36.99272
-73.85137 43.429853
-67.541403 40.313432
-6.07239 85.285388
-78.749526 49.60309
-16.033741 84.254813
-64.331625 49.753258
-20.88914 86.510077
-62.252033 51.438125
-22.041316 88.158139
-67.239569 35.522297
-80.117168 44.886676
-18.694949 70.398752
-13.892908 66.076968
-25.479981 77.643063
-30.203271 78.281932
-18.299929 88.826316
-6.385863 81.930771
-70.078571 24.87917
-2.863864 77.706843
-19.938723 84.630794
-71.838895 46.370181
-64.844884 43.285881
-60.388705 45.861432
-76.603874 40.043073
-22.081386 87.097287
-20.147437 82.779016
-79.508033 48.550378
-58.997638 44.270999
-14.984006 93.010687
-70.052327 28.172213
-12.60769 77.924881
-7.924101 93.02325
-63.611849 54.596976
-57.752929 42.471028
-20.455787 76.20195
-59.599703 32.307067
-9.696817 78.145938
-80.338789 50.637333
-8.760978 99.497606
-74.517766 53.198559
-15.547379 82.295369
-80.981754 47.065303
