//Synthetic=Synthetic_01107_J100

J=100
MT=20
Vd=2
Vv=1

p: position coordinates = 
0 0
-73.876875 -31.831201
-89.134382 -37.156173
-16.709392 -87.16988
-34.429493 -86.151897
-58.049989 -39.675754
-59.741352 -24.800324
-73.731126 -41.312598
-78.452889 -38.612769
-86.330106 -34.065998
-66.237726 -43.559822
-67.539403 -32.354324
-15.005077 -86.119905
-29.63725 -91.013688
-82.066531 -28.642598
-17.757663 -78.22883
-33.864897 -84.803912
-19.824911 -78.204382
-67.918919 -29.415965
-33.807891 -86.721556
-69.203022 -32.620711
-58.800279 -24.373901
-29.77438 -78.135362
-6.673408 -80.790225
-69.838422 -37.194516
-70.909674 -40.166361
-75.577205 -30.184695
-20.515906 -90.006803
-74.562418 -38.741385
-78.816611 -43.812686
-77.676379 -26.230139
-28.047386 -77.411857
-22.59617 -65.005276
-75.907612 -30.772019
-67.330061 -39.595327
-60.166181 -27.168261
-74.400733 -45.890518
-77.172041 -27.061704
-78.132659 -24.519655
-74.284949 -35.258515
-67.784426 -34.733976
-17.49059 -82.076914
-70.855501 -29.510991
-73.01696 -38.773497
-20.825297 -88.813789
-37.903633 -76.034913
-26.484646 -78.719117
-77.743054 -30.253782
-76.592751 -28.380033
-76.898114 -34.453558
-17.691614 -91.881848
-71.746206 -35.50748
-80.00321 -34.038601
-17.606004 -92.284616
-13.918899 -72.7722
-28.236952 -76.495643
-70.899221 -45.605324
-72.902589 -36.485249
-61.357468 -32.778685
-16.706111 -91.09367
-84.955846 -37.348165
-71.801738 -24.673278
-84.067782 -30.43011
-20.400142 -96.173268
-18.971546 -78.473956
-75.33221 -38.548066
-24.215903 -79.514925
-63.130912 -41.368739
-72.094719 -39.388225
-23.435734 -77.742118
-67.619453 -35.189882
-75.52705 -50.582962
-30.192415 -79.634646
-76.616672 -27.662632
-68.170648 -34.725311
-71.062339 -37.887729
-66.478447 -36.684815
-70.482801 -30.111419
-29.633999 -83.746765
-28.823851 -88.539107
-76.597045 -30.109382
-75.949268 -26.121794
-26.121949 -87.4069
-71.197553 -37.698207
-64.758826 -35.425489
-34.93317 -75.976347
-61.001023 -21.515246
-73.865411 -37.549724
-71.643828 -41.550228
-87.032864 -37.266652
-84.826425 -35.030405
-74.851145 -30.827962
-23.564135 -70.531513
-23.42127 -92.30832
-79.699857 -29.617418
-79.219072 -45.904965
-80.033774 -33.455743
-64.917504 -26.488139
-76.038992 -32.682254
-24.529456 -84.033989
-74.173145 -39.004647
