//Synthetic=Synthetic_00253_J60

J=60
MT=20
Vd=2
Vv=1

p: position coordinates = 
0 0
-35.520402 -84.874427
-16.027551 -81.701801
-63.480203 -32.856699
-21.836276 -70.717277
-28.606388 -73.39916
-20.601665 -71.560079
-73.399233 -28.493903
-24.118031 -75.698923
-73.286063 -26.642449
-26.806202 -65.70378
-18.85922 -64.537925
-71.15917 -25.056213
-22.769171 -84.177046
-65.456791 -16.25239
-29.065847 -72.922735
-28.245439 -69.470677
-63.918381 -35.47494
-9.324808 -74.466389
-66.136454 -20.993716
-65.110485 -24.679619
-28.779124 -76.071095
-21.846435 -69.229839
-25.997853 -68.211359
-27.961789 -65.614633
-25.910212 -68.160258
-67.056377 -12.325571
-33.144061 -69.854135
-32.76903 -66.401007
-19.387839 -74.144531
-18.749238 -73.765326
-64.390348 -35.375712
-32.210348 -72.201608
-23.143814 -77.168565
-65.282684 -33.249472
-52.751183 -29.364364
-22.771069 -70.85738
-19.534269 -69.560724
-70.53319 -34.439139
-22.808128 -66.607775
-63.093332 -16.290681
-29.643864 -72.040665
-26.107046 -77.400635
-65.928163 -32.122128
-29.89943 -68.399012
-65.593693 -35.016982
-30.22551 -79.894428
-52.164031 -32.905965
-72.642613 -21.605379
-23.739752 -73.576667
-69.579806 -31.254009
-23.444041 -65.890953
-25.196326 -69.943687
-20.722444 -74.861283
-60.907433 -33.027454
-62.407043 -27.991799
-19.372865 -66.382926
-65.364867 -30.875858
-70.568041 -25.389979
-55.066055 -25.243878
-57.948984 -28.136837
