//Synthetic=Synthetic_01878_J100

J=100
MT=20
Vd=2
Vv=1

p: position coordinates = 
0 0
40.619256 -1.686005
34.508651 2.104701
40.443459 -12.430659
48.725637 1.3834
59.987121 -5.426199
42.326931 3.513873
45.680336 -8.182503
17.723682 -11.85001
35.845395 -7.302737
18.469363 -29.642931
-7.803981 68.763649
-9.662111 72.816946
9.935877 -27.777136
-1.121441 62.740335
8.108501 -23.814695
17.246832 7.147399
17.041303 -19.437121
33.928348 -14.295026
-24.947027 73.657449
40.024181 -4.624595
-7.25574 80.123527
2.690516 66.120638
44.480505 1.880385
42.575432 -4.714727
15.671251 -8.613654
21.013213 -5.917605
46.31457 8.855545
33.765737 -21.22487
-21.319687 80.394249
13.235233 3.571476
-13.108913 67.372917
50.63896 -8.03911
55.8085 -9.167488
-8.588635 76.677941
38.054503 -27.421555
-17.062031 78.694439
33.541366 -3.042832
24.140484 -14.984852
49.872907 -4.350084
16.750328 -14.792767
35.76762 -10.723198
32.761204 -7.663995
21.02044 -15.532507
36.998351 -9.688218
45.219241 -11.009388
42.597277 -2.423026
43.199775 -3.505468
28.621667 -9.041791
24.802386 -28.083073
-0.831364 64.915415
41.261583 -20.618066
38.348096 4.642237
6.703764 70.717013
-16.433303 71.163353
28.79838 -30.73323
45.166222 -0.822657
29.075748 -6.427513
-9.441444 72.202783
3.633735 59.659442
31.781846 -4.653933
39.889831 -0.988808
-11.206812 55.98532
36.192581 1.780788
-15.020271 56.489215
57.860002 -15.584032
24.095855 -13.598015
49.612913 -8.653054
55.999247 -3.190348
20.403662 -14.207591
14.528462 -5.749716
40.580042 14.106067
35.814179 -14.257026
26.665816 -17.729525
-7.116028 74.069629
-13.858607 73.367419
-3.795291 67.412574
45.923354 16.309024
36.835839 -6.875734
31.813057 -29.78628
25.575269 -14.691087
-10.180992 66.704109
-19.825607 60.642538
-17.600215 64.383377
21.164844 -13.859304
-16.557574 78.000559
24.008863 -22.772677
41.87531 -9.212349
-7.372627 50.062187
38.088126 -8.137418
2.213637 -16.405472
13.084864 -6.617774
26.776288 -16.395233
22.602182 -29.445464
36.075574 7.168999
23.720316 0.064425
41.252797 -15.244334
-23.380526 66.039792
22.702918 -15.271723
-5.17166 64.0817
0.948909 93.78941
