//Synthetic=Synthetic_01726_J50

J=50
MT=1
Vd=5
Vv=1

p: position coordinates = 
0 0
7.387376 30.144333
-14.933692 54.910613
33.484355 6.207187
-10.305405 57.150556
30.151397 -28.71071
19.27091 34.81132
47.418394 23.271855
2.942064 42.15892
19.18279 18.635745
-41.882934 -4.853485
16.012963 -44.24523
-39.406274 -23.904748
23.164365 13.980867
-2.350586 -9.615166
24.35939 -7.432153
-43.344585 -13.288493
-4.450407 -37.991291
-40.992288 18.303197
2.486006 53.563518
6.506587 -20.801401
21.498957 20.294424
3.193216 28.514394
11.61355 -12.051319
7.304223 -52.677223
-25.159164 -29.360669
16.157982 3.541168
-18.534914 -2.350298
-23.249068 1.409239
47.750494 11.17927
-41.103353 -0.134053
-56.540289 -21.485411
48.388197 21.879694
-17.946524 -43.561816
21.587513 34.475989
27.81442 18.60444
19.995374 25.009417
28.35808 -39.034608
37.797618 11.073195
41.260383 12.552913
-5.824775 -25.265242
-15.150986 60.332736
-16.086148 -18.929943
7.467373 -15.062055
22.653221 22.868716
34.039713 -18.445431
37.384188 23.999613
-11.340684 -46.297618
-0.391197 -39.343048
-31.940454 42.090305
18.547374 29.36435
