//Synthetic=Synthetic_00286_J80

J=80
MT=20
Vd=2
Vv=1

p: position coordinates = 
0 0
33.69588 -21.019699
10.347928 33.232955
22.296338 15.626386
1.385989 -8.533821
-37.958153 19.913608
-17.451208 82.433502
35.355071 67.033454
-11.045717 0.936441
5.886161 62.850391
-11.937951 -2.728328
15.665658 26.061619
-20.668106 2.774906
-16.976614 58.712084
58.223989 62.073577
32.190327 -15.176664
-12.38208 30.774268
20.108785 19.437121
-17.856487 81.273624
-27.166287 73.660164
-19.318102 -3.165295
36.587352 -1.197989
-14.865086 43.561133
30.322935 -10.379977
25.956188 46.071605
35.443934 14.008406
28.87209 24.638331
12.966424 30.145191
-37.987586 -9.259278
-29.591868 36.705635
10.919635 47.079263
-29.750015 -9.8155
-17.442908 43.811796
38.128989 23.452605
-23.670502 79.251454
36.741405 -21.533189
-31.535858 56.77741
10.278391 63.686814
49.605125 -17.489456
25.720506 28.999588
29.481609 0.062021
-32.471451 40.475654
22.146557 -7.905018
21.175193 48.557429
-31.66199 11.522789
11.392498 20.23008
-37.783165 5.990143
-11.645379 -7.743916
58.414608 61.07352
-35.938009 25.503371
-13.429521 -2.874267
-16.273539 14.945338
51.080985 53.561535
7.464726 14.563204
-41.985874 7.793287
-25.417471 49.080256
24.313467 -4.260288
52.351488 11.729841
6.232262 43.137146
-13.034093 -22.276276
-42.989394 -5.960155
27.201429 17.8752
25.314016 78.971477
14.52484 -17.96396
37.50168 -15.526003
4.316049 43.465099
61.284821 64.548348
-30.811049 27.527444
-44.805891 -2.457646
-9.829731 66.409802
40.153229 -16.413976
12.326871 11.323014
22.211195 -4.732657
12.33879 32.122261
-21.83277 12.936206
-6.711434 82.216074
-35.445033 48.363564
9.209098 2.911929
1.923847 44.564276
16.001188 31.594164
-10.186264 64.845936
