//Synthetic=Synthetic_01769_J40

J=40
MT=1
Vd=5
Vv=1

p: position coordinates = 
0 0
23.286771 -34.626328
17.689365 -23.839673
34.856831 -35.606533
-24.030328 -58.11571
-40.772266 25.267015
-16.75698 -49.095688
12.515268 46.749446
-3.759747 -10.968326
-16.299107 -18.781354
11.261908 51.298537
4.535438 33.167314
30.195606 33.83066
-11.617864 -22.122149
-2.1676 45.116557
-41.136821 6.015076
7.528648 -19.362371
36.634624 29.32145
9.772348 26.96027
-14.263272 0.225506
33.522886 21.79471
-3.33591 -48.622103
10.155331 -17.943015
10.081116 28.22952
-28.957855 -41.050704
27.947106 -35.267217
-3.452784 8.585972
-30.519668 0.082205
26.93667 -7.647959
0.659822 26.995773
-9.514812 30.357766
-57.421633 22.878244
-17.061763 -54.871053
29.697719 30.175543
20.124263 -6.779396
-41.772401 11.36456
7.931909 -29.366488
-4.567152 13.512375
-54.606807 16.046413
-4.313389 -35.096048
3.994987 -23.253996
