//Synthetic=Synthetic_00705_J50

J=50
MT=20
Vd=2
Vv=1

p: position coordinates = 
0 0
-4.449747 -49.452459
-32.505972 -0.834649
13.07582 -40.696021
-34.925855 4.609617
-19.75491 71.843856
-25.590928 7.683255
-46.278793 77.703086
16.346324 -32.672257
-26.17306 6.28746
-32.041711 -20.05371
-27.092509 77.098409
-36.086868 70.390146
-24.468114 3.198852
-34.68794 9.852614
10.33793 -35.748257
-19.201261 8.581765
-33.917499 2.512705
4.732922 -38.642564
1.502044 -40.655916
-53.070382 69.248523
-44.478759 59.610506
-22.046753 78.517457
17.343148 -39.644749
-39.658176 80.714964
-26.656875 69.156175
10.438206 -43.656145
-43.952412 88.985191
3.871712 -25.237828
-27.996677 -3.013245
-19.30579 1.44751
9.959747 -50.042714
-22.283036 67.022451
-27.431061 -22.334422
-28.717586 78.160703
-35.032225 78.316135
12.670578 -43.341289
-40.320202 65.803188
-4.029046 -26.561255
12.955159 -34.196612
-6.335638 -33.362951
-29.475228 59.796506
-0.337563 -31.926767
1.410029 -36.628033
-0.497185 -33.274447
-38.90182 85.585901
-40.416728 78.240419
-43.684581 64.550778
-30.643883 -6.21842
-32.026065 1.289575
16.460052 -51.176224
