//Synthetic=Synthetic_01462_J80

J=80
MT=20
Vd=2
Vv=1

p: position coordinates = 
0 0
-30.36298 21.181127
-49.050017 59.458992
81.239893 -30.991596
-28.55927 -32.256681
17.49947 -34.68402
51.343522 -24.886993
-42.16729 -9.60937
-55.432116 54.893652
-48.478446 -67.788868
60.193479 -42.33542
-12.044896 37.578897
-31.626505 50.308585
-48.776614 21.240611
27.041413 -27.926705
69.626934 -20.075339
78.162363 37.625587
-28.838798 26.922741
65.724673 -22.756673
82.925516 -8.199036
81.173309 -28.217285
-31.103009 26.938334
33.529926 5.241083
23.8381 77.870573
41.968065 -6.224324
15.787476 81.331527
-23.706174 29.224633
-66.448819 -54.658018
42.059607 57.960572
-24.610327 -78.819935
63.346073 53.740393
65.412391 21.569056
-29.839544 27.527571
-18.265168 -70.386647
58.141442 10.14683
56.391812 -50.684046
79.238133 0.995269
75.306696 36.556778
-78.998336 -22.488168
-32.87092 18.827701
26.552964 -0.985313
11.849168 31.510527
21.277609 -68.011667
-3.710242 62.266859
-25.983416 -13.871395
63.243492 38.760012
-28.60014 -50.940987
46.795194 32.584504
28.993246 49.342973
-22.051067 -79.006272
-70.106599 40.335085
75.802643 -27.773954
20.168866 -28.644068
30.701035 -21.932274
-61.856506 48.449065
-7.994551 -48.779466
-37.54808 55.862441
-60.798381 46.606957
28.58466 69.923481
-32.612632 5.063345
70.653153 -3.925422
-7.740369 83.839662
40.26637 63.066677
35.868929 -34.246794
-49.963316 -42.931426
-47.785113 18.473621
21.002077 -59.127169
22.606557 -21.1113
56.859617 20.442314
45.119669 -3.183311
77.732619 -10.839258
-72.013191 20.985799
-46.880374 -0.510036
42.230552 -70.426832
-43.080982 73.229019
7.243232 48.400327
-43.901465 45.704614
48.487398 65.733013
8.093176 -31.103575
8.67534 -40.383214
74.69211 -37.088166
