//Synthetic=Synthetic_01284_J50

J=50
MT=20
Vd=2
Vv=1

p: position coordinates = 
0 0
-56.714706 24.824403
-36.363363 41.093433
-13.432475 -30.821718
68.938903 -1.484286
-68.844579 37.135134
-19.90604 -41.540229
-52.766009 44.154413
40.705231 19.607477
33.473712 23.788319
44.764313 18.744515
67.961247 -11.485196
-45.595302 39.830178
35.262992 21.6366
24.491672 20.673332
-22.098576 -28.837083
-39.666391 35.814813
77.417464 -9.849891
72.990854 -11.739192
38.763858 17.073542
-75.41085 22.848077
-41.566009 41.24248
-7.281857 -35.435235
-22.1804 -26.21261
-45.838908 35.712053
26.079503 24.292493
-15.903181 -40.948748
-59.438103 24.415086
68.32906 -7.126048
-35.315356 32.802392
-5.424444 -26.251218
32.264473 18.329306
-10.236128 -21.281484
-62.519541 26.312799
-15.030203 -36.199188
-55.163178 33.197402
-58.338469 22.370959
-40.255522 34.623146
-5.939108 -31.060458
-27.921717 49.662126
-13.568697 -35.690588
43.912372 9.472736
69.79739 -15.068032
27.862772 8.124562
71.464245 -12.689536
-58.293919 40.346496
-42.73943 41.540001
-26.757402 -23.029908
55.803515 -17.764119
-29.881972 -29.495185
-18.001461 -24.241184
