//Synthetic=Synthetic_02070_J30

J=30
MT=20
Vd=2
Vv=1

p: position coordinates = 
0 0
-64.308898 42.678114
-51.198067 32.456833
-17.305035 75.803074
-67.38271 45.553186
-74.246461 36.985319
-53.113144 34.966606
-20.901975 76.543666
-66.540057 30.851938
-72.613097 38.836503
-54.296383 33.4648
-71.72794 36.51985
-10.975302 73.678675
-62.701968 16.810882
-1.570469 67.481197
-11.383918 74.195679
-64.452997 43.110436
-69.5523 34.288029
-69.826403 26.07233
-3.537868 72.789437
-62.209278 33.674883
-63.858191 40.091172
-65.357156 30.880464
-9.861543 83.121793
-70.929004 39.518944
-62.323334 35.60298
-21.719352 68.502546
-75.177123 35.468649
-19.582072 70.738352
-63.201192 34.650925
-69.803793 45.498939
