//Synthetic=Synthetic_01094_J30

J=30
MT=20
Vd=2
Vv=1

p: position coordinates = 
0 0
6.543448 75.957698
-50.990712 59.519621
-61.188512 43.716657
-5.807709 88.426312
3.654561 95.564389
-3.514295 89.110629
-0.713044 90.659956
-58.52834 51.971086
14.176011 73.793632
-64.481321 55.428959
-0.052272 80.778393
11.427825 99.61306
-56.190564 57.254333
-9.410187 87.180426
3.411994 88.461836
-60.780635 73.6507
-65.903189 53.839872
3.575178 95.057934
6.553717 86.25149
9.937745 82.326939
3.85083 104.264667
-63.804737 58.343389
-76.349814 65.200324
12.454024 84.308563
-2.882258 86.83532
6.623658 77.436501
-60.535535 61.984704
-72.430675 60.50445
-13.234258 97.780194
7.598489 72.719686
