//Synthetic=Synthetic_01442_J40

J=40
MT=1
Vd=5
Vv=1

p: position coordinates = 
0 0
20.810278 -30.458229
32.251995 -6.970023
37.817788 -0.041267
-7.912717 -49.373698
-42.45395 -16.205231
-8.271639 6.594065
-9.767812 -32.599628
-22.047201 3.311823
13.531322 3.280925
49.713387 -11.315567
2.805259 17.599645
1.871958 -19.039575
-29.970292 9.687557
38.898096 -9.788619
45.822425 -3.785153
-7.669061 42.053128
18.739977 -25.964391
-2.73925 15.311279
-56.089345 16.71404
-12.372683 31.467466
53.690618 -2.3881
-23.405982 22.800788
13.892349 -1.804528
-40.083063 20.523464
14.276189 21.690317
19.526752 -33.29231
51.246672 -11.238898
-23.914288 11.727236
11.811626 40.695379
1.328424 22.160562
-35.354427 4.287266
12.103445 52.930211
-45.510139 -6.732997
-16.334673 -49.453568
41.202031 17.753726
1.151444 27.833443
-21.120327 -21.289937
-32.835705 2.946397
-18.090315 9.322004
49.374785 -19.76372
