//Synthetic=Synthetic_00698_J40

J=40
MT=1
Vd=5
Vv=1

p: position coordinates = 
0 0
-28.195451 34.09768
-23.450863 37.191406
5.926883 16.578185
-25.339578 -4.150329
30.613464 -25.069603
32.385103 25.681344
-0.177602 9.064198
-17.133194 -44.253894
7.511078 19.417384
-7.655528 24.630403
18.187057 33.983586
40.278875 -24.303517
-25.576049 -28.869513
40.613231 -6.932928
-32.887134 26.352896
12.202959 63.96574
-4.745563 33.675987
14.492485 39.135286
-26.331511 -34.157718
17.186416 -28.320589
4.960507 16.128007
36.261813 -21.281115
8.450575 -26.043631
6.341794 59.36652
33.480362 2.99936
7.514973 26.164069
-39.828514 -3.329433
29.04784 -25.914102
13.113811 8.78991
-11.45306 54.425746
-20.518835 -1.040388
-12.118692 21.660242
2.709409 -7.444086
30.574909 12.717761
-41.986064 2.361381
32.928831 10.628943
-27.877815 33.913672
-27.199616 8.954683
-16.944829 26.358263
41.724459 3.04538
