//Synthetic=Synthetic_00117_J80

J=80
MT=20
Vd=2
Vv=1

p: position coordinates = 
0 0
43.038804 4.685965
-45.038954 11.296931
57.910006 -65.056018
-70.116193 -73.215151
97.94847 -21.109878
62.929481 1.47415
-84.785184 34.920257
-2.808436 -71.717688
28.488245 90.823018
68.989466 27.560041
7.909462 82.065509
12.519996 82.050069
56.090361 65.702386
-23.864525 35.022975
24.520984 -36.9202
5.522047 -77.956416
-6.438826 71.507677
63.024831 7.980192
36.854972 0.958682
-22.523562 -82.957376
42.140924 -78.270152
-28.113693 -86.875874
-72.362376 54.180356
-95.51323 -37.851259
-62.580627 54.02744
-85.295018 -16.589571
-65.202043 39.162855
-103.707794 -20.239308
13.381299 34.818776
47.446492 51.697259
-28.970243 -60.488872
-88.273827 -1.642917
63.370649 17.768666
28.541505 -43.613364
-74.247422 -18.415297
99.043429 27.110382
-4.274755 -87.555039
9.941722 -95.726512
39.242447 -55.78567
-1.097024 46.081209
-0.1976 73.466279
27.251252 35.874483
26.615998 42.159548
-12.613681 41.424899
22.546212 -83.2255
-37.777297 59.475411
8.294143 41.956075
28.362295 -42.591725
-31.785437 -59.994214
-9.164826 46.172486
-68.145504 -68.129656
86.834749 -25.849967
50.795853 -6.261346
23.009299 49.609165
89.482944 13.016634
-41.20306 23.112856
-1.420613 -43.794812
15.175335 69.564635
82.531978 24.75496
21.67352 -31.751396
82.474799 -43.990761
-28.661622 90.651803
37.428746 29.845852
-69.004998 -61.915882
-56.758629 -0.385909
57.85695 -50.294078
54.760546 -29.402167
-23.326342 70.719795
19.205053 -39.23277
9.125348 45.106887
21.1569 64.521461
34.851416 14.406543
-57.592312 -55.690258
58.081931 18.467851
-78.008328 -65.881075
70.016914 -32.099129
-87.523136 11.808573
6.2174 -54.17672
-19.452044 -40.657817
-7.503512 94.964004
