//Synthetic=Synthetic_00350_J30

J=30
MT=1
Vd=5
Vv=1

p: position coordinates = 
0 0
-8.065596 -34.8828
41.390798 -21.244587
26.379475 14.781073
7.227752 35.367937
14.777739 26.166931
-32.918529 -3.401203
-0.077068 17.670822
-38.044929 22.662863
-5.501951 34.455246
35.037979 -26.617427
-25.973156 -37.982458
-23.478071 3.494405
37.344254 -11.418949
12.956259 -37.720335
35.406009 7.575788
-23.928637 -17.995551
8.094521 -15.877687
-13.7464 -32.961137
-41.495953 11.235505
8.603406 14.921477
15.991368 16.072312
43.191558 3.584415
2.584827 0.801709
17.231481 -20.636882
-7.277564 -6.617487
24.131497 43.152892
-36.658644 -10.544791
-28.873392 24.38255
52.256474 -32.537642
3.695679 -6.351429
