//Synthetic=Synthetic_00654_J50

J=50
MT=1
Vd=5
Vv=1

p: position coordinates = 
0 0
-65.129773 26.869337
4.670786 -65.442838
31.319399 7.586896
-38.724381 50.962057
33.845875 54.626087
67.927302 -21.146305
30.89349 -10.644217
-22.931561 51.910574
-28.242565 19.827531
47.409255 1.60846
-31.35404 -19.351877
60.772378 7.345156
8.336463 55.958278
-41.595223 -38.280285
28.597783 -27.611015
20.210044 -65.970532
41.118733 18.191647
52.521118 -10.872058
-47.245712 -9.866448
16.035881 -23.245862
34.715091 1.223539
-11.103967 31.965605
50.993093 -3.993077
-24.128047 62.626009
33.925857 32.716694
31.186614 21.62853
25.546932 -23.590711
-53.994476 -33.302403
32.861252 -21.861392
-51.077613 -9.093436
-25.021534 60.810197
-62.73924 -37.17569
20.139829 68.119741
12.251176 -32.489274
-46.39523 -54.514111
-29.321055 30.322341
-58.780865 36.702249
1.865556 61.457657
-60.994727 40.984231
-6.456242 77.617658
30.06096 15.147257
-18.681112 57.711607
64.076906 -4.089521
-55.133545 18.507254
-39.34744 -31.834803
-59.026323 27.741428
-33.651859 -49.781494
-15.673036 -72.912828
11.191241 -31.823962
5.752322 -49.92368
