//Synthetic=Synthetic_00491_J60

J=60
MT=20
Vd=2
Vv=1

p: position coordinates = 
0 0
31.330185 -1.452822
14.454245 -45.496643
-8.814217 -55.596023
-18.090172 -15.063434
10.273399 25.149715
20.265325 29.328895
-10.406804 -56.82099
-5.308079 -7.415115
0.217362 -39.953497
-13.686688 -21.095728
9.36534 -50.19736
-1.611196 -42.802244
22.067494 -49.295487
37.165 3.220841
-15.42919 -14.958599
27.965592 5.426517
-27.918967 -52.855398
26.308812 -51.273999
30.231966 2.73063
17.433095 -52.294586
54.270583 -23.420263
-28.884712 -54.347139
-29.554749 -47.33002
8.498678 27.221544
-7.814244 6.630895
-30.358066 -57.364871
59.745351 -16.137802
-6.028887 -60.381134
-10.088896 10.756851
22.898813 -11.326622
-7.870428 -34.264612
-8.385116 -51.633188
-41.669484 -19.444341
52.625814 -24.129372
-0.974527 -40.535491
24.825417 18.401755
31.409818 2.156439
-40.021448 -29.170112
32.797959 0.674327
-38.036306 -40.323973
-19.652838 -47.301725
51.80044 -5.254035
24.387116 3.511668
9.507827 -48.546814
23.337481 -49.528922
-16.692811 -45.473559
11.411704 -42.972823
-11.75428 -55.398098
30.429373 -12.710656
-11.679585 -13.531986
24.290124 25.524375
-43.058234 -34.233721
-26.240071 -52.923028
-43.445285 -27.985442
23.908657 34.447075
3.19574 -61.892603
-24.892934 12.588428
-33.323361 -38.821545
37.285242 -17.889324
32.544791 -0.828464
