//Synthetic=Synthetic_00146_J40

J=40
MT=1
Vd=5
Vv=1

p: position coordinates = 
0 0
-2.437069 -28.472401
-16.928418 -16.428057
-11.898003 -15.28109
-21.8973 47.872922
5.870214 -23.825446
-20.053973 -11.967338
6.272568 -26.882807
1.209972 -25.675562
9.662047 -45.046462
-4.091056 -36.776588
-39.724459 41.746734
-17.590503 44.853937
-32.242115 48.900715
-20.140377 37.923491
-26.672544 46.627258
-13.340653 -12.961994
6.205805 -23.981899
-24.120331 43.020299
-7.43657 -18.285678
-19.431925 -26.417717
7.580775 -28.262124
-26.928501 35.57294
-9.70392 -18.851891
-14.832517 -19.965078
-32.533189 30.451459
-13.762391 -19.857998
-14.760315 -13.719279
-11.777192 -20.595352
-23.987978 43.875952
-15.996806 -20.223848
-0.373231 -33.706208
-30.472864 41.796601
-0.887533 -36.323742
-20.981871 40.497629
9.177173 -28.310165
-23.428894 -18.505115
-37.741403 38.876361
-23.826295 37.344502
5.891102 -25.943893
-27.323199 43.757869
