//Synthetic=Synthetic_01083_J100

J=100
MT=20
Vd=2
Vv=1

p: position coordinates = 
0 0
53.981845 -17.34402
48.921692 -4.244637
66.571288 47.46178
61.044319 -32.926341
52.700436 -41.018154
12.820425 35.146161
33.109257 -12.280889
32.631794 6.778331
46.751243 -46.29904
84.360312 31.653027
14.902036 19.109174
16.869519 66.584334
-8.783026 4.372295
57.2135 41.660268
31.483219 12.616607
29.002484 0.301601
10.806848 39.817199
14.573232 45.432419
29.765445 -24.038664
58.115729 21.735458
38.138619 42.026296
4.61311 19.773699
12.810416 -29.350822
71.836796 -12.909814
50.186777 10.273966
-2.964074 19.505064
-6.866467 3.765603
22.499096 57.252165
13.225303 -0.101285
-0.77999 0.707228
31.198259 17.849023
76.47058 17.563915
42.340376 49.959246
51.78081 -23.496632
51.406017 42.044828
55.413049 30.292264
13.631229 -6.206163
45.79623 21.140433
74.425563 -9.97167
10.634007 15.617876
-10.212618 2.016351
54.384591 -16.756681
67.437404 13.091978
57.190118 22.279778
52.070535 -7.137543
17.830412 -22.136571
16.508926 11.122352
55.974283 -27.788593
12.054552 27.530942
72.275868 28.338427
-0.201929 1.825304
16.434245 26.0566
39.534021 35.358549
-7.481369 6.796684
1.230398 29.482655
70.322917 39.010476
38.014952 42.76153
33.475252 -36.007098
26.988332 28.912078
-7.656588 14.341954
-1.88127 -10.085931
27.546845 41.371253
13.017432 48.821795
48.276779 1.525583
18.594642 -20.162449
30.642069 15.561393
42.939766 -30.570939
34.81182 32.280267
25.939208 -12.940116
27.109157 -5.634821
56.492568 35.482288
27.43881 9.316479
47.11632 -11.310897
21.069515 -32.104311
47.424027 40.17403
54.734538 -5.996599
-13.536496 -8.641905
41.411474 -13.269402
90.452114 30.323088
80.542488 8.967663
-0.420439 40.661143
18.355955 -14.27731
19.146429 0.517949
12.716149 17.141982
12.907666 -14.022928
64.559088 29.336432
39.078778 -23.564534
45.340718 -31.468425
67.606014 -7.449606
64.580424 17.235303
8.336781 -9.426732
50.222856 20.587547
33.948979 22.318389
8.868213 48.184487
-10.250478 4.946288
-22.364024 8.543689
26.208017 51.823751
21.984198 33.40515
3.636424 -14.148245
20.204706 -1.825262
