//Synthetic=Synthetic_00179_J60

J=60
MT=20
Vd=2
Vv=1

p: position coordinates = 
0 0
-46.463266 44.384608
-52.600315 18.786375
9.28659 25.154303
47.704728 46.290934
34.458472 -45.358202
40.039373 1.468482
29.008682 -47.522741
8.663012 13.887331
-28.141931 47.811123
-44.096684 39.434248
35.777818 -44.32307
45.540247 35.2662
-24.86577 40.523247
-19.94745 64.346406
4.736106 -23.536975
40.534147 48.945189
-46.837896 32.266854
-53.433167 36.473886
5.611731 45.275486
7.668363 12.268445
-61.194237 16.557166
11.019355 9.905171
41.563147 16.361367
10.31459 43.287367
-55.734643 -8.198224
22.56223 27.395117
-58.363224 -16.873978
9.12713 -34.643711
12.88019 53.835757
41.866608 -1.359188
41.573958 -11.509843
32.743268 -42.08656
26.376006 61.971262
15.008824 42.842144
-39.121635 41.706288
-32.819246 40.250294
13.914511 45.587274
-48.155878 -14.21989
35.713769 -43.634136
20.473163 60.325343
8.349027 46.115891
13.92118 9.184
3.686102 64.982907
-34.110259 -28.859229
8.599193 25.79675
41.165542 47.203588
52.96318 -8.033168
21.399689 -2.352654
-27.642798 44.526829
-61.646814 -10.160526
6.585682 -14.995686
7.756958 5.702071
-1.295803 66.68605
43.787733 19.79526
2.146958 -29.133465
33.439606 -49.076685
19.086259 -17.185512
-64.044292 -8.86882
10.045121 49.179989
-61.063499 -6.756488
