//Synthetic=Synthetic_00092_J80

J=80
MT=20
Vd=2
Vv=1

p: position coordinates = 
0 0
-64.065335 38.108059
-13.36498 81.774357
-46.878552 43.83222
-2.893924 65.291662
-8.795476 80.181674
-55.025285 56.156766
-2.097921 71.484224
-59.244684 47.908731
-2.093879 71.16267
8.1391 88.574959
-59.934214 52.882375
-65.114116 34.079522
1.01105 73.2873
-57.995646 64.862908
-7.365978 85.259567
-5.216549 74.338517
-11.415386 90.269528
-62.377999 52.880991
8.408148 79.191195
-13.201289 77.502122
8.095487 68.238256
-14.399882 82.849254
-3.550941 80.485383
-56.410589 48.658317
-3.239792 89.347573
-63.91316 59.352639
-0.212137 79.592431
-10.644806 81.770337
-63.831625 49.40316
-60.6665 45.679483
-55.94397 59.56569
-14.412576 71.00907
-66.964576 53.367027
-1.806139 73.102315
1.034196 73.3095
-3.486526 75.103653
-5.122392 77.126481
-60.897615 56.385068
-11.870773 80.037947
1.578779 85.785658
-54.522194 60.229063
8.689354 86.619119
-4.348311 81.234752
-71.612964 49.01306
4.941444 78.526532
-12.780665 74.622726
-58.182866 58.554417
-71.988339 57.238023
-3.212736 75.030592
-65.310735 58.420159
-0.912006 81.942079
-58.960708 53.668366
-5.217947 75.872202
4.155852 86.392167
-58.743279 45.824129
-60.700634 49.705666
-66.589059 55.048851
-71.332426 50.085227
1.320125 77.975526
-59.294857 45.7084
4.924963 91.467448
-3.01412 76.958892
-62.423163 55.85977
-49.313009 58.103622
-7.814143 69.313713
-4.766223 88.493531
-5.834987 85.048124
-64.299256 54.690642
3.203501 77.04151
-9.086886 69.063045
-2.29161 71.174715
-10.701347 74.665386
9.712526 89.693001
-60.234476 39.76329
-6.259267 86.852257
-1.162244 87.356375
-63.344125 57.569226
5.433534 75.934706
-53.546336 30.600482
-54.678002 44.389198
