//Synthetic=Synthetic_00508_J40

J=40
MT=1
Vd=5
Vv=1

p: position coordinates = 
0 0
-19.494484 14.437198
-22.005087 9.963519
33.299884 -33.406266
33.790908 -33.441709
-19.829659 2.170513
-18.517853 -2.432807
-6.848783 17.261966
-14.963551 1.893001
-14.840234 23.853024
43.379584 -29.038486
-23.241121 8.156606
-33.88283 -0.37891
34.872855 -26.789433
-15.168966 -3.8226
-5.045134 19.000646
32.685871 -30.260362
-41.268532 24.364861
-7.201944 19.030684
-30.86958 28.506425
-31.350664 28.61693
-16.006519 0.312039
-34.678699 23.187334
-17.25888 2.810061
-31.930487 24.206688
38.088949 -36.789107
-11.737974 9.32738
-27.570415 26.370777
33.668599 -29.71214
-19.853927 10.94632
-8.00583 18.301467
-14.291196 19.786662
22.268908 -18.24185
32.989965 -30.152066
-9.700912 9.54625
33.707208 -28.724837
-20.71617 -9.290913
-6.388194 21.468969
-10.979647 19.855306
44.332075 -29.649637
-12.001527 22.284826
