//Synthetic=Synthetic_02027_J20

J=20
MT=20
Vd=2
Vv=1

p: position coordinates = 
0 0
3.195089 27.682203
-80.857923 60.838391
-81.712323 15.155013
-74.542298 -14.041624
9.196797 -27.909954
-3.565528 -15.389339
-46.727564 -24.825697
-2.619765 51.833619
-83.023673 5.091214
-44.059021 7.110123
-32.787746 34.128837
-81.727721 59.03781
-26.896766 -18.254327
-15.816378 38.135524
-33.956646 -21.055895
-55.028681 11.145422
-44.953244 43.054155
-59.100613 -7.830158
-81.916013 59.814976
0.754484 66.147139
