//Synthetic=Synthetic_01157_J40

J=40
MT=1
Vd=5
Vv=1

p: position coordinates = 
0 0
28.544345 -7.890958
34.689744 16.930761
40.131348 -17.196263
24.291382 0.675067
35.458475 -1.2051
47.571938 -24.458656
39.552579 24.590532
35.356306 15.69591
38.299832 17.81516
17.82693 -1.753115
29.1031 4.241782
30.557523 6.809159
36.01262 10.474803
27.170811 7.173853
35.72654 16.24836
34.256335 3.741313
21.833031 -6.035482
42.128903 0.354944
50.03587 -28.961436
51.318051 -25.220781
22.807969 1.235999
34.208293 -3.447807
40.097086 20.315212
26.712696 2.374465
40.679671 -15.290392
38.293107 -1.583035
35.218473 -1.677578
33.166394 6.651852
32.683301 21.994382
36.417005 4.592968
32.525332 20.772349
29.563241 -8.101282
31.878718 20.408094
37.743268 0.748103
29.491561 7.778347
26.895868 7.040267
30.048713 -0.988752
34.931115 21.024436
24.493897 -0.047496
45.009245 -2.659249
