//Synthetic=Synthetic_00644_J30

J=30
MT=20
Vd=2
Vv=1

p: position coordinates = 
0 0
59.809318 -42.806363
-7.288795 -102.750444
-10.15545 -108.633709
74.868891 -60.086498
-8.038673 -74.281685
-16.862945 -99.143415
-8.43589 -92.044716
-6.314803 -85.113727
65.827476 -66.926251
71.474662 -74.047734
-0.948737 -95.139883
69.680607 -70.438785
70.568241 -73.978987
61.679357 -70.865512
60.36991 -68.66061
2.145817 -98.785756
2.091752 -96.385034
72.034957 -72.969541
51.329228 -66.341879
-4.676288 -95.52658
72.541549 -69.682346
59.116525 -76.809001
66.176931 -73.883587
55.664779 -55.931906
75.783539 -51.186821
49.544103 -68.850078
-19.414329 -86.370625
-5.840079 -90.138663
65.022504 -64.209199
55.078115 -70.528432
