//Synthetic=Synthetic_00761_J30

J=30
MT=20
Vd=2
Vv=1

p: position coordinates = 
0 0
6.249544 -41.5244
-32.508852 -46.482828
13.717706 -40.519647
-2.681354 57.293208
21.168365 -38.984765
-5.128258 40.907564
13.970152 -36.460211
1.995684 53.119557
13.681981 -41.040853
8.444965 56.337953
12.555361 -38.31228
7.197606 36.085332
7.345651 -44.28022
15.833012 47.119039
-35.522424 -33.674848
24.702604 -35.345162
-13.713208 53.655489
-34.976856 -50.222156
15.690307 -38.805196
14.414026 -56.150199
-6.148967 58.316915
8.340853 -39.242792
-2.928803 49.131951
-1.77572 40.721545
-42.153328 -42.183548
-3.573265 45.683508
2.09217 -42.428156
-27.944369 -43.899713
0.946282 43.155157
-26.875873 -30.610702
