//Synthetic=Synthetic_01686_J80

J=80
MT=20
Vd=2
Vv=1

p: position coordinates = 
0 0
-4.888796 -70.914886
-29.333846 -20.809994
-52.374558 -26.592912
21.339688 -61.728951
-23.873806 -10.319338
-28.198704 -20.223719
-7.512307 15.077499
9.46783 -68.807663
18.334892 -41.193073
-39.897814 -19.715128
-25.402902 -25.952184
-55.171483 -34.261258
10.214588 -36.641339
-58.086303 -4.766724
-8.221966 -43.347437
28.874381 -66.249047
-9.30132 -55.720218
-38.361533 -14.446247
10.199512 -31.180912
1.428687 -29.797012
-41.70962 -69.299153
-4.651497 -0.020578
-15.387504 -64.24166
26.013167 -32.360219
-18.071322 -26.841652
-30.019664 -11.467145
-27.620527 -10.368501
0.179366 -76.040412
-36.931573 -13.620588
-13.92684 -55.492845
9.344648 -41.353682
-47.894074 0.309837
-0.928464 -49.511979
-0.558351 -0.620438
-31.89718 -76.537748
-44.135402 -16.3358
10.94164 -12.117069
-12.16876 -21.558848
-33.706985 -70.11976
-21.811641 -54.991795
4.86844 -16.139177
-59.626103 -3.128888
19.128666 -38.184417
14.607435 -31.126309
-15.894825 -34.814565
12.834701 -28.026455
-3.066721 13.47745
4.142544 -52.055584
-38.443427 -31.076613
-16.615993 -71.550251
-5.519369 -22.998499
-27.42861 -23.581428
10.217696 -59.310399
-20.150333 -42.919091
-26.806973 -36.019198
-29.054709 -72.388575
-12.089701 -5.488363
2.262597 -29.424327
-29.690008 -6.739714
-62.217164 -33.332504
-29.257133 -78.655895
20.180972 -51.587551
-44.188538 -13.458982
17.958724 -56.352958
-55.79493 -64.198175
-1.670822 9.501751
-31.134415 -67.961117
-10.815644 -60.474843
-26.501489 -68.046711
-18.934761 -7.421732
-5.648375 -28.761434
-38.796145 -66.416262
8.785632 -37.607769
14.520572 -4.065039
-52.214708 -1.221601
-51.601642 -11.669842
-10.766471 -52.473889
2.838837 7.278666
-34.877339 -34.072725
-46.610729 -66.812056
