//Synthetic=Synthetic_00432_J50

J=50
MT=1
Vd=5
Vv=1

p: position coordinates = 
0 0
-7.265428 -15.372782
-0.839413 -27.243854
-29.677902 -36.420776
12.094085 -37.502173
8.846943 -31.742503
-9.020062 -22.806729
8.488921 -10.409921
26.138587 -24.098993
2.130215 -24.022782
8.379424 50.266325
-9.261121 46.766557
22.031998 44.726835
4.080076 41.594071
5.726081 -1.864085
38.697883 -14.032308
32.043023 -2.60073
46.718719 -8.273019
-35.152119 -29.332125
14.761547 -14.17267
-8.679931 -39.987324
-36.711578 -10.787452
6.901072 35.132797
35.712325 -32.963457
26.954542 -33.321518
-32.135666 -2.306514
-32.631086 4.656387
-31.110975 5.012923
-46.234281 -0.952066
-6.154622 4.052402
51.652127 -2.773306
-30.693342 10.228962
52.65781 -18.949433
-2.245502 15.4668
-47.115984 12.780705
-32.47774 23.857465
38.083471 26.112145
24.017686 22.495504
41.517538 -19.158203
-49.224417 1.748085
41.723815 18.688375
-0.617144 -7.532408
3.708003 -30.084339
-35.511255 1.446063
8.867076 1.175098
-3.880431 -41.731052
-13.128809 -47.727723
-46.424723 2.3663
-8.031222 -48.275405
-20.103852 -50.204572
24.974867 -21.133602
