//Synthetic=Synthetic_00533_J40

J=40
MT=1
Vd=5
Vv=1

p: position coordinates = 
0 0
-13.12586 -41.126731
6.710329 59.196408
-64.527232 10.696517
37.68537 -1.303773
13.970711 -45.000568
9.428843 44.843556
3.019458 -26.458608
-64.784607 7.525892
8.574484 51.765585
-26.078678 5.686686
53.076163 -17.343423
24.364377 -4.25121
1.635209 43.192906
44.299665 -23.433475
-57.38537 18.286105
-27.78432 3.658768
-23.966575 -25.447221
18.336029 -15.29655
6.059157 40.351668
4.94376 5.191611
3.455853 -23.735953
-19.297047 -33.221235
19.731729 -39.78237
-13.049217 46.935317
-3.924984 -7.584331
-5.659012 -57.77225
22.422571 20.41932
-15.333761 -41.442322
3.898027 21.218081
28.554635 -20.575178
-32.315852 -2.733666
26.009263 57.558289
21.288091 -28.7116
-27.86411 35.830061
-56.111187 17.681641
6.972784 34.810341
1.039484 9.916212
-44.276296 -8.785095
4.673702 28.55266
51.895767 10.996365
