//Synthetic=Synthetic_01737_J50

J=50
MT=20
Vd=2
Vv=1

p: position coordinates = 
0 0
10.388392 -93.530004
-75.148947 -15.192441
-58.565992 -11.158583
28.313136 -114.943709
-39.292303 36.541924
8.762909 -95.124023
-89.808713 25.181784
45.00436 3.067142
88.339996 40.256972
-26.154615 118.177121
56.03661 -89.753965
-53.849962 106.860991
45.593306 -85.020877
67.17563 -90.532303
-70.295088 70.716234
-78.405834 51.284492
-49.591685 -48.43091
-62.416268 34.7332
-42.69366 -58.80871
0.730271 -116.796104
-6.661845 -76.425773
61.508574 -27.341176
-24.661686 43.148963
-69.485573 -65.535711
94.463338 23.045666
22.920552 -105.947952
21.58361 -91.129072
-75.483399 24.595218
-90.08768 61.731462
-75.651105 -33.606075
52.537981 57.215796
-104.682284 46.449844
-32.31257 77.082531
-54.740782 90.347494
-34.569725 -105.039211
-39.208589 -45.810025
99.495364 21.350444
80.741085 -44.166244
22.875396 58.116274
64.781176 -42.346376
-38.960167 28.382977
38.766083 -13.323431
-37.592115 -48.250493
-37.848614 -54.389298
-102.154595 -45.813821
34.406771 -7.337179
-27.569692 -60.267883
-45.22289 81.495537
-57.673044 12.50744
-26.925759 66.457549
