//Synthetic=Synthetic_00501_J20

J=20
MT=20
Vd=2
Vv=1

p: position coordinates = 
0 0
-80.453396 -15.160122
23.845275 72.895577
-9.701562 39.02919
-39.833065 -7.29075
66.576308 37.101958
66.182144 35.291302
-23.518074 71.774592
-35.102133 -24.068769
-49.531632 15.93478
42.251526 -50.58447
-23.467719 -72.952818
58.488915 -38.426941
35.641257 -24.237114
-48.233988 -65.052931
-44.064371 -6.145305
-43.710274 10.249357
-68.970595 -48.945859
-66.129236 -24.125128
-26.620366 41.755457
79.995889 -28.963995
