//Synthetic=Synthetic_00309_J40

J=40
MT=1
Vd=5
Vv=1

p: position coordinates = 
0 0
-10.985923 -10.999295
-22.034157 38.717186
16.008767 9.55237
-33.572482 -18.214545
12.926931 35.719979
21.57454 -27.090811
-31.285969 25.77435
33.471938 -25.875058
20.343613 -29.066011
3.879112 -30.108304
34.039958 -4.941838
0.308275 37.737918
-26.383629 6.483085
-16.812529 35.792633
-15.228339 13.094368
27.247483 -27.611839
-16.053477 15.054467
-2.133244 4.722911
-31.102091 -17.000362
14.967936 14.633476
35.725427 23.7401
5.76949 -7.172606
36.357091 34.301766
-15.151193 0.395831
16.876312 27.009723
-16.055129 -25.213709
-37.106302 15.631986
15.510343 -19.455829
38.027958 27.389893
19.404008 -35.541851
1.362432 -5.614348
-29.639925 41.866162
24.228322 -49.106285
-21.937123 -2.542644
37.424036 32.032031
-17.859243 35.346863
26.637703 -43.040491
12.134965 -20.586198
-22.414355 -39.540935
29.865 -46.650159
