//Synthetic=Synthetic_00185_J100

J=100
MT=20
Vd=2
Vv=1

p: position coordinates = 
0 0
-21.312052 85.887216
-89.034733 40.989126
-78.532283 -1.07678
-37.225173 -50.632147
90.708317 -11.807799
68.389506 -69.224559
-45.850374 -63.529044
-35.453573 -89.815647
-82.547932 -39.194891
-13.817982 -83.824904
29.439944 -70.117507
42.422693 4.201697
74.938739 18.869679
-90.854679 12.241791
-53.663539 0.482595
83.168441 -37.803733
17.598997 37.998362
7.775405 -60.603085
9.049326 80.048278
-37.198649 -76.032076
73.929586 30.800746
-69.949262 -52.241397
56.398221 -64.293654
51.084115 58.59392
-46.281188 -2.214799
-7.874693 76.65248
-63.621727 -53.796373
76.042131 30.354015
-47.679725 61.838525
32.433269 16.882749
-80.218285 -2.917978
-85.38409 47.851726
-37.448641 71.378785
-60.367351 -17.895067
18.072146 -49.569891
-17.470373 -49.465132
-34.034884 36.696563
-70.141419 -56.61966
53.518587 32.569639
55.973631 -71.309356
-3.487668 -38.125879
-83.082356 50.397927
49.888007 69.638368
-52.160162 7.164422
-66.798999 -6.572437
-73.088116 6.332397
-2.477409 88.305458
44.661656 -6.52713
80.53779 -26.087289
-51.533139 47.052758
25.576056 -28.556885
45.855316 14.533382
45.316016 3.490321
-40.307801 -83.557648
-24.668897 -76.498771
65.655992 -44.997032
22.454759 -43.166577
-53.511008 -59.211542
37.196619 78.267604
-18.755424 86.733345
-9.107791 50.973475
13.462757 -79.201751
0.25626 83.066727
-76.958252 38.671485
52.166708 77.968594
17.988673 77.327904
-75.469924 -30.126261
-59.409708 72.100387
-49.785799 71.202218
86.21382 -13.686447
30.251092 26.260604
7.49135 -82.949991
58.93928 41.466052
-32.917017 -21.639329
-32.095273 -71.39839
44.712963 -50.23876
-1.175813 45.783411
-24.22499 -46.778619
-7.280143 -34.0026
98.361274 2.575248
65.404449 27.301135
46.280252 69.447549
58.224993 67.804978
61.32597 -2.136582
2.549637 -36.971684
53.776556 -22.973442
88.742651 41.591192
85.73525 15.284339
48.917477 16.892124
61.188625 12.469938
-78.316429 -13.411715
-22.145587 50.395541
50.372527 -61.77365
-93.799002 -25.359789
5.188889 83.965066
-27.313848 -70.876921
4.002631 -71.086016
-64.822616 33.302895
44.59241 -76.491766
63.495696 -19.774656
