//Synthetic=Synthetic_00722_J60

J=60
MT=20
Vd=2
Vv=1

p: position coordinates = 
0 0
-38.473938 82.357239
-31.739257 85.132677
-28.826562 77.686208
-81.08014 22.966064
-79.038583 31.996524
-25.189371 91.037491
-43.779784 76.980353
-30.294115 62.578998
-29.856061 70.703685
-30.025623 71.869694
-35.917886 83.746517
-28.110957 61.504532
-69.454282 23.523435
-30.143025 100.243987
-32.407075 85.357784
-27.569793 74.107851
-30.013604 74.295558
-66.918504 14.945856
-39.535919 76.341261
-29.810299 73.248322
-31.487706 84.434616
-81.388979 15.803791
-42.884059 66.323196
-30.92124 81.565297
-27.25001 70.62173
-33.893132 83.002178
-76.574234 28.793997
-28.818644 84.654176
-43.418031 77.293508
-77.437261 19.212741
-82.664253 32.037625
-33.726879 84.2819
-16.664489 65.712095
-33.086434 75.895401
-74.289612 15.927703
-83.175604 18.762476
-38.307045 76.414375
-83.299152 17.121824
-23.01252 78.867726
-31.973053 88.920664
-39.401317 80.768356
-72.197871 20.247435
-18.026949 72.794883
-26.30944 73.010173
-41.790753 72.313048
-42.296546 69.699532
-16.314158 80.196553
-78.390854 22.824674
-33.201641 75.869219
-62.872333 8.723131
-78.387421 31.003295
-72.437592 24.182066
-43.416125 70.905903
-27.559119 87.252821
-19.637865 80.650093
-38.451814 85.518388
-22.811659 77.635779
-68.671778 22.24885
-76.142575 14.844004
-26.403352 79.082391
