//Synthetic=Synthetic_01804_J40

J=40
MT=1
Vd=5
Vv=1

p: position coordinates = 
0 0
-34.467409 1.629902
28.182957 34.478525
2.175611 7.436629
12.887036 24.778198
-5.897875 -45.896013
-2.660424 -33.580192
33.412648 15.259545
42.896157 -5.695993
-24.944345 -6.887911
-5.373387 -41.048334
2.814249 -48.831308
-36.251442 -35.19907
-14.260141 -46.308352
0.615826 -65.778532
0.179776 -10.091964
54.610382 14.665406
28.72385 45.023956
4.443644 -26.672099
-37.655304 8.248284
3.639475 23.404045
-24.644732 -52.425546
-63.254637 -8.186695
27.001271 1.91571
3.506508 64.889112
26.327969 14.874618
-14.335794 42.651264
-41.776621 21.089341
-73.855829 -2.522542
-17.258434 50.901034
13.928661 -64.855978
-10.257161 48.724155
1.380209 -0.782964
-1.909128 -58.85546
-69.917164 1.289072
47.733454 12.080876
53.023462 -17.569053
19.186261 49.495243
23.870434 -33.953102
-26.010202 33.523554
-65.782359 -17.350708
