//Synthetic=Synthetic_01123_J40

J=40
MT=1
Vd=5
Vv=1

p: position coordinates = 
0 0
22.355627 -38.093358
-9.409547 11.937317
64.077147 -0.486688
-58.588783 4.863447
9.577701 49.459608
11.192217 4.748357
25.277967 -23.361384
-27.122932 9.470449
25.277794 -13.096494
-39.282616 -25.470141
23.01147 -40.899122
26.672976 -38.035466
-51.257157 -21.266797
1.690523 -27.37115
7.253758 35.310063
51.528523 18.123148
-37.406978 4.646852
-6.178017 -18.098082
-34.986604 -4.371466
29.086349 2.005516
6.452568 49.150106
16.487117 -12.246725
22.262192 12.973164
-51.967997 9.836138
69.346266 1.683322
-44.132571 -19.925166
50.221803 -13.043737
35.199846 -0.185517
25.171017 -10.927628
-3.920416 0.88297
3.729256 64.491239
-39.587989 4.529098
-44.065303 18.861584
-29.864934 23.160737
-33.86764 -26.477333
-7.449749 48.201839
53.198263 0.920392
-0.869006 61.537452
7.497665 16.788502
18.642861 -19.974302
