//Synthetic=Synthetic_01577_J30

J=30
MT=20
Vd=2
Vv=1

p: position coordinates = 
0 0
-83.275452 18.256131
71.925499 -47.385291
30.366509 -36.782669
0.230698 -36.072782
37.177709 66.426236
-43.35059 4.074475
-68.37219 -40.813213
74.79201 -38.265762
30.015281 33.046956
-87.11101 8.457524
11.830746 -82.814169
42.153765 59.147975
-53.331778 6.356197
76.138544 39.546362
85.210049 -17.589178
35.400191 16.81245
-79.727422 -28.622177
-94.665215 21.255131
34.357562 -31.716337
-28.792074 -27.628827
-22.654739 -51.322219
-0.507875 -45.938067
-31.398026 -26.35762
33.081909 -70.224849
4.425038 42.633256
-48.829239 1.221766
-37.805125 63.687296
53.570676 -15.157744
-38.713599 -16.675447
-11.658972 77.834005
