//Synthetic=Synthetic_01739_J100

J=100
MT=20
Vd=2
Vv=1

p: position coordinates = 
0 0
-20.065043 -24.531448
-16.683477 31.17202
-27.316461 22.469515
-29.261384 30.691585
13.088066 7.007482
-12.616729 4.942677
-69.754998 4.043895
-51.219403 -2.060851
-66.068869 -30.961486
-5.529262 -34.549356
-61.241031 0.106426
0.649842 3.554522
-33.498713 5.195052
-71.473869 -25.399372
-46.25862 -5.911799
-22.137248 -10.834602
-22.942013 -0.992116
-14.904336 13.5181
-35.072061 -38.558105
-22.708348 14.511954
-54.161617 17.293246
5.057146 13.388341
-11.425458 29.308743
-40.27776 26.871478
-11.286078 -14.580746
-17.209034 -1.848895
-10.664854 -22.471424
-39.605603 -22.524566
-55.895439 7.817194
1.805521 -22.527546
-54.97246 18.138732
-5.05629 -15.302149
-37.793853 -19.124188
-24.210386 29.313536
-50.157074 -30.012683
-38.451977 21.14017
-26.270104 -7.346278
-42.13457 -49.771873
-5.57546 14.329089
-39.228275 -39.847671
-45.670111 -4.747564
-37.447611 9.271661
-6.629557 -5.031389
-28.339162 -37.614942
-25.664459 11.87371
-59.656607 16.122127
-33.165868 -1.659556
-74.463398 -18.866358
-52.072851 25.70995
-49.889589 -39.329354
-84.564355 -14.36269
-45.682751 22.097674
-76.717192 14.312607
-28.031675 -34.019885
-24.454529 32.376034
-64.884121 -12.542457
-32.238031 0.555929
-82.376355 0.363465
-37.121363 -37.83999
-37.993283 -31.740512
-13.013203 10.908922
-31.721625 -11.664849
-12.183344 -5.194831
-14.283071 13.22674
-74.533162 -9.728573
4.76477 7.956424
-35.362118 29.391286
-6.411719 22.554708
4.036498 -6.012345
-15.792756 -33.747571
-59.290685 -21.733288
-24.924686 -58.040062
-34.351608 43.439784
3.279005 10.347479
15.671243 11.642064
-8.438799 -14.747841
0.523913 -26.384838
-45.052083 -30.536159
-42.985471 42.418007
13.961829 -2.697399
-1.832211 -6.276002
-2.183557 -5.104036
-30.712933 -55.758319
-26.152834 -43.256725
-47.580776 16.263714
-10.760907 -45.818398
-66.513066 14.628875
-39.399535 10.896278
-8.228712 -5.682371
-45.847691 -28.654389
-66.19701 1.381891
-11.292504 -37.061688
-8.355757 26.803483
-31.868673 15.30038
-23.912441 -41.909188
-40.499332 -22.991429
-85.282452 -1.402999
-25.05602 -14.01887
-38.682387 56.93883
-50.768595 4.116351
