//Synthetic=Synthetic_01995_J50

J=50
MT=20
Vd=2
Vv=1

p: position coordinates = 
0 0
25.79309 -37.534433
-25.809393 -41.585749
12.50526 -33.821385
37.401955 -0.574194
-35.032879 -18.737202
-32.742121 -11.159807
-34.164319 -25.034596
-32.776316 -47.92644
26.217844 -61.881061
8.045352 -37.808117
22.779286 -40.121663
-11.141198 -30.501952
46.995481 -47.550025
12.970577 -21.568437
-38.270781 -12.625614
-13.488222 -23.511039
5.433403 -24.584849
-19.594302 -4.287351
-15.154117 -7.885904
31.857903 -35.285567
13.446705 -4.90522
15.227038 -54.477687
44.89819 -52.50583
38.448287 -16.354459
24.81573 -27.628847
-39.517692 -16.418837
42.714283 -60.872535
35.05175 -36.428016
-1.978561 -8.04274
-31.969732 -50.682969
-25.734221 -63.333335
-22.579974 -44.94845
19.667023 23.423051
23.985067 -14.33689
-18.769002 10.587493
25.746709 -0.707361
-40.513357 -33.497103
33.480933 -39.563838
41.692573 -15.471833
-19.803179 -72.436475
29.723965 7.085407
32.845825 11.827562
34.628067 -59.002635
25.828508 16.726749
-26.501761 -32.089072
47.166662 -40.19322
8.205452 -13.317216
-3.226916 -60.457267
0.833592 -8.40054
-10.008077 -9.019058
