//Synthetic=Synthetic_01357_J80

J=80
MT=20
Vd=2
Vv=1

p: position coordinates = 
0 0
-20.521985 -56.382284
-5.753721 -16.911907
-25.416832 -60.72432
-28.370651 -52.289708
-31.344977 -46.838504
78.801978 5.188216
69.676392 11.77338
-8.581697 -34.721111
3.07797 -25.394957
0.547572 -23.530542
-8.118578 -37.997485
5.100534 -10.442677
-23.015036 -67.347456
17.784233 -19.130102
-16.506213 -60.545799
-26.571376 -55.476658
-16.493135 -68.006937
0.785215 -24.618036
1.741065 -27.195587
6.452251 -21.133974
-6.486646 -22.499348
6.580271 -33.22217
-14.369802 -53.225777
-1.735961 -39.09163
16.021167 -16.201991
71.745716 9.816631
4.455581 -24.1584
62.695106 10.059134
57.307251 0.472859
-10.030637 -51.830839
70.568802 10.769066
73.390039 4.655249
84.814402 7.579604
79.755626 -0.492388
69.474706 19.90421
-11.59591 -19.823046
72.500809 1.630907
-0.378045 -52.88204
-14.422337 -63.477882
64.018452 26.081413
75.026819 2.457688
63.28421 -2.363102
-4.888352 -18.930345
68.571819 14.858564
0.376539 -17.18992
-11.299708 -30.831917
-12.769409 -57.879362
71.617712 6.390717
65.22439 10.631607
-6.561006 -59.753188
76.248434 20.386804
7.053973 -18.712017
-34.962126 -61.929985
-11.768718 -36.079634
1.892904 -24.690617
-15.526784 -59.49012
-19.068358 -65.051433
-6.691325 -23.791973
78.569702 8.903828
-2.281485 -9.231018
-13.14747 -59.352241
-24.550167 -63.421816
1.46526 -25.396024
-20.627034 -60.942249
-0.83989 -16.232659
-21.994356 -52.183168
-5.401818 -4.913961
-22.374928 -68.972326
-1.690025 1.023935
77.671671 9.724636
70.371 15.924065
77.478859 10.164456
6.722485 -22.677751
15.692026 -16.679881
-3.488741 -23.890615
73.09753 -1.788621
-4.403821 -23.460184
-1.898595 -20.170743
0.075453 -19.480392
-0.240557 -12.907811
