//Synthetic=Synthetic_00945_J80

J=80
MT=20
Vd=2
Vv=1

p: position coordinates = 
0 0
-28.431116 -46.877036
11.845709 -47.270534
59.54924 27.76681
36.885805 31.166601
-33.201815 -67.03579
26.214557 14.546473
54.701421 -37.217831
32.937296 9.135041
39.868497 -31.431946
16.998973 41.29707
66.44829 39.609269
61.343751 -2.337881
50.387545 -22.444534
48.064077 2.006257
-10.649817 -59.375941
13.817311 -71.347222
5.976311 -74.08727
-15.798233 -31.620002
-61.444013 8.426525
25.547566 -22.44705
-54.802564 -38.656079
54.839757 21.31871
-24.256072 -57.433088
3.384554 -68.731057
49.984653 1.781106
38.552929 25.819032
-6.108548 -53.109719
6.207702 67.392902
7.74129 -33.424823
-31.152972 65.255423
18.756374 -22.811818
-11.923452 43.719814
32.25533 71.500345
25.220088 51.103751
69.227592 -33.641743
18.021218 -38.185807
22.093663 26.92798
4.465911 -40.108079
46.161171 63.68372
52.49871 44.627473
62.664235 -29.754785
-44.765914 -19.679924
10.035265 -75.457736
-17.361723 36.455037
40.656452 2.341455
-69.005726 -34.522724
-15.913128 47.608943
-49.175918 19.585731
-60.889526 34.655842
-23.988718 43.268652
21.426591 -67.530912
8.866701 -73.138827
-30.943023 44.531907
-14.937 -78.308415
56.734304 1.524939
-0.342854 -36.123846
-63.876531 39.172162
-34.447436 28.685574
35.104 10.294784
-9.461488 -76.558279
-69.607121 33.182513
-1.038552 64.941738
9.567163 45.597478
11.140237 65.803039
-59.553393 -22.028465
-65.866022 -31.401447
-63.09546 12.795223
25.745445 -26.920127
-26.481004 -29.8913
-10.341541 70.506034
38.634971 -34.04998
-49.845469 9.300181
-5.064564 26.908128
-50.506024 49.594727
-2.269001 -68.693293
58.75868 -27.864579
-58.300257 51.723445
-50.435854 28.706194
-12.856845 35.325981
16.156698 78.044386
