//Synthetic=Synthetic_01826_J40

J=40
MT=1
Vd=5
Vv=1

p: position coordinates = 
0 0
52.550979 9.728369
44.136163 -16.692529
-10.503202 13.132629
6.702447 21.543033
52.85524 -15.691027
-32.84011 21.983675
17.974497 35.155576
-0.760976 16.351556
39.700396 -21.908252
6.808549 -34.773678
-27.21627 -44.433391
-26.890986 -17.00878
10.768132 24.939667
-14.035964 6.613971
16.488648 17.779754
3.912432 17.79743
-17.054586 -28.343132
-31.407377 9.250775
-49.158256 5.151158
15.512502 -0.488839
-24.799989 10.701593
-36.261375 11.488245
-28.388531 19.878063
-6.587582 -20.9172
25.274415 48.420541
-50.215289 29.221139
14.336119 -31.248245
-2.989287 28.531648
8.953552 -36.077284
-29.502329 -40.673914
31.328966 -15.834541
45.170331 -31.184165
-22.775233 14.649278
13.549915 -5.363288
-16.986249 32.670436
54.913773 -23.253472
36.261811 -7.86207
-47.459995 -7.317106
44.343979 -24.680627
-0.40132 44.449438
