//Synthetic=Synthetic_01080_J60

J=60
MT=1
Vd=5
Vv=1

p: position coordinates = 
0 0
-8.256163 35.828182
-40.693318 27.212297
-38.283071 -4.951854
-29.457592 -12.054227
18.16287 -14.12901
52.262182 -32.767152
13.079769 -31.993889
5.31975 -0.821289
-26.427895 -11.21543
35.459285 -0.320158
-37.827257 27.332563
-6.875768 -5.909908
29.561952 16.082353
-28.063944 -10.479284
28.114759 1.42277
14.263807 -6.406192
52.352129 -35.693333
-14.359394 44.267492
-41.289938 15.516501
-7.483414 -4.806565
-51.382482 34.081943
10.396195 15.421154
-16.752589 4.24602
29.862325 -2.201307
28.974964 -7.436331
40.638615 15.257619
31.418549 -8.194094
11.812682 0.386503
-25.60564 -22.605711
53.466122 -36.338041
-0.437348 38.12579
32.695238 37.944608
33.918423 15.781959
-15.229454 19.797497
10.015365 -32.443947
-41.492726 16.154672
-39.793569 -8.671271
11.809525 -6.013828
32.216092 41.669106
45.52988 -15.122725
-1.090314 33.165759
33.384224 -1.286827
-27.543928 -13.125057
11.532129 -33.503646
-5.290065 -5.349763
3.445399 20.11824
-23.166926 -10.371707
25.419941 39.662192
34.906313 10.380843
36.239266 1.139706
-5.926106 40.897993
18.212563 -12.733744
19.062906 -13.701449
-23.390391 3.26226
9.486731 -1.332572
-25.221849 -23.992134
16.632605 -13.817856
-28.081234 -29.856456
-5.26724 21.580284
30.205438 -1.061043
