//Synthetic=Synthetic_01778_J60

J=60
MT=20
Vd=2
Vv=1

p: position coordinates = 
0 0
-54.247148 72.326502
26.214889 12.340484
-64.499267 27.688221
21.220589 0.477949
-1.995168 13.018932
-18.169302 70.892857
-7.616959 48.433037
-34.64696 26.929269
-18.422903 70.365289
-7.896057 58.578377
-30.468177 72.585045
-6.934153 9.620874
-13.795132 75.438924
-61.640896 -0.761272
-44.156777 45.871409
36.635724 38.568714
24.710148 0.980232
-8.455944 24.259017
-12.006672 81.000884
-25.132884 -7.795944
-16.530593 -23.071518
-56.545299 22.585651
18.584566 8.108351
-13.377928 71.464186
-29.887146 67.522046
-30.942185 62.641525
-26.773114 14.60444
-6.497652 28.158732
15.796117 10.609572
-32.175451 4.207649
-19.175623 69.343653
-6.057696 -1.836889
-33.997037 18.354424
3.07139 46.661775
-0.610899 9.310345
16.989705 -2.697444
-10.130731 -8.345011
-11.067579 -8.310274
-31.443514 79.47682
-27.978224 26.027969
-24.721521 71.759154
-31.561929 69.585102
-26.805086 12.589228
-20.90834 9.854921
-49.93317 74.768545
-56.062286 24.951561
-5.756193 -47.125357
-10.707129 49.620186
-52.080667 57.875138
-79.55639 32.824303
-14.883047 -36.549556
-22.230234 73.133409
-34.282744 10.639368
38.119875 43.390672
-12.998412 47.558007
-68.168053 -2.533403
-1.58504 17.855108
-32.6914 8.754056
16.925344 16.064127
-20.913338 -22.648238
