//Synthetic=Synthetic_01480_J20

J=20
MT=20
Vd=2
Vv=1

p: position coordinates = 
0 0
18.198258 80.060005
-1.378728 -67.718466
73.193306 21.350828
-73.005076 35.210246
-70.607888 28.987136
-74.959636 -13.362497
78.997246 5.94127
-39.606278 33.712262
-86.132902 20.165801
-88.625364 -10.19398
-18.235885 -33.161924
62.185124 -36.138842
37.125615 -56.030083
-43.465651 -2.795428
53.311534 -55.132616
80.562148 35.317517
-15.291905 -72.239462
-26.68984 45.93687
11.737211 -59.538505
-23.577957 -57.089025
