//Synthetic=Synthetic_00560_J50

J=50
MT=20
Vd=2
Vv=1

p: position coordinates = 
0 0
-37.681938 -63.188611
-27.609344 32.47037
20.864536 -35.22606
-51.124696 -51.564879
-45.699885 -48.598859
-23.073459 3.489659
8.262621 -25.178998
-43.46324 -53.560015
-27.322925 -28.975352
-70.245174 -29.942153
-4.651256 -34.962483
-40.008018 -49.070931
-49.612449 -70.52683
-62.360941 -28.464071
8.263908 -22.161018
-23.967174 60.573689
7.193317 -24.971484
10.972174 -47.338553
-7.947663 -44.666578
18.118017 -14.495529
-24.802061 42.322557
-25.672824 53.04126
-21.978088 -7.361876
-29.066849 44.21103
3.759879 -24.887887
-19.156632 16.696458
-70.217142 -44.041242
3.73897 -53.050838
-54.188238 -39.04453
-13.101352 36.925844
-31.946185 28.506579
-30.7806 43.645094
1.232123 -32.960684
-22.982136 -1.675513
-33.471442 -42.36137
-49.718099 -44.356619
-28.259466 35.231281
-32.882432 50.511936
-48.570996 -11.546992
-49.849025 -59.320763
-59.922599 -56.025764
-32.11763 37.755924
-50.086598 -30.637424
-36.146397 47.384176
14.344905 -33.554183
-47.977576 -34.573623
12.008987 -18.346033
-54.380615 -39.337839
-41.635478 48.592869
-30.948406 -42.964227
