//Synthetic=Synthetic_01145_J20

J=20
MT=20
Vd=2
Vv=1

p: position coordinates = 
0 0
-58.258199 -18.390359
-51.341623 -17.90156
-62.753517 -13.562765
-46.815798 -33.471303
-17.836402 -64.101319
-56.636831 -17.826944
-58.551634 -18.612556
-64.45067 -21.383131
-8.243115 -57.722911
-46.299551 -17.697069
-21.331077 -72.035267
-50.996048 -21.374489
-56.286694 -10.901505
-21.31257 -68.2073
-17.457915 -71.227057
-54.222958 -31.806524
-19.227831 -59.438357
-13.937664 -69.287693
-2.140685 -68.49907
-20.393115 -76.239806
