//Synthetic=Synthetic_01640_J50

J=50
MT=20
Vd=2
Vv=1

p: position coordinates = 
0 0
-3.99101 68.085113
55.123904 32.582971
40.635838 -4.536166
-48.535851 -50.081606
64.532645 32.502145
26.369161 -53.661037
-53.577291 20.223251
-31.069205 -27.02931
73.476985 29.500895
-55.73303 34.678623
-64.484699 -24.430689
-42.273762 1.604624
-68.381558 -39.57448
-14.802768 70.793081
15.363832 35.831565
17.802601 -57.721614
61.908817 -20.026189
52.708104 37.205494
35.228596 -3.550919
-67.267236 7.010129
-35.535129 19.040037
-37.286548 68.434705
-24.256461 69.174558
-26.659005 47.446609
3.966478 -45.32152
-43.523132 36.536661
-6.727627 51.375548
-16.517508 -31.375273
-18.217628 19.91885
14.437358 71.24606
36.651497 -54.031117
35.587172 -12.737998
30.807989 52.880309
12.6614 -39.836698
-14.764982 -61.337869
-32.982851 11.387549
11.345198 25.661864
2.730434 -77.848436
-10.113304 -64.458313
11.727254 -29.685355
-28.471637 -41.244732
27.548 -11.206467
56.752713 -8.918547
-31.267493 -51.691092
-36.36398 -46.015826
58.758329 22.432436
-11.801035 -65.508172
-27.42002 43.424973
63.714727 46.47138
-36.569743 25.212214
