//Synthetic=Synthetic_00949_J20

J=20
MT=20
Vd=2
Vv=1

p: position coordinates = 
0 0
44.389349 -81.999753
48.78018 -78.345945
45.704051 -71.345659
-10.189359 -97.043523
-0.916999 -84.049731
-10.234399 -97.871548
-5.09509 -88.119494
-6.788987 -82.857007
-5.369441 -99.039928
-12.698316 -93.725078
-8.86383 -80.938253
-24.948358 -84.039545
46.188354 -87.062662
45.401006 -76.390973
-12.326337 -95.380041
-19.562445 -94.248027
-19.683141 -96.691042
42.496537 -76.066655
50.783493 -84.15574
-13.769297 -89.349304
