//Synthetic=Synthetic_01095_J50

J=50
MT=1
Vd=5
Vv=1

p: position coordinates = 
0 0
19.573867 -46.976247
25.875001 12.873834
-35.29871 -35.002772
10.685065 -1.851067
-41.53678 17.414687
-12.737882 9.515799
-31.876009 -2.750574
40.911092 0.844758
47.480014 24.938358
30.46962 16.227168
24.683155 -51.744057
16.616091 28.556072
25.632179 -24.075225
20.098087 -42.841584
-4.202556 33.491089
-23.908947 23.316474
36.428877 37.658525
20.481484 -30.929747
-39.31448 -5.041739
-5.22552 -35.558567
18.280221 -31.808509
20.308732 19.092864
-24.971718 -37.148072
-14.990189 3.323417
-25.977065 -7.14354
38.205732 -52.42528
17.965002 6.762437
-28.821863 21.261874
30.248195 -52.350535
-36.654923 -6.660851
34.927222 17.583365
2.079798 12.145927
1.956631 -44.809748
11.71851 -33.345855
-22.673575 -35.86025
-30.88644 -0.195249
36.988961 -47.695867
-23.885838 -23.794667
2.870481 -6.247232
8.737637 -9.9691
6.312841 -10.177446
-24.964426 23.065489
-24.698817 19.066341
-6.59925 13.928537
-29.504093 60.324843
-7.4699 5.724493
8.550392 11.699484
11.319261 44.998997
16.871958 20.620551
4.281072 -29.827231
