//Synthetic=Synthetic_02091_J80

J=80
MT=20
Vd=2
Vv=1

p: position coordinates = 
0 0
-43.132781 -84.016808
-86.630473 -13.698108
-44.023085 -78.714971
-69.429242 -11.414803
-68.811096 6.009775
-76.06901 -7.276947
-77.188707 -15.000854
-71.33557 -2.934883
-79.538123 1.410016
-88.612652 -14.458196
-52.635138 -65.774801
-81.091771 -11.110292
-77.581387 -11.67586
-45.51289 -74.533066
-81.579848 -3.207261
-84.971209 4.713544
-57.362478 -62.32004
-82.649587 -9.950371
-35.271113 -65.900346
-78.421542 -19.237179
-75.585866 -6.09172
-75.96384 -6.892877
-33.738083 -60.937537
-64.43446 -3.220204
-47.952504 -81.175628
-44.279849 -77.636426
-56.280022 -84.746767
-80.496322 -10.427617
-83.696714 -2.748263
-79.275674 -17.099777
-34.655163 -67.51486
-51.921406 -63.814807
-45.167618 -67.361154
-45.480284 -74.76811
-75.641297 -2.930475
-53.320744 -69.668955
-83.340539 2.513767
-54.423924 -71.541803
-50.566136 -73.586321
-33.783083 -58.509107
-54.481455 -67.499811
-59.993094 -75.023697
-73.725526 -19.368963
-83.368779 2.887417
-38.321458 -66.270442
-69.43991 2.603257
-30.16998 -71.660073
-40.091904 -56.120007
-76.163094 -10.402446
-73.061994 -9.761705
-56.684452 -63.382536
-85.050961 0.055891
-48.144082 -72.739398
-80.285837 -8.876336
-79.978897 -16.760992
-52.884654 -74.290448
-48.452938 -77.29911
-47.187309 -65.803693
-79.136392 -0.253599
-47.757248 -76.282112
-51.882162 -70.318917
-87.053087 5.89488
-81.463015 -5.521333
-61.175112 1.366334
-63.019587 -5.009249
-58.941592 -67.715672
-30.264126 -75.229654
-70.25489 -5.327307
-58.341271 -60.931675
-46.570237 -65.60793
-80.777432 -4.342317
-81.139396 1.234884
-87.755938 2.712155
-45.022182 -57.852067
-34.568929 -60.402414
-42.143684 -71.731934
-64.899366 3.336279
-74.997623 -14.73767
-56.562089 -69.862842
-39.995785 -51.705431
