//Synthetic=Synthetic_01750_J80

J=80
MT=20
Vd=2
Vv=1

p: position coordinates = 
0 0
27.974861 23.215385
-23.609902 56.162962
9.241905 17.919565
13.616522 47.840832
-61.143126 50.627093
-38.669653 9.4266
-6.169409 23.675991
-11.304501 -25.22168
3.312521 -10.696681
-10.589505 38.621892
-19.458507 -20.163642
14.543151 7.152753
31.955149 -7.791101
-1.150429 42.388816
9.716463 61.123929
-23.091413 20.95681
-50.141371 0.592379
-6.612259 51.901218
19.503881 12.050082
-16.164731 -17.424655
-49.493613 54.708403
-17.930286 39.264926
-1.231539 60.637015
-50.815363 -10.880763
5.675672 -10.031757
-25.832054 29.062284
25.663042 64.393403
-47.678255 -30.164083
-19.344161 -23.255026
-30.429585 21.165346
-10.13226 24.622405
-39.266417 16.408434
-41.325263 54.498831
-48.449791 50.257703
-44.177663 38.556824
-12.155783 -21.541149
-9.12171 60.245285
11.603635 22.729013
-3.218739 -3.388018
-27.880995 -0.573919
6.26347 15.289019
21.443354 61.103487
-54.776869 -10.784052
-40.752891 -26.659984
-51.984989 -27.370591
-39.839777 -25.931322
-0.108467 8.613786
-52.886529 -0.097525
-21.051079 40.677823
-27.155359 7.00046
26.496802 40.88987
-46.491705 56.206149
-45.006176 20.311313
8.286493 53.768351
-8.603017 35.612866
-56.324904 43.182834
0.26612 65.3332
24.725858 26.46065
-14.379165 28.97072
-5.09968 61.635701
-5.035751 43.164793
-61.127018 34.203264
-13.671462 17.699098
-42.971205 -16.186166
-39.17351 39.647962
-1.034004 -21.060392
-3.896403 -14.798957
-0.321051 28.825701
-7.929929 -17.080848
9.895056 30.130018
-57.750487 42.927402
26.698071 24.873786
9.821977 49.944291
-42.188075 23.20064
-20.968689 38.161863
5.415726 38.115271
-17.393282 8.391989
-27.587236 -17.65722
24.56196 -18.540699
-21.689947 67.454435
