//Synthetic=Synthetic_00097_J80

J=80
MT=20
Vd=2
Vv=1

p: position coordinates = 
0 0
-7.358565 -38.910438
-25.810708 -55.230778
21.452832 -11.664763
-35.493142 -54.131799
-26.954333 -48.845501
18.613628 -32.651108
18.401071 -11.908544
-26.476961 -62.119209
7.559792 -34.491274
9.794038 -19.988345
14.630781 -6.97235
-43.583512 -54.317317
19.200995 -14.483084
-44.597914 -58.705205
-15.990674 -33.878184
7.957746 -46.151378
11.767665 -13.08198
8.163546 -15.267466
-25.006242 -57.301842
-13.744822 -39.292685
-6.199589 -49.469136
-13.975726 -32.087808
-36.875189 -62.695609
-47.244217 -54.35112
-43.324255 -55.617885
16.943561 -15.08383
-42.263664 -62.386188
-12.876863 -34.354346
-3.33425 -22.885752
-5.655645 -25.038356
11.43645 -17.571918
-45.481475 -54.192173
11.549462 -25.727167
-9.728479 -33.273066
-52.267541 -47.350983
0.812511 -13.963445
-54.737876 -50.886565
-41.005779 -57.057802
-7.866551 -35.863343
-45.395155 -53.984181
-46.151282 -61.13133
-14.625107 -41.009624
-19.455692 -25.519484
14.44959 -30.636746
-50.652521 -66.193844
12.378606 -33.683328
-40.07002 -46.071428
-50.171302 -70.670317
-7.364074 -25.433211
10.847242 -16.656195
-13.709689 -20.287561
-37.429909 -51.729068
4.222177 -31.579739
-46.403008 -51.773631
-2.534117 -25.290855
2.009964 -31.289007
-4.531277 -5.380694
12.521555 -9.83761
-35.585839 -56.321424
-29.424704 -63.898127
-45.218795 -56.174872
-3.486539 -40.841486
-2.756594 -36.536672
-36.855269 -52.352592
14.149467 -24.169474
-8.7108 -21.165658
-4.38748 -31.961183
-43.335169 -60.454435
-0.703767 -28.178929
-38.176849 -62.391464
5.830396 -13.226388
2.511775 -29.425674
13.79196 -28.150681
-3.154435 -39.719604
-27.005299 -66.519172
-38.683206 -51.26502
-6.328829 -34.166392
-17.433664 -32.699318
8.070773 -18.836007
5.598839 -28.653402
