//Synthetic=Synthetic_00080_J40

J=40
MT=1
Vd=5
Vv=1

p: position coordinates = 
0 0
45.803614 -3.367065
-47.547465 15.438361
-42.891656 -7.480479
38.224345 18.217881
-12.075943 28.72768
11.161103 41.939612
38.267892 5.049695
-54.839713 -35.309803
-54.388866 -1.131736
-31.140953 44.319012
-40.612159 -4.408587
31.386859 17.969633
8.747954 -5.540734
-28.294979 -26.183178
-9.209966 22.145433
42.063662 8.137335
10.7554 33.446216
-44.406463 -12.229058
-1.660916 54.689367
-30.686453 57.399456
5.498021 -38.953983
50.221109 18.061109
27.501425 -10.16709
4.905676 15.798651
18.004925 22.313363
48.472004 1.370332
6.961553 -20.707936
10.148705 -33.527745
-12.318767 47.819476
-7.495109 41.407373
-20.094748 43.852266
7.355543 -53.399179
-55.848949 -34.132015
-52.719858 -9.64292
32.460751 6.790981
12.035902 35.214035
10.813653 38.588118
-1.072656 34.854901
24.775728 -14.83289
-32.681924 57.03117
