//Synthetic=Synthetic_01806_J40

J=40
MT=1
Vd=5
Vv=1

p: position coordinates = 
0 0
2.224834 43.124987
-18.494671 18.906654
-23.712765 13.450624
-46.488184 0.889168
24.318671 50.112647
-23.738543 6.233562
32.717504 -32.670623
36.736437 -14.963724
-19.886109 -48.27026
38.406918 26.974493
18.968264 3.634712
14.758006 -21.75252
40.662897 -39.438782
20.73712 11.787474
18.842829 43.642339
41.958634 -21.575554
50.792693 -8.493407
36.709058 8.216692
-18.839405 -55.094965
-25.492754 48.756225
-46.230151 -9.651391
43.546973 6.371128
-17.217936 -52.690785
-0.812474 -62.961339
-22.433904 -12.411292
41.511718 33.070951
0.99294 -28.272136
24.142958 -5.070117
49.099093 -13.271372
-1.901479 30.043853
-20.864898 -10.482971
-38.161023 25.06435
-19.441958 22.828643
34.038782 0.088544
7.430274 -54.353047
-6.393856 -51.53646
20.857725 -30.761803
10.608873 30.930186
23.164564 37.710937
16.94577 13.294299
