//Synthetic=Synthetic_01445_J100

J=100
MT=20
Vd=2
Vv=1

p: position coordinates = 
0 0
11.39835 41.224069
18.030962 30.124368
0.670312 65.926578
19.61073 33.490749
73.065781 10.969685
40.269505 42.18952
-2.135744 6.654465
74.84122 15.055305
47.825821 34.776826
1.503138 -7.781494
-14.068469 31.169689
-13.140759 59.593148
21.778941 50.659335
-14.797894 55.542301
40.819001 35.143819
26.884894 11.594237
23.039566 48.940834
-9.707371 23.976291
29.867649 60.848848
-11.601473 52.816637
51.383781 24.918446
34.488306 2.802611
57.029904 87.460756
10.054262 41.394671
52.747103 41.105077
59.304159 6.524748
27.451515 7.382488
-13.024927 49.18666
43.766259 3.946644
29.514542 76.708689
53.714618 50.543155
47.762512 23.761341
43.017158 0.29326
-3.999859 48.982816
41.49931 41.316471
35.723657 12.243692
62.89204 49.848318
46.681689 45.567173
45.478468 57.590953
14.864721 35.040437
-11.281984 23.91625
-1.412877 39.062155
42.569046 31.4336
22.503048 -5.555474
8.322774 18.733208
20.985899 32.781307
-10.629406 33.255533
72.413883 9.379136
52.002862 17.818283
31.930078 -4.32327
38.453225 6.888579
57.742322 38.250899
9.238548 50.046553
32.438175 30.337316
24.22089 52.935873
30.235517 6.775295
31.803004 -12.676575
73.703991 15.607307
14.80168 52.76616
69.253473 4.719754
56.804412 81.272252
45.616563 -2.900291
58.535741 45.487786
13.499776 -1.607926
47.231455 2.193646
-18.973389 62.28405
26.922088 73.584268
2.807563 55.84582
13.525182 53.913791
42.023833 -0.778687
39.2673 23.737991
33.872255 40.490286
-5.432339 -7.174674
-10.030039 12.232189
59.331729 69.716535
15.564514 29.955726
65.170414 25.203767
2.923186 42.60488
7.810594 35.415926
29.977841 45.122849
13.127186 51.134232
51.126055 41.037803
29.965524 30.807471
-0.115211 6.386963
19.624133 10.022804
6.959161 53.438512
5.654034 12.621242
0.4037 62.022164
40.366736 77.825726
28.810994 35.521669
48.750613 81.130893
35.362276 18.581031
13.316087 51.914461
-7.499517 26.989479
32.599698 73.292474
59.06134 63.934389
-14.782008 50.443676
22.291269 82.300606
25.026331 47.416781
47.051131 47.783265
