//Synthetic=Synthetic_00912_J60

J=60
MT=20
Vd=2
Vv=1

p: position coordinates = 
0 0
-61.809507 -10.214206
-63.702648 -3.805836
-36.289899 46.017184
-58.132881 -0.697289
61.015116 -25.543505
55.837355 -42.701843
59.966531 -8.435309
54.632622 -14.518313
39.469972 -34.730988
-33.7574 57.365965
-32.853039 43.984952
55.516982 -33.381603
51.47468 -7.957044
48.603334 -17.390138
38.382201 -21.476866
-36.012766 64.066804
-38.743153 53.988694
48.976592 -12.980841
-59.930394 -16.211733
50.410007 -33.095223
64.095483 -21.245824
69.600771 -38.049089
62.714484 -14.731459
-45.740388 57.710672
40.505064 -35.300588
-37.416819 53.090419
-73.35525 -2.909211
50.861994 -33.705562
52.776702 -3.82324
58.970647 -11.400895
-81.901739 -25.640382
-43.852242 53.238232
-33.736164 65.525785
-58.624321 -8.638945
49.86894 -25.663329
47.052125 -31.602322
43.256452 -28.297342
-61.671409 -12.385951
-71.80201 -3.598318
59.666067 -18.600686
58.377211 -6.924897
44.340367 -7.62279
53.544066 -40.87452
61.163098 -12.905373
42.588977 -33.026312
58.915171 -17.960724
-61.147099 -0.186458
68.548382 -22.364569
-32.905103 42.363648
-63.013136 -2.069047
42.864631 -39.62096
-46.63882 61.109274
68.415724 -14.509436
-40.334525 65.520411
-58.153752 -14.664435
-33.963247 56.669845
53.41393 -42.884251
-60.909169 -9.835174
45.548161 -23.006519
-34.184339 54.786358
