//Synthetic=Synthetic_00043_J80

J=80
MT=20
Vd=2
Vv=1

p: position coordinates = 
0 0
37.508232 -56.400206
10.524624 -15.982906
56.463024 -47.571922
13.194576 -39.363845
40.15157 -56.167788
52.172599 -46.459342
11.678233 -40.511013
14.631937 -33.70649
20.144135 -44.995457
58.710587 -58.217338
13.697325 -39.883919
16.039965 -44.096794
55.918737 -62.932601
44.905174 -53.177895
48.529515 -59.093055
11.141878 -44.27015
14.822112 -34.044935
49.041885 -59.808302
6.691931 -27.866828
44.988458 -50.032219
14.614463 -35.804993
15.947356 -30.542773
37.006801 -60.908829
10.718096 -37.570035
52.284594 -40.14512
17.425882 -21.553775
23.199667 -44.077237
15.720526 -38.563288
38.420373 -49.70238
23.33472 -35.392761
14.104044 -34.011783
8.097011 -40.127804
24.354316 -42.36836
55.219914 -51.074262
47.548861 -65.099335
55.421164 -49.116454
14.42961 -54.146832
41.205591 -44.230694
14.09614 -40.211217
47.870575 -61.102017
13.726292 -30.644938
12.669228 -32.140053
12.474626 -39.473229
59.603571 -40.886184
59.974492 -37.910515
10.688913 -49.812112
11.722687 -31.603153
4.946539 -31.999477
21.377561 -33.130292
41.25174 -66.760138
55.949812 -45.538353
50.854101 -63.542075
21.143444 -48.849131
50.427854 -55.967246
8.171982 -45.573433
36.138555 -47.205369
49.066688 -46.53775
12.589928 -29.900295
58.774431 -51.423732
13.010059 -38.977274
11.93873 -43.917726
40.352656 -42.413039
25.776009 -33.102737
8.695428 -32.833028
42.791175 -47.565525
54.337873 -47.305162
8.993445 -44.443909
55.159014 -45.322767
21.139148 -22.480006
15.927583 -32.427013
8.721395 -47.141838
56.1582 -69.443591
47.29313 -55.147408
40.594441 -56.442804
21.524793 -41.220576
39.111581 -56.90208
60.344123 -59.027989
52.957545 -42.01566
8.576585 -34.042483
55.990759 -58.749542
