//Synthetic=Synthetic_01220_J80

J=80
MT=20
Vd=2
Vv=1

p: position coordinates = 
0 0
-32.161116 17.05491
-41.534256 -16.307586
-40.731169 47.355721
32.039409 -14.26335
-31.054787 -21.049006
-23.025359 34.180879
11.735108 22.327543
-30.938653 -2.851678
-21.640013 -19.888193
8.667565 -10.364209
-17.42544 -2.429889
-18.895945 17.905452
-33.209179 -33.577239
10.933629 -9.519088
-44.517391 -10.128382
-46.655566 -26.056216
-7.711592 -5.586972
4.248963 6.281181
18.666765 -33.573647
9.889194 7.966881
33.181301 15.631377
34.790968 -11.614194
0.935894 8.745949
-4.377875 48.921037
-1.234532 27.84074
23.756874 0.551393
-20.47961 -23.708046
9.064398 -4.902684
-22.848353 -15.386434
18.793435 -14.520265
-23.05109 43.240931
-29.247217 19.334002
-5.936652 -21.455601
8.509809 -10.175436
-38.004153 23.04218
22.274397 36.421198
18.219823 1.511566
16.293735 -9.039958
-0.507708 3.50943
18.625019 -39.787765
26.90571 35.417823
-39.682387 22.880818
1.752267 -33.477691
-26.128116 30.508863
15.940585 15.125681
-16.209267 -14.862007
20.924936 -6.68089
5.736184 39.335997
-30.71025 -24.57872
-6.893196 6.451846
17.898643 1.752755
17.354384 12.603823
-32.787617 -22.276176
25.064533 -27.876731
30.557491 -30.525992
-25.519006 -32.549875
38.634241 -14.891681
-38.117348 -38.40576
44.555767 22.735309
-28.92412 27.360347
-17.487454 -11.019248
1.461722 -0.275772
-23.02164 51.710193
2.937038 16.858201
-38.92642 34.49931
-19.636313 -9.533426
19.562131 5.031039
20.819124 -1.050438
28.417166 -2.945155
41.079805 23.573118
-13.233981 17.034004
42.7806 42.5824
43.851574 11.23485
-23.494892 -39.335106
30.941651 21.126487
-22.488473 28.277793
41.01673 -41.675001
1.929788 -21.478133
12.359255 -8.165326
-13.502305 32.596498
