//Synthetic=Synthetic_01904_J60

J=60
MT=1
Vd=5
Vv=1

p: position coordinates = 
0 0
6.353235 -49.160271
-17.703868 -3.122426
-7.979417 -14.816351
21.904014 33.950072
-47.073542 48.526642
-41.508237 -50.099553
-28.42404 20.418523
-53.197002 46.512699
5.85979 15.943583
-27.348702 -1.687764
5.82345 -34.584693
1.199302 23.479505
-6.378525 0.983817
-43.775468 28.97341
-13.276933 -14.95308
-41.157729 26.266086
-7.501769 -18.444426
33.135947 22.651451
46.096349 -47.754485
-49.224498 3.270353
-17.649169 -3.441758
-27.588516 -9.886767
9.159277 11.477824
9.05707 -16.651709
42.1279 -1.409136
8.552606 -48.891106
-16.861377 -7.135713
47.868806 -47.947104
-48.100213 51.555748
-47.985322 50.423749
24.336716 -51.062063
-33.113167 -5.949919
6.833009 33.663181
4.001502 -35.080819
-8.25001 -16.414981
-51.801206 21.828843
23.320019 -54.822583
-43.472107 13.167683
-19.800887 36.291284
-17.332123 25.611618
15.664688 50.779848
-9.717663 -17.639137
-45.798616 -53.622702
-15.164618 21.980042
-31.655856 30.365788
-17.274153 20.420399
-28.277911 23.259326
-34.464788 -35.207989
-40.349833 -10.053869
36.071267 15.21364
18.46105 33.163318
-50.969131 23.309276
5.389779 20.016899
33.370877 13.274197
44.899723 2.975239
-47.545728 21.903767
33.57626 10.679015
-37.639161 19.77061
-43.2209 21.94385
22.391939 -53.495355
