//Synthetic=Synthetic_01647_J60

J=60
MT=20
Vd=2
Vv=1

p: position coordinates = 
0 0
-15.139696 11.889276
-33.871109 -20.541008
-64.554336 -23.246464
-56.572103 -24.115029
-24.914316 3.638697
-69.90847 50.190272
-35.135781 -28.320368
-78.969028 -37.923688
-30.944339 -32.197086
-59.057358 11.891071
-58.443136 16.176078
-8.460682 29.046165
-29.763662 -2.517964
-72.472838 51.696936
-34.866631 -9.990594
-74.439517 -16.636322
-65.307553 -47.891514
6.326973 26.728874
-9.121225 47.875049
-8.324574 -39.581387
-6.955753 43.944909
-30.626462 2.953872
-34.115854 -25.540075
-79.538934 -42.962188
-36.880552 -7.122336
-55.292242 17.553937
-51.613012 -31.899739
-32.544244 -1.191087
-75.11504 -26.444524
-77.12117 -41.892467
2.507252 42.728694
-8.109228 16.672926
-63.246579 -37.342796
-77.637963 12.791553
-77.703267 18.564655
-43.923705 -30.970844
-31.4627 7.814422
-40.148644 12.780491
-11.929199 20.761535
-57.889872 15.318333
-23.251148 -61.479274
-40.911349 -38.113302
-25.409663 -9.026773
4.426041 37.733233
-47.391397 -3.982234
-30.427398 9.063643
-73.116642 -20.791636
-30.137965 0.987963
-48.835855 -6.887786
-56.71627 -66.148912
-83.058676 -1.226947
-15.477032 11.60528
-7.397895 30.52949
-9.557878 -39.798811
-31.261959 7.282864
-54.641542 13.605642
-7.203118 37.444714
-57.684401 37.303074
-85.305454 -50.589432
7.509412 38.074987
