//Synthetic=Synthetic_00199_J50

J=50
MT=20
Vd=2
Vv=1

p: position coordinates = 
0 0
24.330082 -2.525362
27.251062 -37.098717
49.787075 55.066167
57.06241 -24.39822
47.226938 51.401337
40.313454 -7.041727
38.247956 71.178941
-12.691959 37.143062
67.101448 -14.172104
39.587408 -14.489864
42.783813 -27.542865
25.882642 55.269073
21.724936 -8.136454
38.891533 68.123481
29.263497 18.912828
23.976671 -26.731011
-25.128848 31.662449
-12.098642 19.831829
44.52734 -31.48135
33.327602 -46.646886
-11.168705 25.09249
16.816561 -6.206419
59.031368 9.952919
5.62093 14.308738
21.848112 -47.713761
58.14798 43.053649
58.453618 49.576534
52.273791 57.207943
57.563591 -15.272181
-6.114939 32.568882
-9.981163 -5.946174
23.487727 60.894762
-28.96608 29.600462
25.845402 20.707234
66.964172 41.071779
42.222836 -24.952785
40.667262 23.083955
55.159754 -4.858112
18.599472 23.610522
46.544644 -26.41569
42.624335 -26.692573
29.66765 -1.740048
44.765068 45.776785
16.689795 20.470214
25.708087 43.308991
34.766593 -11.896997
41.184007 37.574417
8.967664 -35.677434
20.786241 42.301972
33.505568 19.037165
