//Synthetic=Synthetic_00004_J50

J=50
MT=20
Vd=2
Vv=1

p: position coordinates = 
0 0
90.467161 -1.714876
72.108806 -3.816572
83.749542 3.760736
88.267496 -9.054858
97.955233 -15.336378
83.404007 -8.568823
70.243294 -62.868723
56.420562 -85.526662
88.330088 -18.942988
105.740902 -2.709568
50.343089 -82.303205
107.710333 0.136982
94.660349 -19.728376
56.889963 -76.350321
61.64992 -72.503378
46.572177 -70.517481
56.283648 -71.032319
60.057268 -75.328663
94.42133 -1.45737
62.155885 -72.240921
106.339881 1.452782
86.848671 -6.593802
94.221322 5.92407
91.933839 -17.509889
50.195552 -78.129369
88.726119 -9.388198
55.234011 -74.544274
66.404857 -76.437991
83.84982 -14.16844
85.994188 0.138412
110.131268 -8.519605
91.795537 -7.897955
101.375625 -6.907531
63.918089 -75.430581
56.657185 -81.842835
81.82605 -0.155064
56.693717 -66.501772
94.001684 -2.410972
61.616912 -82.018062
66.975592 -67.091461
83.768324 -3.565681
65.970446 -72.621963
66.82642 -76.50004
89.527296 -0.192947
59.230659 -72.110204
58.450538 -79.999719
57.597532 -92.893227
63.699491 -73.926792
54.571485 -70.842646
64.51566 -87.393759
