//Synthetic=Synthetic_00300_J100

J=100
MT=20
Vd=2
Vv=1

p: position coordinates = 
0 0
12.292029 -10.332829
-5.268021 30.579883
-8.000181 -38.528535
25.904883 26.467938
-43.869552 23.229449
-21.712375 36.549873
-18.850532 -0.198852
13.649572 -2.308694
-24.411431 -25.708671
34.716795 -15.009553
2.689188 5.947643
2.299578 33.191681
13.28299 -11.950537
-1.260554 17.276229
19.803973 -17.096731
17.146578 9.872302
-40.150822 -39.249054
-7.325147 34.289178
-26.149839 -17.910155
35.875294 1.647625
-21.8803 -8.755056
34.807008 20.420838
28.134811 -4.501712
24.221784 4.556504
37.530721 19.144233
-52.301134 18.442595
-14.556866 -31.07532
30.192026 -4.385368
45.706624 13.184449
50.168602 26.042726
-51.182053 38.729193
42.317961 30.266783
19.998118 -6.950984
6.836452 -5.930418
-23.375447 -36.421354
-47.775833 -27.850866
-30.866174 -26.82977
-18.865183 25.336847
-13.833167 -26.09962
-19.851157 19.496444
0.585605 -0.005127
-17.579767 -10.416192
14.972214 40.311348
0.30801 -0.250922
-33.752235 -10.699359
-22.574327 16.712616
5.601301 -33.326627
2.238691 43.684859
-8.480378 7.412027
14.39516 1.85682
-31.74344 33.591524
-36.037471 20.585368
-36.412769 12.985287
-37.975018 -34.602613
36.853435 28.668638
3.714773 -24.479116
42.24161 -10.000863
34.071255 -6.460052
5.571513 -8.424317
26.563408 41.842492
-3.258255 -26.17539
-10.030861 50.780067
36.890143 -28.704942
-40.750361 21.389384
-44.344853 -37.131364
-34.942318 -27.929055
-27.082752 24.127137
19.274974 25.776743
34.004554 -39.229843
-45.223862 45.672927
-47.290741 16.220523
-18.951534 -17.748801
18.434741 -13.355016
-12.708214 17.466778
12.984734 -3.587479
-27.338411 -28.669011
-52.537814 -30.699929
23.570488 41.459454
14.614141 6.199717
-2.476792 10.673306
11.787491 10.96812
-24.783284 40.071579
-52.975953 -27.056469
-28.303702 -11.295751
45.293734 -41.330551
-24.504982 45.294099
-25.0608 -39.893213
31.303938 -31.588644
25.372448 40.051792
13.585082 -11.510781
3.052836 0.579402
24.433278 18.329244
48.614357 52.950016
-35.883668 23.629123
-6.200994 -4.552798
-50.508468 -17.172131
12.203958 -38.980929
23.003585 -40.995893
47.488547 -17.639329
-31.337198 53.407392
