//Synthetic=Synthetic_00161_J100

J=100
MT=20
Vd=2
Vv=1

p: position coordinates = 
0 0
35.18093 -72.851864
-32.975103 -12.496067
9.945395 29.479228
38.268571 75.640084
36.893818 -33.08033
81.618756 13.392205
-40.258795 55.556235
-11.371085 -38.619467
-9.279689 -74.053858
41.806685 -41.528062
34.22637 -47.680259
60.012199 61.305053
-79.925474 -3.49149
20.735014 -59.890547
-26.567163 81.450491
44.492092 -5.908405
30.381078 -6.974294
-10.218548 -75.620977
-14.735334 -26.581729
66.21419 -54.854484
-33.126391 -31.437101
51.762113 -52.728327
-71.458691 -46.24054
-36.566673 -72.466271
38.323907 72.572393
-30.015783 75.847095
-35.077004 21.283763
48.335138 -12.340305
4.033847 36.730932
5.074252 49.469133
-52.410308 -69.508952
-8.376025 71.108284
36.729319 18.202165
65.053998 3.503195
-28.942064 76.198676
14.876513 31.620058
-34.540138 8.356194
45.538218 -31.31315
39.507785 80.08964
-66.096604 -50.439189
56.5897 29.689522
-36.877542 6.420586
-44.403048 -76.934587
80.004612 24.021537
-54.67631 39.995318
31.127569 -18.64681
-25.438043 74.053385
-14.732418 31.471369
40.929832 -3.982536
-3.069898 -35.784198
18.580091 22.2388
11.677336 -63.192349
-4.02581 82.531163
-63.444066 -19.990327
21.587626 -44.591641
63.473432 -53.032199
-69.063391 -16.572626
27.74531 55.711258
20.340155 -83.393385
-36.1375 29.636628
11.307695 25.516983
-75.442955 31.315213
-20.414727 -40.849341
-82.059664 -13.241817
-38.172866 -68.901525
-15.021899 -34.404533
64.49351 14.598567
-13.572171 -79.028679
-65.943692 -55.246087
-78.169941 23.304921
-0.472711 -30.925299
66.706461 15.791385
40.203468 -55.073257
50.842044 4.068344
26.677179 -81.213416
51.620512 6.255761
14.076556 -86.149897
40.053553 -0.279986
34.405098 69.101933
38.714568 -68.347026
-38.751356 -65.497894
37.129837 29.997321
-73.225847 -41.230587
-41.486378 49.838232
31.642184 14.730033
59.6742 -55.690151
-63.415807 55.426918
44.233386 -23.754088
-68.953115 -22.745504
-80.8494 14.260876
28.511219 -35.847269
22.124692 -36.930203
-64.538546 15.611926
70.87792 -27.367974
40.205992 77.880895
-32.03747 82.48255
27.713546 67.172152
-58.723408 55.807406
53.391627 69.704635
10.162492 -56.165553
