//Synthetic=Synthetic_01546_J80

J=80
MT=20
Vd=2
Vv=1

p: position coordinates = 
0 0
90.723599 -25.113191
75.811292 -32.977148
72.96145 41.025569
77.812832 38.337113
77.954897 39.989887
90.261429 34.07117
74.381059 38.721154
61.229087 39.066892
84.496789 35.501426
82.129882 -34.400772
76.266052 41.984864
87.923182 -34.710084
88.106131 -39.315665
75.671468 34.4896
87.707031 42.441118
85.777834 26.299861
80.375283 31.396471
81.479126 50.978958
83.739176 31.176021
68.077014 -29.110181
81.823146 -29.558645
84.935599 -32.644502
68.525105 28.385739
87.91056 -30.713835
80.837436 -36.156935
82.73705 -27.584474
71.667454 37.633523
73.764653 41.042975
78.841206 -39.230128
81.108658 -36.87226
91.695347 -30.418223
85.352746 41.463794
78.119917 -37.269453
83.477308 25.552311
83.220018 -22.125093
71.356573 46.016518
79.63991 -17.888437
75.243167 35.211474
86.316139 45.399671
88.04585 -23.107527
70.872534 37.403543
74.261396 32.771487
81.274235 23.352742
93.524502 -36.576471
81.286512 -37.889231
85.850625 -24.488352
78.860683 33.932419
83.062809 35.98538
71.333612 35.333052
86.304175 32.668177
63.7607 42.2566
57.332816 42.076034
83.211699 44.27553
78.690271 -30.06884
71.484967 34.54369
83.816264 30.5191
65.623016 33.955862
91.241713 -30.328256
84.77453 27.975017
80.460768 42.290846
87.390157 -29.663997
85.564177 41.214587
75.637252 -31.90456
82.56123 34.804917
77.067662 43.277062
74.950489 30.697009
71.099096 -29.366139
82.481342 28.562817
71.860474 36.699695
78.095216 27.956635
92.284111 -38.532828
69.36879 -45.318406
88.878847 -37.019776
80.322865 43.514299
82.629141 35.64348
91.280851 -27.039772
81.605772 36.596383
70.297682 -29.223851
61.844159 34.442166
74.696134 37.55885
