//Synthetic=Synthetic_01743_J60

J=60
MT=20
Vd=2
Vv=1

p: position coordinates = 
0 0
3.365917 57.784459
7.268797 -35.281885
15.942303 19.411857
4.289013 36.343637
-25.083035 42.847233
-11.869032 43.115028
30.204808 33.403152
-60.110202 -8.731431
36.472619 18.934442
-8.790144 13.398018
26.606627 13.221578
3.669947 12.872759
-2.586121 -35.578114
11.265042 -30.868341
38.185624 16.65105
9.102988 23.831359
-33.496906 -7.091412
-49.757464 3.054001
-16.057358 41.104648
30.749964 1.836396
-29.8649 43.10795
-15.825358 75.101278
-17.63812 -55.49273
6.621083 32.974779
4.738572 21.214693
-8.408255 -55.046312
-78.721922 8.873235
-54.687028 -8.31581
-13.294716 45.462166
32.207357 21.69414
-26.006631 45.008494
-10.162697 18.929928
-68.766712 -16.554773
-72.574126 -19.948057
-10.445085 1.544639
11.786506 -34.741425
10.852902 45.945589
34.152958 -5.959704
-69.150256 5.623247
32.139137 -4.64316
-10.017936 14.944398
-0.350591 -38.809558
-20.799763 -34.700703
-37.772152 -30.635968
-41.721695 -1.537055
-52.201186 -1.639234
-1.734443 -36.917705
-53.056844 -10.057677
-50.412182 -10.00466
31.932306 34.238323
-58.060465 18.98577
23.55232 45.126503
-13.030597 -36.817649
-41.560658 -7.020953
-29.024862 14.450369
-12.820752 5.630191
-26.320942 -1.71122
-10.686609 15.964442
6.801955 68.345864
-25.073249 51.438983
