//Synthetic=Synthetic_01389_J80

J=80
MT=20
Vd=2
Vv=1

p: position coordinates = 
0 0
-87.809449 16.584849
39.179296 -15.609967
-34.218571 95.727631
-96.995543 8.111398
62.729105 -75.831757
-85.866961 -36.943875
-36.260023 77.116408
56.003955 -23.581176
-58.826311 -11.531734
89.16504 12.155255
74.381158 26.907213
-55.325517 -74.805252
84.753257 -14.784588
-43.155115 -89.125952
-32.487817 -80.54963
51.128265 -76.814757
70.695121 -46.42834
38.360848 85.179502
34.069517 -30.37834
-40.945082 3.118361
39.342729 70.204327
51.395396 0.792573
-5.754552 71.597752
65.033472 -54.19907
94.433068 -25.050638
73.184969 41.46966
-41.803999 -72.717873
-22.863528 -41.093412
22.343253 94.865137
-18.915364 56.635404
92.087369 38.225776
8.368709 -44.300111
71.810774 51.079756
43.418929 2.915872
64.728603 -69.492619
64.373033 51.15187
-31.27809 22.52974
56.065229 33.539793
85.07268 -16.518969
-3.910334 47.137042
35.452628 -31.868603
-70.544214 37.405807
-92.661696 -36.616203
46.791745 63.242744
-49.543195 -37.124797
99.327209 0.900856
-36.265452 79.696238
-62.740848 -26.761926
-31.669907 29.473109
9.556462 -73.697622
-93.79241 -9.443496
1.09025 88.684024
-64.816095 -11.044212
4.117312 -81.001051
-55.564573 -64.118698
-31.323618 -33.203283
8.160147 96.579434
-49.011447 -73.681297
-34.31017 -83.746254
57.216348 51.881497
-39.107073 -73.723121
9.225293 62.178552
87.191065 27.348989
-14.568736 -44.989995
87.470176 21.959029
-40.118027 81.884888
38.262095 -44.380361
25.088436 -43.850102
-22.776154 90.181483
-26.997715 -53.244757
83.049371 -44.262148
-50.622953 72.964324
-6.058093 -41.332569
41.973581 45.392307
60.003967 -56.718744
-35.838323 86.19826
-54.251195 -2.6418
-23.691897 39.958195
-35.072326 95.401457
88.901991 45.483614
