//Synthetic=Synthetic_01581_J40

J=40
MT=1
Vd=5
Vv=1

p: position coordinates = 
0 0
49.11623 39.90549
0.34467 42.11348
15.313862 -31.623959
42.836418 47.65726
-16.751557 -48.925439
-16.199637 -12.689837
-34.74291 36.567469
-49.692735 36.259339
26.393637 -27.053167
-7.746772 -37.580178
-14.239771 -22.037508
4.934467 -9.638715
-44.695782 -49.173917
-11.798534 7.012753
-21.355301 -4.328014
-33.091843 57.039619
22.294576 -19.397979
-24.964981 31.52815
-50.809778 6.523465
23.249084 -21.786586
14.067298 -26.816943
-37.505969 47.592377
-36.971217 45.022454
9.967673 -21.956211
31.712177 11.177153
24.775988 -41.512257
25.850507 24.726591
11.031872 21.715536
-3.799819 44.237335
-14.926699 5.672313
44.897442 -22.452092
-1.075879 44.751859
-32.788501 21.494177
-31.182283 -38.426495
49.160824 -7.971506
9.875975 -37.757801
-14.079101 -24.815091
42.155639 -53.655165
-8.527978 -16.28966
-24.341794 33.956934
