//Synthetic=Synthetic_00375_J40

J=40
MT=1
Vd=5
Vv=1

p: position coordinates = 
0 0
-59.212235 -1.007897
11.507127 15.840539
-28.240088 -35.636245
-22.457679 -15.621618
-27.032383 -31.333629
-22.020932 -19.640781
-65.49531 -2.364568
-22.830454 -10.128455
17.190565 16.257675
6.53892 19.729115
22.488959 13.152843
-36.494515 -12.397105
14.914745 14.888471
-39.825699 -19.23171
10.819659 17.628182
-22.059985 -24.447214
-38.11238 -25.905882
-26.023381 -28.215218
-31.936593 -26.551707
-23.394342 -23.817408
-22.676238 -15.624496
-24.020769 -30.335691
-25.850508 -29.275457
-30.169858 -20.642297
15.891495 21.53627
-32.337483 -34.808513
-33.220633 -21.034583
3.739102 32.206073
-36.855087 -27.369782
-62.724649 -7.917789
19.468293 17.347267
-11.803057 -23.900258
-35.45176 -18.064637
-47.09802 -24.540368
19.971442 17.987466
23.961141 18.414223
-62.220177 -6.090504
-27.287367 -31.902616
-40.757451 -27.898993
21.494354 22.804015
