//Synthetic=Synthetic_00828_J50

J=50
MT=20
Vd=2
Vv=1

p: position coordinates = 
0 0
34.586271 -0.934154
43.003446 29.224611
29.799727 -61.001191
41.502248 -3.713206
21.657242 -55.448692
70.313636 43.226645
16.697355 -48.380199
-41.634853 -74.849132
75.723969 38.705559
12.691774 -82.027107
-25.008332 -70.861911
19.612666 15.650664
59.07553 54.413413
-20.661726 -64.233979
35.880262 15.837617
21.714528 -59.754502
29.146785 14.461193
42.260305 21.267523
-32.089908 -87.768736
21.320268 -62.515388
13.884906 -48.208684
27.658497 -34.727582
55.991705 49.801703
46.257196 27.653043
83.037614 29.826006
32.065283 -56.947152
-32.817993 -75.588127
14.21885 -75.769879
41.998129 12.228814
-23.113942 -87.172308
-35.529267 -66.379816
29.71378 9.991201
77.473696 42.800334
69.162314 29.898599
60.000986 26.996816
23.611199 -58.196868
54.428639 31.606206
39.724586 11.184593
-32.78255 -64.75891
16.642168 -73.451138
43.741827 -55.976377
-36.009681 -69.45073
-3.431481 -67.213973
7.737535 -71.62079
-1.870901 -56.431382
43.177322 8.876708
63.351726 20.122889
7.325789 -76.435501
-13.952083 -83.176728
34.989088 21.624465
