//Synthetic=Synthetic_00368_J60

J=60
MT=20
Vd=2
Vv=1

p: position coordinates = 
0 0
-46.550817 -14.070567
-41.7291 -7.279085
-83.117482 -38.148692
-41.472295 19.938223
-70.243384 -38.550755
-71.341345 -44.488361
-6.015507 -49.051043
-4.2134 -34.20423
-7.316811 -37.494502
-66.591346 -63.057021
-19.217456 -4.352731
-13.309291 -47.196217
-3.437949 -21.564093
-53.636347 13.430656
-70.763393 -36.848727
-3.999509 -41.066065
-49.17359 -48.842893
-44.008937 -11.297946
-71.971021 -7.281761
-71.71906 -34.397836
-56.935443 -71.87724
-22.057692 -54.433282
-18.834175 -36.968332
-76.310559 -7.063018
-30.560325 -10.039607
-44.765566 -11.469243
-78.080503 -34.981184
-46.674277 -10.629414
-13.743677 -0.932873
-53.910652 -31.991463
-43.474737 -61.849667
-77.340024 -69.173739
-40.50791 -62.036269
8.693932 -71.660248
-32.183413 -47.750958
-12.029378 -30.097095
-16.251556 3.512445
-16.250481 -32.328722
10.774381 -73.624239
-41.952652 0.180853
-43.557607 -57.077243
-1.648729 -47.604204
-34.540319 -9.596262
-51.240621 -64.65511
-57.996491 -68.06159
-53.934761 -12.964643
-53.658917 -71.979368
-74.856446 -49.000141
-81.597032 -8.95103
-4.796532 -20.741413
-18.754058 -52.005895
-25.302622 -44.04843
-19.259146 -56.427429
-75.654895 -45.700907
-73.096687 -69.561007
-15.928391 -40.211615
-65.464241 -51.613639
-54.528864 10.106274
-25.023553 -14.672821
5.71418 -82.039085
