//Synthetic=Synthetic_01876_J40

J=40
MT=1
Vd=5
Vv=1

p: position coordinates = 
0 0
-64.286162 5.918747
-46.235069 -24.338927
-57.053911 -15.582444
-43.943908 -12.77752
17.232528 23.12688
13.548695 -8.7427
18.325234 -53.788381
18.177761 19.884615
-2.996926 -69.067818
47.133806 1.974876
26.951963 -27.862068
-68.488842 10.168592
23.935846 -37.062052
4.228947 14.511858
-10.094419 -57.162464
50.01926 31.493802
12.542982 -56.257267
2.374779 -29.339194
43.690893 10.598546
37.542944 -4.333319
-8.508838 -70.285936
-41.251355 -37.101174
-3.392481 39.203205
-46.725131 -15.635522
20.922564 -23.334237
-14.017059 56.979619
47.911327 24.756913
25.88307 -16.896168
12.943999 -38.234516
23.160608 -33.68447
-53.066628 -7.452116
-44.700173 21.441913
56.855265 5.87448
-0.092707 -40.147792
-0.255771 31.676562
33.915728 8.343909
-13.584086 41.848468
-2.358273 -51.873901
2.532213 -54.553901
40.675489 9.18233
