//Synthetic=Synthetic_01401_J80

J=80
MT=20
Vd=2
Vv=1

p: position coordinates = 
0 0
-1.24555 -39.245081
-68.102629 -3.555702
-58.258732 29.993819
-15.790514 35.486867
-72.775213 -12.657103
28.859842 23.027227
-2.965734 -61.600695
31.307675 -23.794974
44.959098 55.95216
47.328026 59.561606
27.59454 -16.184048
-34.831511 32.274866
15.411525 50.797005
56.37516 40.289654
36.644831 25.787941
-15.009504 -45.599328
53.785858 -38.468615
-64.812416 2.725079
-6.643046 -65.902017
-26.508223 -48.101279
22.669087 -72.795431
33.787527 53.406434
-27.401941 54.657466
1.318681 38.629889
-28.086362 58.672629
-57.877373 60.578978
34.241802 -22.65657
54.271775 32.211522
-37.338303 21.185535
30.247698 79.268664
-50.739216 65.834016
-32.909839 19.342134
-4.758649 26.132903
69.075642 5.297706
-3.500417 -70.56522
-32.937733 26.073835
41.467048 33.793335
-45.96543 67.238987
53.85757 64.435669
43.942174 -27.191732
33.958827 -3.12503
47.894775 -57.978766
76.012043 10.250944
-30.197994 5.967125
68.921673 41.323514
-18.217804 -29.626244
0.606785 -38.504603
29.115155 21.168857
-27.676477 -71.525569
40.86243 10.973214
-35.882525 -25.392279
71.499819 33.539924
53.124076 53.482494
5.933164 -27.405406
-71.543272 -16.016438
-6.487736 -33.454691
25.762743 57.197107
-68.89596 -20.362818
20.72212 -81.221646
-12.087613 -36.911385
-27.948623 -43.055168
57.020937 -17.721215
-47.266 -69.767311
-30.709081 -13.384697
21.964628 45.67234
-35.006992 15.128776
-1.342791 -65.82457
67.841946 48.21887
15.323513 68.916083
-3.213171 65.459315
71.653805 -17.423513
-19.324145 -26.65598
65.808591 -51.154463
-22.358606 46.334668
-47.221121 -37.279189
20.310896 35.048066
25.633224 8.602044
-3.706993 36.720889
67.396472 0.752517
-5.368729 70.183967
