//Synthetic=Synthetic_01225_J60

J=60
MT=1
Vd=5
Vv=1

p: position coordinates = 
0 0
-9.889689 -11.099681
49.563517 17.967492
-15.11206 -5.116595
35.028531 -47.1268
-3.325826 25.646816
-42.507794 -32.371327
-14.176447 -31.736383
-11.891736 31.906155
-8.58273 -15.073982
-12.300657 -11.525958
-3.964693 40.577538
23.350398 53.443697
45.444967 20.920774
36.223037 -52.349377
-7.373081 -25.053624
-4.45088 47.262191
12.265649 -27.197525
-9.044688 -15.982271
32.097965 27.744574
34.004204 43.032505
-7.350652 -23.349069
-4.85519 46.466624
4.425814 -23.518366
31.424335 -40.819001
-0.108224 48.222166
34.035178 15.503012
16.552511 50.013638
-13.007971 -5.298775
27.692006 30.015646
28.987986 57.478648
-37.000153 -13.581618
-2.30946 38.882988
-1.83586 4.630834
-17.381072 30.907524
-7.010628 -14.975624
-41.136691 -25.739998
28.450112 20.048754
-42.597873 30.003674
-6.289229 20.134453
-1.796228 32.37193
-2.457974 35.597945
-8.413107 -23.787491
-2.000088 -0.190594
-36.060292 -28.326017
-13.324325 -30.831509
48.46729 25.075326
-41.640834 32.26479
42.773636 -50.436549
-4.212338 -25.286793
-3.530035 1.431436
-4.768459 27.25495
-0.025827 3.228809
-15.746298 -46.325435
-8.225256 -14.063783
-0.78759 0.066454
-4.835746 35.0342
12.200819 -27.193226
6.354508 -29.383548
29.924475 26.888803
4.663442 10.090633
