//Synthetic=Synthetic_00640_J60

J=60
MT=20
Vd=2
Vv=1

p: position coordinates = 
0 0
-2.377536 32.909721
-33.707783 34.034094
-72.604696 -26.69238
-14.438609 -22.90094
-68.616398 2.029953
-74.282311 3.872749
-54.55449 -38.42307
-66.641743 -28.518249
-65.432607 -19.960221
-15.671359 -19.22525
-4.246353 -59.028472
-63.496502 -13.333991
-11.803383 18.756199
17.272324 7.130518
-0.742356 15.706501
-44.030524 53.927836
-45.825184 27.297302
-8.047655 39.420117
-26.630828 -53.001916
-60.852773 -8.896022
-83.353158 -28.364154
-20.118906 -24.60085
-40.184444 24.752713
-57.347218 4.956359
-1.234589 17.142346
-12.358096 40.958169
-78.738509 -10.049952
-3.803448 34.426372
-17.659549 18.766296
15.954863 11.453646
-58.406366 -12.164966
-6.799709 -62.832721
-63.891917 22.646338
-10.439087 -38.48247
-27.427894 19.661515
-65.753583 23.410739
8.281107 14.981576
-36.691591 -28.148984
-68.507904 -18.9234
12.113719 19.768056
-75.018214 3.707854
-64.389681 9.59772
-12.274241 -35.426847
12.877359 22.750637
-36.006263 14.03493
-66.174891 1.887753
11.163497 7.061341
-8.623044 -9.190301
-53.609723 -12.637501
-58.380444 -20.682889
-65.815457 -22.615419
-8.2849 -33.483387
11.120442 11.917247
13.585753 24.634051
-7.924948 -15.959919
-25.474969 -53.250668
-75.685732 -34.31803
-44.297174 25.885925
-8.869967 -63.731955
15.484105 25.396838
