//Synthetic=Synthetic_00338_J60

J=60
MT=20
Vd=2
Vv=1

p: position coordinates = 
0 0
-11.208296 15.651315
24.214885 13.705989
45.719836 -3.763329
28.372492 20.864613
-21.765037 -66.405133
42.471697 11.183802
-10.697431 11.704967
26.30756 8.11978
-32.099682 -46.906076
-12.014018 28.92178
49.178041 11.974799
-30.128686 -58.404689
-38.56011 -37.007867
18.266428 22.544885
-44.538762 -49.120422
-24.114805 48.835384
21.086164 12.179107
-16.610001 43.097077
13.177642 34.0657
-43.675052 -56.139309
-20.197263 49.714631
-11.680222 36.309389
38.14992 25.172945
35.543297 -2.406915
-20.402874 30.576662
14.054577 24.087407
42.261249 5.282788
-17.193324 28.009467
38.460517 7.190099
56.188514 2.398404
-11.656805 21.639642
33.907222 3.428072
1.650417 32.843916
-10.892182 31.488554
27.941617 9.982568
34.767769 8.711678
-41.870074 -41.482594
-26.75815 -49.901961
-29.085026 -49.587371
-17.895894 -64.429944
11.502578 25.523063
-11.326809 11.940504
-19.776254 23.419241
-27.135685 -72.640709
-9.99365 35.536737
-42.778732 -57.753503
-38.485882 -66.985828
-36.317612 -50.416654
42.400648 35.560739
-7.658483 52.310075
22.188508 10.783387
-36.554407 -64.338429
42.402923 -3.641336
35.098226 6.261934
-27.831679 -47.74039
-10.18752 22.265222
25.255596 36.97338
22.806141 8.757482
-40.584458 -55.810817
-32.556218 -48.256241
