//Synthetic=Synthetic_00320_J30

J=30
MT=20
Vd=2
Vv=1

p: position coordinates = 
0 0
24.252823 -20.698991
-9.330678 -31.771312
28.188895 -60.691305
-34.115778 -15.507199
4.507539 -42.952268
-1.279073 -19.395058
-23.399213 -38.2699
-54.940863 -28.885955
-60.2159 -64.241757
-43.395659 2.817663
-37.202997 -34.552064
-41.056663 -53.916959
22.715988 -48.636603
-35.414196 -45.380836
-41.018547 -32.202783
-24.944305 -74.666873
-29.198646 -32.528169
-20.620637 -43.75952
11.414687 -4.147185
0.766286 -71.743184
-29.983129 -9.864629
15.28696 -12.657809
-2.657704 -49.944144
-47.583207 10.459605
-16.71931 -3.436142
-21.118104 -60.562694
-47.37148 -76.647749
18.072343 -61.569757
26.254898 -50.155044
11.550774 -81.082255
