//Synthetic=Synthetic_00183_J30

J=30
MT=1
Vd=5
Vv=1

p: position coordinates = 
0 0
-14.042624 51.254303
10.247569 23.792616
-23.9015 -21.845233
26.421643 27.107035
-41.529977 15.225055
4.301046 47.024387
-28.718576 -40.555706
-19.810171 28.954536
1.083816 39.522418
-23.162587 -12.363675
32.312958 -9.705469
1.782345 49.402161
-37.501306 -20.707111
-7.214719 -21.769768
0.190624 29.894471
25.906065 8.228755
-31.601289 35.711931
43.770762 -5.082007
-10.484262 -26.242454
-13.422667 15.000098
-9.106753 36.219788
-12.462484 33.44912
44.590165 20.616014
-19.94314 13.166081
-16.373409 38.234121
34.548665 30.858306
6.899401 -34.724382
-34.953362 -33.008982
-38.844507 -11.991599
7.317251 41.576971
