//Synthetic=Synthetic_01270_J40

J=40
MT=1
Vd=5
Vv=1

p: position coordinates = 
0 0
-32.709158 11.958852
53.589402 -1.721671
-23.052595 -13.27142
35.514656 -14.546458
-3.825319 -51.275932
13.267253 43.135385
-21.834966 -6.098016
27.281094 -31.084372
-15.747738 -29.700064
-26.400146 7.697716
-9.076233 16.620771
4.137651 -39.916616
-38.755941 6.184413
-19.551366 -20.412811
3.515351 19.848976
41.720539 -19.730249
-2.059799 -23.882741
35.01329 -10.407484
-7.144501 -32.379382
-45.287259 10.545768
-28.668798 2.454562
-25.120206 -23.260867
-34.222429 14.339033
37.20944 8.953155
58.63136 0.682964
-22.67158 -39.946842
-15.555613 -7.968961
-36.179005 18.663713
-1.880136 -39.461583
-5.556199 -20.970328
46.17606 -14.345362
0.085111 -53.56944
-7.870267 11.311947
-26.704542 -22.979791
40.535278 -9.536232
3.92468 22.661341
16.266881 30.172783
-37.190532 21.115022
-7.63052 -39.746926
-18.499436 18.108259
