//Synthetic=Synthetic_00475_J20

J=20
MT=20
Vd=2
Vv=1

p: position coordinates = 
0 0
-5.456805 -32.686209
-28.944947 -28.959157
-31.71781 -15.963623
-35.509892 -3.403273
-7.138302 -42.294393
-5.05146 -46.667943
-44.345136 -12.625659
-35.698748 -9.382757
-31.876465 -22.376416
-0.895161 -53.11093
-8.413051 -38.15214
-11.478991 -19.704511
-45.258479 -19.661501
-10.881256 -33.771887
-13.696358 -32.235578
-30.620935 -10.549187
-39.661227 -7.950485
-31.233613 -11.929485
-17.814684 -38.674597
-40.508936 -1.575212
