//Synthetic=Synthetic_01818_J80

J=80
MT=20
Vd=2
Vv=1

p: position coordinates = 
0 0
14.402305 52.845055
26.76946 24.835854
30.849085 -46.106866
6.399931 53.321917
12.822954 66.308787
17.186729 -35.631231
13.3792 55.428242
14.079662 24.297729
3.164844 15.171518
16.265477 55.412938
30.946565 -18.590031
26.672381 21.774281
4.566759 27.417519
10.704317 21.450673
19.832255 62.458071
18.821416 50.3898
27.26103 -39.82019
16.035191 19.979577
13.708904 61.317985
25.49607 22.183571
23.051142 18.674956
18.997709 48.614271
16.046417 51.586685
23.104318 -35.522612
8.024852 8.272589
43.194789 -45.404
25.004525 -36.387897
20.988238 27.732409
25.11178 19.518271
24.957685 14.969673
24.853762 64.550462
31.345978 22.529117
24.554061 24.845246
28.492044 13.516528
16.905722 -37.144353
32.172811 21.682965
36.3041 -31.416996
17.528869 21.377829
28.701047 29.375381
16.130669 8.631832
19.449364 32.583947
2.126996 32.47368
26.084935 21.800426
19.24491 59.176053
11.347802 27.375594
3.134845 15.488813
18.570548 17.459015
5.24674 13.456968
14.124091 14.562244
14.749162 27.524489
24.254247 32.586314
11.720467 15.696403
27.519089 58.273452
16.070438 28.089626
15.916126 23.604624
12.597416 15.505271
27.169676 -41.929266
8.190408 49.497954
11.10414 55.438483
10.035419 57.410846
23.7439 22.517145
27.274119 27.245103
10.565145 22.983541
31.975008 19.724938
16.064223 23.045409
11.739509 62.888772
18.987196 52.280207
35.820976 17.097908
0.632642 43.253781
10.864164 18.659011
14.936375 31.861573
29.057743 -39.23039
16.825754 53.665177
21.725327 -28.247056
18.441314 46.970289
14.821126 22.071173
25.285444 -37.832817
27.833366 28.626285
36.382429 -38.22181
9.633624 28.802233
