//Synthetic=Synthetic_00349_J30

J=30
MT=20
Vd=2
Vv=1

p: position coordinates = 
0 0
-68.527255 56.801742
-67.63832 -6.233931
-70.28488 45.499483
-75.337677 -19.286787
-67.454194 -8.562558
-85.490516 -13.059163
-75.862658 -9.424846
-85.812056 -5.053239
-79.225763 -6.478571
-62.777022 63.395904
-65.127653 59.476431
-54.250676 45.758817
-77.341335 -8.617665
-60.712853 50.248334
-57.152129 52.356873
-67.931509 49.548085
-62.843039 42.852909
-84.470543 -14.24646
-65.037243 51.625017
-83.909122 -5.375102
-43.404645 53.606473
-81.938361 -8.831944
-75.39567 -7.860741
-72.474084 -15.01848
-85.15525 -6.163274
-41.58765 51.074036
-71.049044 39.291725
-83.584829 -2.629617
-62.094265 51.589895
-81.645294 -1.383204
