//Synthetic=Synthetic_00995_J80

J=80
MT=20
Vd=2
Vv=1

p: position coordinates = 
0 0
72.588907 36.527063
26.520632 92.592611
70.126374 43.627645
21.957834 74.802892
58.007941 32.66629
76.604965 41.517907
19.366735 82.10692
35.524988 80.681194
24.422342 85.329187
23.340484 91.940386
69.340449 54.057127
79.439084 40.322777
32.460254 87.727966
71.237096 33.515569
67.056069 46.656285
75.78057 45.555265
31.294348 91.6266
20.340183 74.05919
69.122317 36.711645
16.540472 91.000287
24.762546 89.464147
22.415444 79.062839
63.751409 28.202469
63.730023 33.639968
15.611544 72.680288
16.648191 83.156283
60.16716 22.308032
23.750909 88.219143
22.690429 94.79643
66.714722 31.440898
66.721225 28.542153
19.313016 95.22885
32.820338 78.521806
27.152216 75.107582
19.786526 85.803368
19.237922 82.251366
78.022409 36.881569
26.401529 86.2087
21.139677 72.322556
18.140463 80.791928
18.042115 86.113869
13.663627 86.879058
19.748624 82.144737
19.320685 93.262455
65.283094 20.970586
25.462029 93.522851
81.730832 41.506606
25.771738 81.37926
36.612838 81.072139
66.021696 38.267647
16.073349 94.274514
30.177344 81.865908
75.570363 37.189094
63.732436 32.264646
22.860476 97.0286
83.97273 35.385109
71.723154 39.859005
21.180693 79.66667
80.0715 27.236109
75.96565 36.378929
27.5826 96.063705
70.888313 42.317624
73.744794 45.685695
19.212419 86.474993
18.458619 70.606514
67.637621 39.353
70.812595 35.498412
62.560069 32.507255
64.715427 52.818417
77.064179 35.044769
73.364641 37.932968
33.074249 88.749792
21.738768 85.275476
85.168714 34.724667
25.780196 76.857393
22.538225 85.318731
81.182006 42.016704
30.003516 89.483367
33.966576 77.981733
72.246282 43.394623
