//Synthetic=Synthetic_01076_J20

J=20
MT=20
Vd=2
Vv=1

p: position coordinates = 
0 0
68.592074 -18.689737
71.243877 -14.532287
56.087855 -12.468115
-36.639734 55.190571
72.677548 -14.927645
-20.114592 53.918419
-48.086669 52.064047
-12.654974 -59.568287
-47.35368 46.236432
71.386619 -21.339262
69.011529 -32.389912
-17.423928 -61.165432
58.931788 -16.262177
-14.486457 -57.631845
-14.116886 -53.307162
2.434417 -68.656324
-37.745959 56.091885
55.023688 -22.317916
71.535289 -13.633692
-9.957193 -51.432394
