//Synthetic=Synthetic_01703_J80

J=80
MT=20
Vd=2
Vv=1

p: position coordinates = 
0 0
-40.214855 -15.239482
-1.882163 -13.251863
-11.15269 -51.889856
2.422624 -37.26771
-20.244474 -26.976263
-23.001987 -28.235263
-26.433995 6.244456
25.761479 -11.908722
-34.220232 -0.473965
-41.2651 -8.105259
24.443022 -37.653778
-26.725116 -47.719841
19.988581 -59.280998
-29.085742 8.426773
-27.938352 -7.022807
-23.401107 -43.857642
-6.408649 -30.641983
-21.724062 4.132954
-40.608633 -69.11687
23.952799 0.594325
18.603376 -59.157407
9.833605 7.342537
11.300153 11.253293
12.225025 11.751378
31.402348 4.840324
-1.959377 -40.834655
-44.183809 9.188541
33.62294 -27.498531
9.72576 0.751008
-18.831406 -40.329502
36.189719 -17.25132
-23.895711 -61.645407
29.370066 -3.54164
0.047077 4.089693
-31.975122 9.413408
-5.665574 -28.128384
36.5859 18.086153
12.29096 -35.978162
-6.59559 -13.889718
-27.664656 -6.340456
-25.154361 -22.168622
20.754994 -1.199067
36.311532 -41.67222
-17.823439 -68.07732
-7.152038 -48.197973
-2.780489 -56.086786
-21.131782 -73.926036
22.196509 -44.811863
5.837413 -30.387396
-16.41801 -27.709066
31.110575 -41.031961
-10.615328 -34.672585
-35.837505 -52.590356
26.915309 19.538499
-15.492469 -34.182044
-7.380501 -30.87695
30.087575 -69.532878
-4.860367 -24.767244
20.18314 -69.325325
40.114589 -40.502855
4.757754 -60.604314
-6.762404 -40.598032
22.706456 -27.913924
15.179568 -10.328363
-32.424622 -62.12903
2.395856 -55.929119
-39.436558 -35.498636
15.089368 -14.784674
-9.863286 -3.572879
-2.446287 -13.848655
26.366604 9.385951
-14.524277 -17.484622
31.898686 -15.132777
-28.608706 9.752536
-39.787776 -30.441006
19.603519 -36.176883
22.224839 -72.792365
8.301191 7.418389
-23.70126 3.960624
34.263073 -66.047636
