//Synthetic=Synthetic_01512_J60

J=60
MT=1
Vd=5
Vv=1

p: position coordinates = 
0 0
-11.988238 -30.903904
8.680439 17.852439
-4.878639 -55.420411
20.30469 14.03135
-8.718678 -50.791779
20.14499 7.615241
-15.083905 -41.609343
-5.205663 -29.389078
-19.559955 -33.6886
30.69182 24.58758
-19.161841 -37.840174
-8.369193 -32.821199
16.845198 9.178423
-20.734115 -22.849678
26.08164 24.105441
-6.480311 -25.486431
1.888407 -52.275807
20.93044 18.533808
17.12488 13.835794
17.580838 13.355034
19.988058 19.89192
35.457094 10.676311
-12.942871 -50.757035
18.16897 16.959866
-9.160645 -47.818954
13.936509 8.824513
-0.160852 -53.866674
18.497687 13.143622
-11.656647 -58.950576
-13.435038 -40.256045
18.440492 13.121956
19.86124 13.074844
-2.608557 -36.380463
-25.645206 -62.781535
-26.534137 -32.537203
-29.725375 -55.549049
-13.061528 -68.389647
-6.660852 -55.051115
-7.029914 -52.446393
-3.374755 -60.606801
-2.869547 -25.217371
-19.221383 -36.500762
23.239148 14.371479
20.811018 17.345932
-14.646824 -53.048171
29.055589 15.723639
21.496447 13.107765
24.936168 21.527424
-10.982329 -47.351489
-12.861219 -41.007186
-14.86996 -58.287128
12.707213 15.933547
-18.975858 -29.417066
-22.616522 -46.69002
18.394193 23.06249
-8.870781 -55.889194
-33.282233 -56.156617
-3.49346 -32.597012
20.75557 19.923522
-26.150394 -28.866464
