//Synthetic=Synthetic_00254_J50

J=50
MT=20
Vd=2
Vv=1

p: position coordinates = 
0 0
27.698123 -15.64677
4.885661 -73.374388
44.791873 -74.156513
28.275225 1.492843
39.462096 -62.059513
3.896807 -11.719059
20.637989 -74.069422
53.301577 -30.171233
39.521112 -65.946193
16.303973 -10.727945
54.494396 -33.721444
34.814169 -57.991704
0.921529 -96.694039
37.860493 -13.412029
-5.181531 -60.904991
35.453494 -68.892595
24.045768 -76.1653
1.290572 -41.659565
38.005693 -5.696759
54.507804 -38.381525
55.445998 -60.512575
4.091768 -78.310186
32.814464 -13.469979
51.319076 -49.465916
42.586522 13.69265
-11.445497 -38.066772
-0.881036 -14.414729
-8.9583 -57.4306
-12.468448 -68.232927
68.842582 -51.215772
57.185605 -23.897055
17.225482 -79.28707
5.040666 -44.704434
66.872009 -49.661525
55.359587 -55.918555
21.542877 -63.25498
-1.91736 -21.461504
16.98927 -61.898705
-26.584957 -23.750833
27.357652 -62.077334
-1.01342 -17.151291
6.189765 -74.39925
7.858245 -90.705146
-11.914468 -63.07992
47.760953 -48.132745
7.07408 -1.718711
44.199533 -6.556742
38.930355 -57.885552
26.836291 -11.679755
54.826191 -11.474671
