//Synthetic=Synthetic_00844_J100

J=100
MT=20
Vd=2
Vv=1

p: position coordinates = 
0 0
65.139767 36.417751
43.229876 -64.572548
53.154778 21.738275
-5.357833 -33.956625
97.753527 -42.454597
51.289339 -58.389048
33.787496 -94.156246
64.889265 -71.956267
70.941578 3.868907
56.581003 -40.485435
18.369421 -67.189055
18.533271 -41.647587
55.913658 -18.065678
66.212265 -20.309391
110.718941 -54.662662
30.655687 -99.179631
12.483342 0.992114
61.090067 -62.032445
36.172799 -38.702971
86.057226 -60.891625
28.579816 17.059303
109.659762 -52.602359
30.686533 12.302324
11.773297 11.404676
75.695922 17.338949
65.391527 28.960552
33.516429 -36.462425
67.289851 -50.350939
68.686024 -0.329069
62.908968 -53.834653
43.484202 15.133896
83.336686 -59.236741
63.231568 -25.299797
23.939351 -60.100547
60.5093 -7.547786
100.104141 -50.154207
20.807159 24.639628
49.117477 35.51728
53.309176 -6.783092
76.175855 9.29504
0.660776 -5.345541
93.180651 -77.273455
24.276495 -90.788589
92.611079 -22.677762
15.183519 2.250747
41.419305 24.301267
46.033222 -3.626966
24.771263 31.761616
-2.78654 0.881969
40.263424 8.007434
62.192534 -13.551439
34.579999 -94.624333
3.10997 -38.218741
65.677074 3.306325
26.292379 -27.223978
-10.041506 -4.240985
71.560431 -78.669348
63.34731 -65.216183
41.739753 -39.503448
11.795081 -20.371331
39.566686 -90.220873
21.112671 -52.276371
29.414134 -86.499483
96.547002 -27.960638
-3.082275 -32.904838
52.976221 -59.466283
8.34337 -61.732386
38.47079 22.2299
41.490115 -2.962081
44.404005 -59.05055
70.823219 -44.390752
41.164445 -15.30954
40.183877 -46.077483
49.881771 -36.768688
15.964149 -63.707825
5.896254 -15.968671
46.474141 -20.303015
37.864024 -98.57855
64.735516 -3.424471
57.395587 5.420785
60.02908 32.503902
21.472414 -57.917327
55.5448 34.841233
49.775307 -51.962578
12.74442 -50.431558
69.028779 -20.385937
63.707206 -8.719155
91.376549 -29.230053
55.38932 -46.500218
35.997758 -3.395063
12.161555 -26.167317
68.668612 42.883266
71.826591 -9.813669
92.30914 -2.96341
10.044407 -17.784723
75.700791 -62.511884
52.955845 8.231575
62.194402 11.855193
37.413305 -19.624187
38.324124 -63.747655
