//Synthetic=Synthetic_01430_J60

J=60
MT=20
Vd=2
Vv=1

p: position coordinates = 
0 0
-78.163707 44.220224
-75.782827 40.086731
-81.608486 59.590527
-88.588361 -9.647472
-88.955475 -18.84178
-89.660568 -18.401676
-74.80422 43.72708
-72.529457 -23.91314
-77.41695 -39.259164
-82.787347 57.588913
-83.492779 56.356656
-78.331239 59.498756
-83.466551 -24.715688
-74.45868 -31.174628
-68.249487 51.90271
-92.180387 -22.74092
-84.379731 -14.065657
-71.934896 -25.401117
-55.652462 48.403142
-92.41085 -6.565059
-76.032616 51.240425
-83.08404 -21.080716
-88.972775 -34.921321
-58.831702 53.637293
-90.369044 -30.941915
-66.066855 41.062029
-67.023061 -25.523243
-88.926794 -28.445171
-97.852113 -28.730309
-68.063274 48.139051
-94.38884 -20.630249
-86.543088 -22.092175
-54.642841 58.342875
-85.100167 62.096957
-96.326521 -19.92357
-71.392057 43.161548
-79.414426 -20.506872
-88.605354 -26.755339
-83.730698 -22.7731
-80.782965 57.37305
-86.779109 -29.574594
-80.337833 63.995401
-95.795341 -22.634842
-98.712096 -20.076231
-91.015627 -33.704475
-71.235974 53.207054
-66.464266 47.002788
-71.452392 -24.740103
-88.999921 -21.253618
-88.132849 -29.605256
-70.392406 44.597049
-60.951955 52.102893
-92.997377 -32.476446
-83.019536 -22.275872
-84.288522 -29.633342
-55.868471 51.238868
-80.533683 -23.050653
-73.549946 -24.537139
-91.49925 -18.814493
-62.684196 50.251891
