//Synthetic=Synthetic_01742_J60

J=60
MT=20
Vd=2
Vv=1

p: position coordinates = 
0 0
-45.732562 72.886919
-46.025096 78.925638
-43.700771 78.361497
-76.577163 21.264401
-56.647633 2.514895
-78.869481 -1.78416
-51.732214 77.034207
-70.970997 6.913925
-47.594514 74.643232
-44.809758 85.443068
-78.763146 6.213231
-76.022379 9.146149
-54.962793 71.097923
-82.926623 8.339162
-45.332447 72.717547
-50.335247 68.691623
-80.810599 21.240309
-57.994223 69.408681
-65.35268 3.577265
-86.743564 8.116742
-87.499574 4.382571
-39.42653 76.570045
-49.72491 77.986827
-48.422371 77.3752
-52.264907 76.301548
-49.259962 67.439454
-54.221227 73.259534
-56.788195 63.133123
-79.198108 21.77116
-54.370596 72.467808
-52.113897 65.501585
-77.060171 8.022769
-70.183423 10.947998
-78.687731 15.701044
-34.958782 67.60601
-67.415757 13.319375
-50.243611 71.624784
-58.750766 69.128054
-50.476831 84.243085
-45.08743 82.569438
-59.929672 6.839193
-37.174149 65.808369
-45.890149 76.052433
-72.686347 17.174134
-47.480584 84.741138
-73.205343 15.339908
-74.858405 14.730719
-54.725737 66.075361
-74.921087 10.227176
-79.94473 10.544879
-44.055145 82.940046
-58.359912 73.610186
-71.939058 5.717102
-56.155678 68.849069
-78.129891 16.29007
-79.333273 16.575232
-81.685856 13.483408
-51.834642 68.959833
-73.724694 14.836675
-75.443571 2.381958
