//Synthetic=Synthetic_01996_J50

J=50
MT=20
Vd=2
Vv=1

p: position coordinates = 
0 0
15.826193 25.269862
-46.413705 -4.302313
19.483867 -65.661031
11.430998 -11.229331
12.214758 -53.17564
38.0346 -7.461489
46.314429 -66.736796
-6.803944 27.438188
-21.270457 -2.69329
23.728536 14.817444
33.846695 -29.494797
51.658287 -5.74406
-9.428007 -61.658191
0.090296 -44.173338
-21.582017 18.366222
47.36009 -26.081912
36.219888 8.19659
-4.337913 -3.55237
27.8978 -35.565928
43.369385 28.201932
-41.458755 2.447244
33.776643 -39.125219
47.024707 -61.979482
-15.939925 -6.923034
52.67857 26.21912
2.524641 -27.39681
22.377834 29.795549
49.063487 -32.79115
49.773405 -23.892115
-26.64791 -60.912962
-35.841412 26.992077
-30.414684 -24.810095
-15.701834 -25.703141
-29.527329 -57.038662
-11.663821 -19.271748
-19.374868 -44.608144
-39.535241 -27.75309
32.112153 -58.00791
12.392753 -10.202922
-24.692711 -47.308517
-36.019005 -11.618715
37.836591 27.067719
13.225387 -65.426754
-44.685953 34.393086
-6.534148 -1.486937
-40.915358 32.292491
-17.946458 -47.597165
-8.51153 16.148261
-23.25564 10.88422
1.179957 -47.167549
