//Synthetic=Synthetic_01245_J30

J=30
MT=20
Vd=2
Vv=1

p: position coordinates = 
0 0
-30.331505 -20.427052
40.225906 -46.875115
33.472533 -12.025387
14.223815 -24.097594
42.93391 -43.466764
-47.495855 -34.953803
-8.708755 -50.315326
5.268334 -98.565352
9.728975 -18.423984
-11.078186 -39.078301
38.039479 -38.41541
24.075815 -32.009359
-24.287198 -14.102196
1.344024 -41.247499
-29.21004 -51.644415
9.228662 -15.470034
-19.598328 -60.859263
1.736524 -46.438755
-7.708326 -69.211249
-2.984097 -88.803819
-1.983341 -20.812733
12.444413 -16.316183
-30.315333 -45.270804
-25.853426 -29.59684
19.77466 -23.887807
-22.604527 -15.949304
12.046668 -12.578288
15.790891 -5.401275
-5.016554 -32.047276
27.337257 -57.445663
