//Synthetic=Synthetic_01165_J100

J=100
MT=20
Vd=2
Vv=1

p: position coordinates = 
0 0
-77.011971 4.986992
-70.012481 6.412695
-92.746148 5.285229
-39.749736 83.310419
-52.027642 75.253972
-112.440224 82.083179
-93.881263 6.486149
-84.537302 63.959241
-18.083168 41.557086
-72.208319 39.527458
-30.972864 39.344049
-74.390824 -30.441046
-76.873813 8.265214
-27.694257 83.55483
-29.582218 85.799939
-52.68829 89.664881
4.385273 22.23289
-23.647221 -5.92027
1.844268 17.942475
-61.29008 6.128628
-94.953814 -20.443162
-31.715603 92.420736
-56.08623 48.090574
-50.923597 73.144918
-17.911746 4.388163
-25.992662 82.191841
-1.275997 15.403308
-73.66692 81.726366
-91.159066 38.368667
-39.309989 -14.862355
-62.275845 34.238587
-22.521075 36.431468
-90.652162 21.806371
-74.719722 32.706135
-60.064775 64.672106
-19.352676 13.810094
-93.490622 -9.644721
-27.956029 33.879596
-22.299173 73.998319
-31.598204 31.899002
-68.357134 -2.638789
-42.677692 -10.898243
-38.22798 62.117392
-116.440314 48.179051
-1.781075 31.944566
-81.914189 26.225799
-40.585058 76.741807
-16.056746 13.553059
-126.176922 68.883317
-42.955946 13.275534
-18.342545 50.865397
-36.698056 49.750543
-94.143129 -16.262539
-100.5307 42.806753
-75.223644 75.724939
-85.857525 -13.913096
-20.900566 10.114905
-19.913203 23.109694
-73.825255 13.528531
-20.453509 93.600813
-113.146924 73.5574
-22.24274 98.476055
-36.015939 53.526249
-55.427262 -4.003272
-21.971887 51.135601
-101.552949 24.809511
-23.824073 98.760884
-21.727732 27.025621
-96.106869 73.649692
-34.983294 14.069811
-61.763578 26.593873
-7.932094 12.409533
-70.50661 20.801257
-117.511033 64.501768
-72.993932 17.167253
-59.282475 41.375856
-11.569011 34.961197
7.860633 23.958565
-26.790517 42.087415
-88.218193 82.599861
-69.846691 82.323416
-109.947709 57.109731
-21.950581 26.799925
-15.271554 39.357132
-37.304905 63.964722
-86.628363 60.021959
1.030725 21.220492
-85.692753 -30.981903
-65.507292 56.589137
-30.528595 52.26768
-43.410739 57.332419
-106.34628 53.276617
-83.00864 43.7256
-117.298656 80.082645
-81.49601 -32.40503
-63.446172 22.064425
-7.824859 17.582792
-89.314794 -20.37566
-98.097015 8.555342
-71.79681 54.061826
