//Synthetic=Synthetic_01002_J100

J=100
MT=20
Vd=2
Vv=1

p: position coordinates = 
0 0
61.218616 -37.495415
23.926244 29.800997
54.72245 4.345476
45.827108 -51.195903
34.557431 -38.071616
61.802117 25.208916
60.390364 26.112835
58.698644 58.656293
69.463418 1.373438
10.703958 -26.055818
52.736106 5.748485
47.386469 16.29283
103.952318 10.009858
19.683485 -10.028626
39.544897 18.910329
40.310554 -37.512799
96.833239 27.377564
12.999986 33.626643
86.605751 -22.958911
13.162108 6.917286
38.538516 47.456615
43.004527 -14.905794
68.032847 -66.314762
47.101049 57.198164
74.563035 21.713391
18.69492 11.959409
37.658899 46.694657
27.724071 -45.768707
65.938894 -1.232641
91.907775 20.504295
102.335359 -20.552634
64.26725 -0.659239
11.714846 -21.044874
41.782013 7.761931
67.30992 22.667199
59.798688 33.145965
77.089385 17.240012
46.930307 23.581292
24.50641 37.836668
31.8073 -49.566474
34.945291 53.563641
106.872587 -20.359286
31.925739 18.475129
57.067761 -6.536235
58.458994 -34.261527
50.586114 35.744629
108.991261 9.480594
16.634768 38.211696
58.900449 40.007817
2.882876 4.775256
19.128081 6.194386
-9.287374 -2.203265
65.761769 48.843275
73.94709 -73.35469
48.549846 80.210246
76.385096 -14.620398
81.474457 -39.197306
33.678959 73.147682
50.219716 -23.15435
90.705406 -22.516238
-0.165893 4.204089
61.675455 39.215497
31.580842 -8.602179
65.19956 -70.03025
37.772118 -28.024929
65.248483 14.999512
35.060225 -27.693727
44.398128 60.288493
65.704527 -28.423772
88.516662 53.861267
102.599442 -30.454088
74.97674 -62.978931
-3.079037 -7.710021
28.900481 -42.782446
18.481844 -10.808993
89.684233 -11.761562
60.218949 -73.050749
63.269369 -42.148635
4.082481 -38.047858
56.306019 -59.033263
82.679897 -14.107498
44.296956 5.10135
123.006485 13.647586
76.290522 -13.541518
45.358615 -23.317969
9.944571 29.0119
30.102175 -29.296928
76.054996 -21.767644
27.149263 46.373779
56.60644 14.001243
73.831487 -22.899297
63.401096 19.424971
80.728906 -10.804357
39.410716 -15.312786
20.660394 -30.367961
99.413665 38.746169
105.679373 4.196827
41.623709 25.11581
66.125047 -71.47391
49.447211 26.947417
