//Synthetic=Synthetic_01103_J80

J=80
MT=20
Vd=2
Vv=1

p: position coordinates = 
0 0
-35.730331 37.800547
-58.383942 -21.045328
-50.606604 -13.737965
-52.201379 -6.964741
-68.325151 -19.71119
-32.135033 36.007227
-46.182555 -0.981623
-43.736731 -10.153227
-51.060405 39.4297
-45.965383 43.126528
-52.054991 -32.996872
-49.260604 44.51364
-51.291087 52.625344
-46.494729 41.342189
-53.702004 -13.269589
-31.76748 40.835247
-57.955822 -25.332262
-52.991819 -19.203977
-50.077548 37.044693
-61.784257 -16.245623
-53.208702 -23.212173
-43.237295 55.451437
-46.986756 47.977339
-48.332001 -18.635979
-53.457399 -16.636555
-55.491019 -25.24608
-62.471074 -16.189338
-50.297718 -15.204947
-49.282174 46.866167
-53.500105 -19.93085
-60.312981 -13.302737
-68.579896 -17.993184
-51.178494 -4.754256
-53.842683 -16.93312
-60.471035 -15.471021
-54.209515 -23.200581
-50.643592 41.250953
-51.161862 -22.884728
-54.259682 -25.832381
-34.528706 48.027321
-60.940715 -17.580824
-47.268503 -20.871699
-57.262144 -19.10755
-59.312965 -19.441241
-57.074129 49.923431
-49.754041 47.559796
-58.232354 48.638079
-56.746659 -14.876952
-51.326412 -17.448989
-44.738722 41.223764
-54.22539 -18.075811
-47.086328 51.589027
-67.232507 -15.083965
-43.0756 48.357916
-47.869967 -21.70023
-69.645366 -19.062704
-45.207317 55.703734
-50.117453 44.244707
-43.598759 47.012786
-41.902087 47.961244
-30.962592 48.533487
-56.229628 46.553105
-52.331822 51.442794
-48.032055 43.100663
-54.118957 37.188404
-58.930401 44.152603
-43.501151 33.163428
-51.678122 -10.888512
-48.264434 32.073678
-40.782661 40.727935
-59.460906 -18.117739
-59.535473 -21.605365
-39.381843 53.204247
-52.35216 -14.273308
-53.372003 -13.422317
-33.476762 45.742141
-52.349717 -17.475182
-63.848145 -15.703941
-54.730093 -7.269528
-50.755827 51.204204
