//Synthetic=Synthetic_01077_J40

J=40
MT=1
Vd=5
Vv=1

p: position coordinates = 
0 0
-28.150613 48.243038
22.883039 -14.463898
10.338144 -48.166928
-1.170688 31.20029
53.548355 18.009914
-4.697855 56.287252
45.709594 40.949434
-4.527151 -64.931717
53.320585 0.136551
-1.04693 -30.491436
-25.797017 53.754486
-24.879591 -0.990274
-28.113111 -54.893181
-25.701034 25.545815
-5.696959 -30.602817
-20.253151 45.072384
19.726837 -24.485469
24.311719 39.29198
-31.113015 47.16347
-15.907476 -20.692232
30.226207 4.660397
-22.725904 25.592872
-17.193394 -45.941814
-29.282313 2.6109
3.731442 30.927954
-44.651401 0.178375
-22.97063 -56.861512
44.177839 45.543944
-4.873305 -27.798359
-10.582952 -48.486347
-13.879796 41.443544
-44.115535 -8.341785
4.290752 32.137241
10.974392 39.442289
6.742959 -42.418913
-47.810132 -24.187702
15.185982 18.148502
48.694722 19.316987
13.152488 31.029534
44.325284 37.138175
