//Synthetic=Synthetic_01478_J80

J=80
MT=20
Vd=2
Vv=1

p: position coordinates = 
0 0
54.901126 -46.015317
67.452353 -8.071487
52.886055 -51.345651
44.81552 -54.626776
34.749773 -63.572337
75.043256 -4.498532
37.524283 -64.525371
63.870594 -9.835822
43.204545 -64.981028
31.170428 -48.607404
36.966814 -62.658377
69.306495 -14.968432
71.21896 -4.427667
70.761522 -12.520945
76.142937 -1.130357
34.715706 -58.049254
45.397166 -65.152464
34.07626 -58.432633
76.976556 1.290363
69.404074 -8.672243
72.783834 -12.408286
46.84187 -58.913174
45.141893 -49.798119
40.831008 -50.614549
48.572734 -62.746096
48.173447 -64.902323
27.511265 -43.985414
47.540135 -57.937887
55.733414 0.719562
28.318891 -60.16476
72.874707 -12.172493
40.324942 -59.883788
47.863832 -50.686405
40.476854 -63.426186
36.787642 -50.29611
39.575217 -62.998733
54.062436 -54.295466
39.453742 -57.180232
66.04912 -8.540704
35.264848 -40.385256
52.019897 -60.305299
71.469775 -5.25053
74.039998 -11.844566
66.460024 -15.840774
54.502592 -7.785948
74.357247 -5.453312
74.738334 -3.744567
34.180174 -55.609086
36.131741 -54.76612
41.078657 -52.725976
43.375114 -57.284224
72.665536 -7.499602
34.198541 -56.730319
53.820305 -53.333634
63.111219 0.226699
48.302471 -58.918405
61.77027 -3.807761
41.2893 -55.479335
47.34957 -59.523323
46.881786 -53.573825
45.277743 -59.639734
49.121532 -53.492691
41.223069 -60.332473
72.096019 0.256884
27.818046 -58.226599
73.838681 -3.380999
72.31915 -11.605365
64.216057 -10.870093
40.557024 -57.296178
76.066891 -1.902914
46.020842 -58.751826
34.281621 -43.765978
77.957511 -11.723978
67.027816 -13.038293
75.326234 -13.672489
42.177585 -57.844439
47.605344 -60.151271
66.046666 -6.485176
48.645802 -46.30456
43.872953 -57.661795
