//Synthetic=Synthetic_01379_J80

J=80
MT=20
Vd=2
Vv=1

p: position coordinates = 
0 0
46.483361 -97.385834
-40.580059 -76.243426
-66.619557 -61.050316
-2.19519 -106.514174
-4.032056 70.154789
33.500119 -30.105722
-16.456272 49.949687
45.588038 -24.320303
-19.678336 -78.27754
47.365579 -19.713944
-61.096671 -89.61146
84.869966 -68.887975
85.712615 -44.478879
85.607673 -0.925897
20.421421 49.493033
10.394182 108.748099
72.244292 -47.67385
-55.382781 60.367559
94.075735 -65.396761
21.768629 -84.069663
-52.012347 2.738804
-37.391679 27.098138
46.494783 -35.414651
52.727986 -14.966719
59.955001 57.796249
-99.227564 -53.564578
3.978778 44.023312
49.871692 -31.263963
-80.35621 -70.329993
-78.938882 36.889569
-58.418284 -71.107503
22.128118 37.646653
68.706544 55.736715
74.10655 87.469982
96.521168 25.382149
72.577788 42.220526
-116.573777 -3.980728
84.698154 -39.466355
45.386643 85.960008
-25.210375 54.706416
8.699886 -86.178248
-50.017843 95.084641
-113.470264 26.249052
-80.949216 73.288739
45.881673 27.269365
26.898601 91.35876
-35.822139 63.791428
90.097923 60.030704
-62.072533 -69.936051
66.010814 -40.251896
-58.025664 89.509033
-14.553149 47.614432
-82.822936 61.483043
-92.534612 -48.824321
-38.507289 76.848766
91.276448 -66.449663
19.891891 88.111408
46.18821 25.163438
-45.905875 -33.767327
-61.990044 -75.760711
78.353914 -44.041774
-78.794112 48.787172
-23.461483 47.1275
69.146079 22.031385
105.810542 -21.18766
-42.069675 -94.709083
100.443177 27.401611
34.718889 -74.727571
-26.221066 -33.693472
-41.418934 98.440052
58.085814 17.190549
95.326489 47.930265
-79.886194 -45.023188
-40.593562 -28.284655
-76.372117 -3.129294
74.157235 37.266426
-10.398904 58.890823
-82.494049 65.852238
-26.800382 53.294073
7.789537 54.701194
