//Synthetic=Synthetic_00188_J30

J=30
MT=20
Vd=2
Vv=1

p: position coordinates = 
0 0
45.031628 -73.432861
70.794314 -30.93734
35.084726 -79.698189
65.014514 -24.736313
36.442792 -87.997775
72.403478 -34.591153
69.911494 -24.884687
73.679672 -17.935032
30.344127 -77.004736
34.512805 -83.241624
76.361981 -25.740509
77.030886 -14.574734
28.528526 -76.531595
71.261842 -18.832376
83.203782 -34.953756
78.112441 -28.25904
34.243582 -83.283259
32.233538 -79.573509
92.258394 -28.598246
36.934672 -82.022843
21.747608 -76.087405
76.730039 -20.803054
79.779511 -21.314975
80.901901 -20.182275
58.451937 -6.580937
22.626604 -71.075508
76.604635 -24.61708
83.272797 -3.557503
67.222555 -21.126225
39.042499 -83.79901
