//Synthetic=Synthetic_00049_J100

J=100
MT=20
Vd=2
Vv=1

p: position coordinates = 
0 0
-27.639471 18.058841
-27.887097 17.322627
46.43273 39.740061
-2.918233 -79.501335
-33.70448 68.822142
-14.211937 -71.523067
-38.600043 -49.153134
-8.595107 35.534107
42.292211 -15.771641
-35.010904 3.80837
-9.68931 36.699724
-24.807038 -52.951179
50.688624 26.519858
31.822731 34.941605
-2.709763 -48.901386
17.120377 35.293415
55.593637 3.141895
60.935163 11.976552
44.838717 -54.047487
43.333485 -3.52836
-29.274431 -37.563943
-6.432074 -70.181503
-51.394599 -1.769769
-34.464805 67.911091
-12.372794 79.304336
23.152589 65.793065
13.144938 48.054845
-56.67582 52.26236
-39.514341 -36.514541
29.636058 68.413842
4.422747 -52.601015
43.93808 -66.03032
59.045843 4.810016
53.120556 29.975135
-13.778613 41.845781
-40.201771 31.081897
-44.20256 -57.596358
28.344646 34.025944
-9.275059 33.548167
67.991201 25.00059
14.842948 -78.546234
12.194372 79.035235
-51.891519 2.946647
-53.671795 -56.148088
-70.885448 20.685863
-30.26765 10.038215
18.881962 76.64576
-45.383694 -55.918762
-41.472224 -8.969819
-27.553889 -15.001247
24.139577 77.92838
-15.735377 -38.425217
41.276688 -57.455607
12.547203 -37.618475
-35.102124 -69.858815
-51.529707 7.475727
-49.875847 7.789924
9.821813 75.042374
-57.063819 -37.026736
41.053893 -48.255105
6.776192 -80.789046
18.053428 -31.934774
-7.112412 62.570262
-52.846755 52.598401
34.826783 -49.217755
44.385906 -13.133253
-22.119086 -33.796578
-57.529497 -19.377503
59.953922 -11.299564
-36.027401 55.700506
6.401033 -66.406848
51.533017 -20.979144
51.309347 34.445939
-57.299719 25.579886
-2.43772 79.000247
30.532271 8.581903
-54.417035 -24.557207
26.961611 -14.317726
-7.641765 33.615677
-3.613052 81.00463
23.358302 61.085922
4.620963 -70.411589
-5.669156 51.307742
69.930531 10.385175
58.369809 18.431558
-44.206864 11.321886
-25.643282 21.185005
-17.614007 61.740987
37.010481 50.979382
33.430411 -57.10494
-4.765341 -30.537936
-4.207772 -35.360016
27.358468 61.342144
10.980186 45.947211
-8.14375 55.298283
-64.421077 2.82446
34.266156 0.001244
-32.319205 -27.173901
19.879863 22.847617
-4.473281 -82.388852
