//Synthetic=Synthetic_00206_J30

J=30
MT=20
Vd=2
Vv=1

p: position coordinates = 
0 0
30.089641 -7.535171
-6.401749 5.989501
-1.698174 -43.427494
-41.45182 -14.537209
-39.3864 0.484884
2.82247 13.765224
11.768633 -1.051792
-17.861544 -0.684522
-22.279412 -4.525114
12.692424 -15.120102
18.29398 -24.395454
-6.566102 -28.692233
0.580832 -16.561038
-40.101195 -8.590815
11.821392 0.171605
-31.917617 -8.618238
27.529839 -19.200174
37.154326 -16.700542
-10.004404 -16.130254
-14.868129 -22.922483
-25.149837 -20.016707
18.40254 -16.251368
-62.918164 -5.394775
6.903076 -22.528898
9.051981 9.508566
-11.025038 11.904778
7.079106 -0.223341
-73.330334 -17.892743
-47.839514 1.492742
-15.720349 -37.548134
