//Synthetic=Synthetic_00416_J40

J=40
MT=1
Vd=5
Vv=1

p: position coordinates = 
0 0
-45.004564 -16.062439
-29.006514 34.752986
41.911341 21.995838
-16.583425 8.030421
-41.483933 -15.335173
-1.664376 0.459313
22.30129 -3.398832
22.616795 3.319982
33.051604 34.073543
45.921846 7.176286
-28.719056 -34.035401
18.800083 16.8487
34.408245 -16.217144
29.105295 -4.382277
-25.153144 -15.227086
-11.870155 45.680123
11.786113 -29.487634
-24.104924 54.866235
-5.351442 13.20971
18.933283 -9.967337
-27.634523 -12.617034
-8.153978 41.850297
28.960629 -7.228682
47.524121 34.859079
44.497358 21.810348
-17.72719 -43.735068
3.128363 -18.680212
-26.788955 50.384658
29.585279 17.694372
-29.340793 12.159974
-26.230997 -38.148044
10.955951 3.488044
35.598703 -22.807819
-15.752511 -41.522252
-28.017843 -16.055863
-6.938639 35.287985
15.914887 18.189478
-26.279845 -4.358552
37.498125 -30.379055
-40.256823 -4.50617
