//Synthetic=Synthetic_00354_J80

J=80
MT=20
Vd=2
Vv=1

p: position coordinates = 
0 0
-54.862392 61.884308
-76.271972 15.92963
-47.186041 68.011455
-37.948654 67.289008
-89.254361 -0.782048
-41.254915 54.317738
-47.232604 63.836119
-81.206226 15.277241
-51.780607 60.282365
-50.369214 71.191278
-79.796494 6.02291
-60.598009 53.954883
-39.126507 66.641607
-52.240528 67.454555
-73.892893 1.186019
-51.538249 65.512919
-48.63159 64.923361
-49.182911 60.975827
-88.880735 5.293497
-60.77058 -0.609192
-84.616713 3.498094
-46.329739 82.713364
-55.884927 62.886341
-33.524034 54.669845
-54.896135 68.836511
-60.117122 59.097729
-48.337781 66.675864
-76.547529 11.689596
-44.942206 68.765218
-55.890206 67.228791
-84.974532 0.775394
-90.850827 9.968528
-83.606634 15.99199
-55.540736 63.222002
-84.22287 12.22718
-36.889894 55.486192
-74.829795 6.602512
-56.909112 61.185565
-54.745743 67.171655
-83.201897 4.008403
-46.930451 63.173234
-72.563279 8.43025
-55.779997 65.037887
-42.890094 67.904744
-74.84779 2.034076
-53.624881 64.663156
-78.377012 8.604512
-54.750551 77.299029
-82.051563 6.030299
-44.189836 49.376132
-59.628086 66.414111
-67.02607 2.104438
-46.433317 61.547022
-45.553482 65.054123
-75.631683 5.422939
-49.940863 62.792632
-89.347328 -4.182292
-81.303718 6.593873
-86.673434 8.292327
-39.492049 60.311421
-77.328812 19.429136
-64.491588 -0.964647
-74.412791 9.636031
-51.532562 62.591027
-50.082472 68.529662
-51.648658 59.501404
-79.002991 12.559641
-53.805014 58.510811
-90.021022 9.111089
-47.444792 74.426323
-49.111672 65.776179
-55.522929 57.417272
-73.446309 -4.495455
-84.249621 6.249944
-56.102292 55.022292
-49.466149 65.655821
-90.115058 3.863606
-47.563834 67.887226
-45.344978 63.232788
-78.911728 11.046548
