//Synthetic=Synthetic_02011_J50

J=50
MT=20
Vd=2
Vv=1

p: position coordinates = 
0 0
-23.237234 -35.058883
38.157388 37.291444
40.564622 19.546989
25.747789 -81.531144
-35.198753 -21.465709
-45.081359 -52.423697
-21.108996 -36.227943
-48.323577 62.715938
-87.599792 -16.59611
59.918876 35.183841
21.974337 48.080502
-38.46483 -73.232232
-92.004215 -20.949771
-52.43457 36.107707
18.683697 40.559934
-56.094758 -65.244697
39.221626 52.510612
78.505493 -26.950666
32.677087 -70.223114
19.345779 47.127981
-13.298068 77.109418
-68.143451 59.563862
79.999979 -46.692434
47.803077 71.148859
-40.870713 26.857682
63.494777 46.889669
16.436762 37.07629
43.572101 48.830774
-88.36026 5.265026
-10.545202 29.891661
48.62478 -38.970331
-2.17116 81.952942
37.499726 12.812651
8.777778 48.739314
-37.599221 8.339228
64.184918 -46.423143
66.136154 -22.963158
-46.317067 -45.494512
89.901878 -29.499548
20.090115 -30.951801
37.678436 -20.672148
84.292418 -15.03086
-44.844908 -74.817231
53.764346 45.267745
77.883087 44.426432
81.419102 -41.316906
-46.99701 -11.464469
-43.484687 19.615814
76.633176 14.15547
55.837911 -68.817183
