//Synthetic=Synthetic_01317_J40

J=40
MT=1
Vd=5
Vv=1

p: position coordinates = 
0 0
15.489505 -31.01135
4.160813 -2.358541
-9.01328 -47.858205
10.164636 8.830146
-15.051146 13.358342
-15.454887 -32.405221
-25.530066 38.932333
15.485296 -5.942761
17.290398 -30.324615
30.745207 -34.416103
-28.575892 -10.966258
-15.566644 7.235408
7.077364 -32.276996
-16.438835 9.398713
-18.796233 -9.149432
57.93868 22.448651
-18.952712 51.466919
22.966278 -47.479014
17.833957 -20.857259
36.790235 20.951481
-19.133876 51.816803
-38.385288 10.959428
-1.007572 23.560365
-13.567532 -42.873175
7.93459 23.369654
-27.08644 16.236152
-0.645725 50.034481
23.564762 -43.852449
-45.639551 14.185867
44.431483 4.784048
29.78017 22.645076
62.628561 17.158575
-13.986782 33.103331
-5.781351 9.45393
-45.675948 5.104067
-18.180523 53.935584
37.728141 19.333588
-5.092098 -43.915072
-23.642527 20.029931
23.580395 -12.596224
