//Synthetic=Synthetic_01397_J60

J=60
MT=20
Vd=2
Vv=1

p: position coordinates = 
0 0
-18.614912 -89.248258
-0.598067 -29.661301
0.776678 -32.218009
-4.411507 -58.30301
-48.706608 -44.104435
32.95079 -53.456391
-6.137454 -96.439587
-43.629751 -72.166087
16.902482 -81.065222
-37.664125 8.204453
31.390787 -81.91146
16.831828 -78.778581
-47.714796 -5.982942
-37.495152 -10.181023
50.818443 -98.691278
40.313881 -51.105677
-13.963153 -87.759268
-29.661447 8.428913
57.879924 -38.547662
21.30247 -41.118818
25.835307 -70.952389
35.947416 -95.329307
-42.795064 -1.849849
40.808401 -102.898263
-10.134033 -24.382211
-53.460434 -82.689207
56.107255 -68.962787
-57.892195 -78.015798
-10.922129 -41.896241
-48.215365 -41.81156
-21.452456 -7.401843
-32.34051 -67.955201
30.521581 -84.270852
58.503145 -38.511821
-36.636407 -38.041112
-14.197006 -17.332802
28.515402 -80.698042
-31.974564 -90.57837
15.028578 -46.846271
-15.895018 -28.797548
26.791225 -53.183956
-28.769789 7.02119
-15.257311 -93.823413
-1.863629 -65.205162
55.936822 -38.768883
-35.425342 6.50658
2.500839 -42.1046
-33.686767 -79.580042
-30.378307 6.571775
-3.162655 -28.383473
-21.839382 -46.269792
62.440613 -72.72408
41.259891 -53.790743
23.818244 -52.882159
-2.828489 -45.158408
-11.756587 -83.35788
-46.204667 -17.818869
-50.23621 -83.075579
3.256718 -39.895023
-45.337829 3.875429
