//Synthetic=Synthetic_01668_J40

J=40
MT=1
Vd=5
Vv=1

p: position coordinates = 
0 0
0.988353 32.872944
-19.493606 -38.580799
-30.773224 -3.263199
17.910619 6.164271
52.395125 -7.960836
46.325918 3.528793
7.537179 3.73525
-11.588908 12.398699
8.994538 -33.444609
-9.956002 -40.894663
-18.579591 20.64579
-57.81493 -0.280543
-49.308758 9.143925
-21.624946 -36.1442
23.051069 2.216889
-11.306219 41.410795
26.740296 -31.971791
-11.327499 -47.427221
1.575 21.065849
-3.049848 -47.873811
-34.26403 12.136571
19.686671 -5.68414
-32.665714 18.989632
19.095192 -27.097868
-8.473193 26.196291
-42.649896 -9.965019
11.249907 10.649112
-32.343352 -12.582586
-33.674779 -22.333137
-27.362896 0.249819
-6.189909 -30.148376
-4.907921 1.214632
-28.661858 -2.705491
10.318377 -28.385355
-4.999133 29.934147
35.261993 -13.532083
38.698226 -21.680049
-42.190628 -5.675871
-14.558837 -32.016616
0.85477 -16.303218
