//Synthetic=Synthetic_02083_J50

J=50
MT=20
Vd=2
Vv=1

p: position coordinates = 
0 0
-26.380861 11.396207
1.224651 -34.027018
-40.926572 5.572378
42.592775 -53.722181
-14.516881 32.495131
67.069945 -53.224018
-42.203489 -44.40242
58.846196 -8.329786
66.149388 28.64308
29.746428 33.597979
79.314747 6.332092
-65.980282 35.671306
23.226961 56.015477
12.666661 33.851538
16.916177 85.002317
26.585053 22.260324
-52.626541 57.837662
-35.793596 19.92599
-34.89068 51.757324
-38.117124 -64.065328
61.963635 15.084077
-52.442754 28.757877
49.797762 21.903032
-19.040662 -69.238056
3.491754 -63.397933
42.547738 9.223082
-26.18567 -19.498487
-77.219351 -8.55392
12.225951 40.517776
20.778204 -51.154933
-30.71578 36.541368
7.734128 78.599075
-76.933994 -8.082104
-75.634259 -3.3833
-49.372875 8.39066
-23.481988 -26.55913
36.854786 17.271021
1.359051 53.590866
28.708469 59.056363
-25.269008 58.944198
-53.47353 -57.467778
5.562742 32.306049
16.291441 45.611396
48.944087 58.030283
56.298123 64.443908
27.199311 65.571249
71.710738 -37.548431
33.71516 -6.604333
-32.840731 -28.479094
-28.643007 -81.659357
