//Synthetic=Synthetic_01780_J100

J=100
MT=20
Vd=2
Vv=1

p: position coordinates = 
0 0
11.608331 8.652525
-27.775164 -6.401203
35.6327 -22.064878
-25.827966 -17.89146
-51.523612 -26.053716
12.549955 -15.247525
7.416428 -27.544928
-50.53101 -3.645936
9.186117 10.833536
4.487481 36.251854
8.124957 7.982783
8.053386 15.821431
-28.707075 -26.587218
37.700133 36.316662
-40.735988 -21.53776
-13.113546 32.554999
30.794271 -33.290755
10.194906 11.228046
-3.050709 13.643607
8.751459 35.552046
-9.466402 18.01339
4.027451 -23.591791
-7.325792 -9.783887
19.5811 -0.66245
-16.62151 21.087812
-2.68826 5.273345
-29.483047 -3.332032
-46.60657 -35.209466
23.255291 -31.134863
2.556657 30.371964
18.141072 -20.698121
-19.0149 29.247815
24.755905 -47.917288
10.734789 -44.08763
34.590947 23.812747
-22.379531 -37.049897
21.521645 -1.296037
37.067732 -25.294787
-10.681501 46.432718
4.052957 21.050745
38.833913 21.48553
15.356305 -19.275142
-32.730245 -17.782236
24.680889 -47.039506
-20.407212 -43.920785
-27.023874 31.712703
-26.85239 4.196321
7.627138 -5.585017
26.736922 -13.308533
-14.021733 2.778742
-18.923167 -11.901975
-16.639942 -33.921361
-1.518834 -18.28063
6.107777 20.288348
21.317195 -38.636365
-1.257705 23.758002
-16.04189 3.392097
-39.816869 26.69856
36.633398 -9.712654
27.343175 32.561526
-37.641017 26.137409
-18.434793 -38.336652
-5.64751 8.934054
-36.926667 14.747082
24.455931 -27.150448
-25.123166 9.963144
-33.596843 -19.221935
31.672979 2.300447
-36.219707 -41.535049
34.498138 -38.387016
-15.479926 -22.913397
-25.149415 -28.663272
-18.743713 -38.297574
17.285717 -16.468724
-41.437534 0.155539
12.799534 37.19841
-0.879347 1.318384
16.33254 33.903043
12.197924 17.095395
-23.252328 41.717018
7.198533 7.640257
-19.094893 -30.815612
11.376053 -20.331159
-19.8978 -18.91197
-22.951116 42.676988
32.891201 9.496474
-6.644331 -1.456505
8.315613 9.674498
-19.070895 31.352137
13.536865 21.019993
35.132532 23.33267
-2.716744 19.255822
-4.195956 23.876265
38.836238 -44.496719
-45.048172 41.831979
30.191611 -14.262464
21.761515 -32.481023
-5.212632 1.372982
-34.723842 -26.110816
-35.965452 20.566821
