//Synthetic=Synthetic_00299_J60

J=60
MT=20
Vd=2
Vv=1

p: position coordinates = 
0 0
48.38337 73.152512
47.787712 77.572087
38.676593 67.824413
42.035127 71.429596
43.54774 79.060858
85.16905 6.086641
89.437775 14.70067
80.525224 9.367483
56.074185 69.857278
94.155999 5.47578
81.762963 3.573948
76.110539 13.600936
47.259855 65.812586
90.191124 8.39567
79.960399 10.116872
83.514342 16.91295
80.946425 0.8769
51.03124 86.575339
80.460859 -5.13396
92.615338 2.712548
76.912619 11.759599
44.570113 59.999111
49.927662 79.440771
56.324394 75.149301
50.107148 72.751498
77.66161 8.979539
37.861774 58.742478
75.020354 6.115159
59.458301 65.839838
76.477359 -1.477958
45.721294 73.299693
45.903533 70.455728
47.333029 73.302387
88.005843 19.952074
61.186486 63.542702
73.515248 9.883213
92.795513 -4.265809
48.011726 86.626821
50.710061 85.816291
89.111914 -2.565343
87.763915 6.271156
52.857336 81.097256
59.049564 69.343936
91.151305 3.458638
80.135052 9.878848
88.655025 6.105642
62.005546 64.853419
85.346239 -2.326597
58.822846 61.588251
42.01812 70.13108
54.246575 72.10857
36.911859 65.788229
38.568125 58.598669
48.723125 82.824487
48.526507 92.135492
53.59849 67.772262
71.73899 6.360338
91.205614 17.422743
83.43621 7.209498
84.291162 -3.545405
