//Synthetic=Synthetic_01138_J100

J=100
MT=20
Vd=2
Vv=1

p: position coordinates = 
0 0
38.822156 -10.257641
-21.316296 37.369076
-21.671146 39.63117
15.550461 -7.790063
-15.289689 -27.868207
-39.391034 19.011632
53.214262 39.103533
29.895194 33.245728
-41.6255 -27.687438
-24.315819 22.778225
29.38587 35.94253
38.243959 9.904824
-49.370937 -9.996004
18.754617 12.754143
16.258249 2.877721
41.884473 22.496301
-35.40193 -20.129202
18.835854 -15.209742
-37.308132 -27.832403
-8.64727 0.058709
21.186672 33.868691
-26.808054 47.378277
29.824556 -16.151643
-34.583679 -19.329
9.56123 36.044891
-20.344208 -0.174685
-21.368398 -5.894261
10.976904 5.184212
-24.653919 36.646111
55.611099 21.764743
-30.231012 48.679939
49.447571 6.899729
-25.061733 -14.084835
-54.540136 -15.266074
47.395673 18.302486
-49.819013 23.167649
29.301169 28.498893
-11.158332 26.820557
-1.637306 30.75842
12.005651 -6.627004
11.218164 -13.216281
5.391489 11.602682
22.792639 -7.299882
-41.172673 -14.757514
-55.587188 -18.919807
18.868507 6.212437
-24.501799 -6.024477
3.308622 1.603444
9.476144 -10.530383
-2.225183 47.129396
2.831782 -30.823219
-15.634416 17.459079
22.858328 -36.727805
12.316105 -4.088999
36.356921 19.682213
31.872 10.194848
-36.938044 40.303151
-42.12155 18.67713
43.837441 -17.771962
1.174454 4.381642
-10.748743 -32.925024
-16.261716 21.643242
-6.748425 -24.01304
45.299158 -43.87988
-9.913317 -17.259018
6.320469 0.626862
-26.589982 -16.453993
28.438838 -6.945389
-32.647383 -0.059623
33.109262 -2.947266
7.079181 -31.881703
25.553029 1.10914
3.529874 10.614806
11.13289 -10.929357
22.411044 -7.769826
7.497478 -9.928641
-37.896223 21.903569
11.425618 20.138138
-6.501044 10.312788
37.73932 -7.151418
-30.012369 28.964446
-13.708872 33.216229
-48.44193 -33.866209
17.406731 5.643846
-48.50823 19.071499
-1.84377 32.438385
-20.441173 -20.283019
-26.191304 -29.549678
18.366942 -13.659432
-36.365289 -21.974208
-25.855938 28.153527
21.031951 -28.259565
7.281688 19.717772
-34.062879 26.979543
-21.789758 -8.909505
-15.824575 -11.126706
-28.1033 -33.23751
15.461448 -37.147088
1.907475 1.571702
32.273457 -27.434884
