//Synthetic=Synthetic_01289_J50

J=50
MT=20
Vd=2
Vv=1

p: position coordinates = 
0 0
25.539098 -80.713512
62.31079 -45.369834
78.048855 -43.373772
10.538915 -86.684763
1.48191 -89.778026
16.204849 -75.536513
24.496293 -76.017221
57.96261 -36.588163
12.286202 -78.512344
79.04158 -44.161443
65.619429 -51.843374
21.622514 -71.045352
20.640981 -83.546987
77.28566 -50.354285
56.602787 -42.810167
74.963645 -41.079724
14.50451 -85.767295
72.411726 -49.262166
72.702517 -39.150784
18.56103 -71.685185
73.913304 -41.011042
6.551852 -81.467888
71.187514 -39.604546
6.320702 -75.81514
16.012605 -76.74397
5.635616 -85.577071
65.124555 -41.327099
13.036895 -71.461627
8.730603 -72.904987
69.346845 -39.868667
14.101878 -83.621917
84.602839 -43.545314
16.597841 -82.368681
77.168638 -39.994284
63.123517 -37.132249
74.593866 -38.554882
11.507625 -85.22119
77.219856 -47.922897
81.371129 -41.072214
66.942514 -57.857474
10.629581 -67.888352
13.387882 -76.541417
-11.526262 -71.133552
15.318187 -85.688352
18.542991 -81.647291
68.55909 -42.512141
71.549792 -49.572956
63.345669 -43.490486
11.387162 -78.861666
20.997862 -78.447691
