//Synthetic=Synthetic_00660_J30

J=30
MT=20
Vd=2
Vv=1

p: position coordinates = 
0 0
82.808542 21.228915
-5.235661 40.130555
21.413765 69.626167
81.918659 27.575845
-6.033864 31.655684
-42.776126 -22.187274
47.063383 26.818214
59.250093 -8.719021
62.422275 7.841657
41.302994 -29.979552
86.46001 7.460669
55.247567 11.730354
80.697769 31.002836
44.941126 24.509879
42.415711 44.600655
71.627699 -38.326261
43.252809 -5.615112
62.419717 15.159413
-20.814875 14.884994
53.028884 33.998687
29.782119 28.426843
45.339642 -8.735019
33.056429 21.645629
19.567353 58.299236
65.874381 -4.782744
24.702064 -45.920598
66.380372 -23.686085
-13.361019 42.203883
56.943356 20.091511
-1.42856 -28.58238
