//Synthetic=Synthetic_01761_J30

J=30
MT=20
Vd=2
Vv=1

p: position coordinates = 
0 0
20.958263 -12.967785
-6.836892 1.415334
-2.324413 -25.895182
12.557966 5.514626
-9.41729 12.179798
37.799915 -6.726827
31.596738 -2.027407
36.390426 -21.459817
49.239274 15.26199
-8.39207 28.01002
-12.836731 17.370094
20.285514 -3.87566
-13.022043 1.840784
22.299855 43.292069
-13.088527 18.595728
16.293404 42.406434
3.907414 -16.80552
15.874348 -18.75433
-23.886624 18.430803
16.919021 -17.742651
-32.498065 4.592875
42.180265 -4.351965
29.29596 24.352444
9.581171 8.598758
0.18389 -3.417613
-6.795533 37.141503
-6.983402 -31.354112
-25.344639 -17.051756
-7.331514 10.65848
-16.455247 6.914524
