//Synthetic=Synthetic_00371_J40

J=40
MT=1
Vd=5
Vv=1

p: position coordinates = 
0 0
-9.747811 42.355804
-23.550364 -3.155691
42.564849 -8.198691
34.174498 25.086966
12.763997 62.973546
49.502794 0.87461
17.923371 51.992252
54.782351 -6.179048
42.487963 -11.583335
-46.6434 21.143192
1.666033 -33.421664
-14.80681 -18.857706
17.408566 -5.412091
33.465707 -1.740669
23.240078 -27.997378
-14.351462 -44.902746
8.788135 28.341902
-22.533687 -20.089429
60.004605 -10.087438
-4.242265 -22.158995
18.755778 54.385556
-48.055361 -10.466062
6.544547 21.932201
50.268274 15.495967
-22.27226 -45.828861
-32.181348 -18.855413
-34.021379 20.120297
-26.624842 -2.956913
-42.171829 22.410819
28.586331 -7.662355
-55.420659 4.957008
1.36953 -3.033895
11.546144 -49.500811
-3.562292 0.321602
-25.262256 28.904029
-43.349 -17.053643
8.76856 59.93928
-3.015947 35.680528
54.097822 -26.43503
9.338003 -2.092076
