//Synthetic=Synthetic_00018_J60

J=60
MT=20
Vd=2
Vv=1

p: position coordinates = 
0 0
30.387118 95.934821
37.863758 87.383137
-49.221277 87.896921
-46.383843 80.618711
36.372208 66.191545
24.658423 92.228285
27.011395 92.234114
43.179436 86.469306
28.388213 80.864149
31.2087 93.382823
18.153168 96.099615
-47.627495 77.372665
37.4479 78.550863
-36.643687 78.856678
18.738652 84.055342
28.655967 92.564496
37.703448 94.341565
-45.655266 88.320833
21.680531 90.164864
-39.754802 86.195122
-63.187479 81.168993
34.743106 93.449827
-47.013521 70.704902
-33.993553 82.735186
31.786634 97.632957
31.69807 86.209646
31.825203 91.898808
32.753756 86.423845
37.101026 74.422022
-38.101767 82.002654
-34.991636 83.706037
19.813602 95.984793
-56.228527 83.118887
-48.720279 75.322516
32.88667 95.62431
16.799828 85.45351
-51.532589 85.156204
-51.53175 82.972111
20.595103 88.494799
42.505977 92.816548
31.351632 90.530651
-41.041792 82.22842
-60.623873 81.960761
34.421519 92.851923
28.065515 91.94024
-39.418343 83.425672
33.997463 94.015511
-41.493803 70.253287
28.862862 92.976249
-41.700372 77.274413
-36.783274 80.055558
-34.493988 78.758851
-41.122782 79.707883
-51.873791 71.705482
-45.495784 68.149986
-31.980485 84.459007
-35.328716 81.425368
27.207789 78.892245
-52.46796 79.724407
27.820953 93.626918
