//Synthetic=Synthetic_01571_J40

J=40
MT=1
Vd=5
Vv=1

p: position coordinates = 
0 0
8.800088 -22.524727
-5.904692 13.657417
36.290634 21.312196
-10.121316 -22.663518
3.838166 -18.923882
57.867086 1.744942
34.804268 27.789995
-49.479852 16.030477
-29.272023 -9.068009
53.532102 -12.486271
45.931482 -20.370848
8.606537 63.189089
22.592209 31.006178
11.48872 14.624868
-16.53806 -37.162548
8.856202 -34.203724
16.621587 -47.807188
14.267975 -28.797739
-3.933443 -20.473141
-4.446644 -18.118023
2.690602 -61.451041
-36.714782 -15.403298
62.289715 -9.263709
-4.554032 -55.452702
-20.806383 29.710182
-29.255605 -7.91143
-16.899454 17.667178
3.030737 -52.953707
24.250565 -31.896176
-16.01182 30.414903
-26.930307 -15.260583
-11.945591 -17.13185
41.467388 -17.735302
45.041793 -18.222167
5.867779 -27.612976
-17.279261 7.500356
-45.308536 -16.618581
20.284694 -5.823995
25.615103 -28.108874
15.953744 -7.009874
