//Synthetic=Synthetic_01896_J60

J=60
MT=20
Vd=2
Vv=1

p: position coordinates = 
0 0
-14.216091 -24.282528
-57.223184 -1.545655
-26.460382 -29.01138
-11.068142 -35.600938
-45.322369 36.26288
-58.317229 -0.838416
-11.659807 -34.639625
14.22092 21.088243
-9.705167 -25.503139
-55.356864 41.742766
-49.231379 39.677683
20.958894 -21.972847
-14.932264 -11.539793
17.940764 -25.415515
5.933783 -31.736894
-1.512188 5.343153
-16.478896 51.830229
-37.485027 59.473152
4.474664 55.027393
-25.351587 -21.282666
23.847142 19.784166
-12.713908 21.055169
5.329004 54.021812
0.002918 -30.920196
-30.979308 46.641527
-32.602341 44.319174
-20.469338 47.079212
-43.603948 -34.121852
-47.592781 -33.134538
-53.859219 -1.852705
-50.231764 5.34998
-25.682471 -42.953953
-64.999952 13.145365
-22.295786 40.923864
22.502375 0.2564
-44.100378 7.17016
-0.151601 4.845394
-4.090936 -12.122641
-8.270584 64.738221
-7.250096 -26.683426
-58.790051 22.226069
-32.656539 -32.160427
20.571982 -31.80508
-48.537279 -34.184683
-2.086978 22.65392
3.183337 -29.272978
-12.448679 -27.37914
-16.731456 49.552855
-13.221412 58.530895
-50.421458 45.544314
-3.008053 -9.365351
-29.219846 -27.326328
17.868276 19.803344
0.06668 -30.613133
-19.136129 48.599736
18.529107 17.020144
-30.457623 -45.588642
-16.975704 -32.523047
2.941124 -35.4019
-49.99032 -41.661736
