//Synthetic=Synthetic_01614_J20

J=20
MT=1
Vd=5
Vv=1

p: position coordinates = 
0 0
-11.488994 -48.691153
48.760829 19.521702
-25.068533 34.148469
-21.106519 57.947481
-23.867205 13.445132
20.873305 -68.172927
-17.679124 -25.460698
-22.664731 41.538779
7.007037 -52.155602
-0.391827 53.005622
-16.592032 -37.024974
-44.021572 -12.182117
-41.678596 -28.953863
-32.561917 -21.98521
-46.829496 -27.607215
-19.896163 -41.618678
22.454921 -3.961067
31.911831 -13.536487
-24.992114 60.942234
-13.389347 -27.019128
