//Synthetic=Synthetic_00526_J50

J=50
MT=20
Vd=2
Vv=1

p: position coordinates = 
0 0
27.295561 0.957521
32.018188 -6.770569
-79.656875 62.767234
-21.383797 -31.106276
17.023336 35.935041
-35.536746 40.521725
-31.676466 48.350361
19.550318 29.411175
-22.978824 54.181729
-11.606548 -36.305574
-66.602164 68.679395
-65.958383 52.087058
-24.810793 51.1826
15.825903 -10.133312
-3.858736 -26.71719
-78.975963 65.223208
4.874514 33.350457
27.257377 -2.9274
51.051685 -3.130503
-15.758775 57.621096
21.644756 30.48053
-20.507306 53.308478
36.544381 0.577711
-43.136004 50.264226
-4.150822 -43.620437
-22.62422 42.889836
-74.73347 59.68407
-32.075082 49.048851
35.37004 -7.238426
-29.868079 56.574767
-28.201164 -30.077593
35.89211 12.265917
-57.757801 53.932813
25.588775 31.260804
-20.956076 -34.711502
-12.766161 56.831464
-29.269922 61.293754
-18.467519 57.322167
19.545716 34.926877
22.607396 36.32139
-15.373511 51.066839
-21.303083 -19.660628
-25.629868 59.331514
12.855447 40.354536
-24.292242 40.738396
18.018092 -9.890269
-21.56792 -12.340562
-23.54321 -27.439233
-4.211421 -19.296572
-1.139959 -15.46339
