//Synthetic=Synthetic_01536_J80

J=80
MT=20
Vd=2
Vv=1

p: position coordinates = 
0 0
44.5472 42.265283
45.522169 43.060265
41.526621 45.235683
34.314289 45.435404
57.574031 -17.074712
51.598404 53.430252
52.994509 57.94479
45.836728 42.679969
70.436999 -2.575293
58.494772 45.131589
72.143153 -4.141842
77.672535 -8.783694
71.555923 -2.089219
78.65405 0.791989
57.109453 40.875944
70.275784 -9.238383
51.756891 50.327414
58.171682 45.384125
57.788644 39.9968
40.966848 52.334164
79.86972 -5.107937
70.568743 -2.324002
73.046829 -2.090113
48.618767 41.685003
56.820266 40.725945
42.101011 49.829685
78.267013 -6.123738
60.083156 41.38683
54.283929 44.705956
58.533161 45.234707
62.691562 -2.10968
71.393249 -3.03175
58.391645 -9.311794
60.543638 -8.74229
72.02302 -4.303834
61.787752 42.517715
78.831779 -12.40193
68.981396 -0.696627
55.211747 -4.569862
51.253817 54.924563
58.444191 38.682762
71.751019 -6.140209
61.233029 40.286339
72.100444 -0.437077
49.454435 59.027843
66.570221 -6.512728
72.433489 -10.588585
69.212967 1.940304
65.909434 -6.265529
69.850182 -13.531024
65.163449 -0.364409
64.379726 -12.440597
53.731318 47.542164
55.485786 49.193335
45.30882 45.861908
53.734707 52.380636
44.788232 52.141515
44.263772 42.065692
56.336971 38.828684
44.440246 50.470598
78.377325 -13.267022
71.287244 -3.930016
55.413186 52.435958
49.865434 45.454305
57.028211 44.94689
57.140184 44.878876
63.096021 0.570718
87.474331 -6.477401
68.844994 -13.356627
66.07245 -10.532421
58.539582 50.879557
75.495826 -12.380503
53.818902 48.962711
74.604229 -4.634761
69.214773 -8.39694
68.649325 -13.630076
68.478019 -7.07533
49.926223 49.163057
53.218412 44.337848
59.263632 50.103319
