//Synthetic=Synthetic_01144_J30

J=30
MT=20
Vd=2
Vv=1

p: position coordinates = 
0 0
3.818674 33.982765
66.872362 -6.332927
-14.430977 -53.001311
-17.60376 -50.435579
23.429879 -25.11452
24.483578 -29.59259
61.754721 -0.662097
-9.030641 -59.422063
27.593238 -34.644966
-13.839296 -60.9842
18.609755 -38.196241
17.398742 -30.618911
24.025853 -33.350176
12.785424 33.240488
24.122397 36.321427
15.09392 -36.528903
62.714334 -11.979531
70.512176 -17.456089
25.898036 -37.451368
68.734393 -20.04461
8.009186 -29.433605
18.291191 27.480131
-5.276481 -59.181631
17.804493 -32.226354
-15.437636 -40.513297
-6.246312 -52.114017
-3.935289 -58.037215
20.310402 -26.666771
-11.393708 -60.640387
21.879722 -33.722938
