//Synthetic=Synthetic_01302_J100

J=100
MT=20
Vd=2
Vv=1

p: position coordinates = 
0 0
-14.915986 -44.762614
-2.427597 -32.387491
2.397583 -57.484761
-35.810668 -67.454108
-39.999436 -55.205267
-1.712547 6.705548
1.797933 -18.256782
2.589558 -45.626893
36.655093 -60.260443
9.857452 -15.644324
10.714886 -72.460406
-3.893294 -48.776504
-40.230486 -52.15423
-26.989928 -41.118878
1.693207 -28.643791
2.753727 -8.50521
-6.449554 -68.278402
12.802986 -96.066612
5.409903 -70.026165
10.72896 4.155899
32.401579 -30.004557
5.593907 -19.735496
-3.775295 -80.988987
40.094863 -12.920314
19.889695 -52.312057
57.12767 -36.870522
-3.916424 -53.345133
55.5008 -19.802005
-28.242161 -44.494742
-9.454417 -8.132389
-3.594205 -17.230945
-34.963262 -34.820887
16.810291 6.763947
-14.186928 -24.151191
7.387773 -56.609236
-26.402447 -30.574785
26.82974 -42.282054
-3.459537 -7.578045
-10.950846 -10.560159
12.466592 -64.542907
10.690999 -23.059091
33.13105 -29.788134
28.861243 -79.300143
10.438786 -11.935837
-8.359386 -49.530729
-5.335248 -70.621082
8.624122 -2.697744
7.968166 -65.655519
-14.126943 -79.588439
-16.55945 -69.742539
-7.073707 -39.341962
19.909499 -56.704544
26.620804 -65.645528
21.450113 -1.682057
26.435148 -42.311346
-37.311176 -48.617966
0.643472 -51.747244
41.886914 -16.19665
11.909196 -87.399062
-11.479421 -48.501826
-10.566771 -34.084022
20.340196 -89.721276
15.910434 -24.806805
-34.528594 -34.363103
-20.014528 -19.496358
-22.452075 -19.265265
-30.225035 -64.856381
-22.930419 -40.819124
-4.748604 -44.391943
-9.040601 -35.885664
9.243607 -8.41761
-33.126122 -20.410061
0.921888 -64.988591
23.144809 -69.832999
-36.854919 -51.224693
-32.15043 -53.443428
-42.317599 -47.331361
-8.762783 -88.813502
33.995909 -41.611086
-3.528374 -81.028828
31.749043 -72.878178
30.471264 -66.372361
52.884841 -20.346845
-5.545022 8.196379
-29.670351 -30.036699
10.043708 -2.026473
-20.418543 10.258416
14.339227 -84.616796
25.597523 -30.9914
-28.554192 -77.772246
-34.219619 -65.05908
29.628853 -2.676824
-41.889922 -45.941071
14.062611 -87.983234
11.507881 -70.996373
32.481419 -43.455976
29.638353 -82.158097
9.677647 4.403457
19.86055 -21.207214
44.000302 -35.168341
