//Synthetic=Synthetic_01561_J80

J=80
MT=20
Vd=2
Vv=1

p: position coordinates = 
0 0
-14.864521 -4.964283
-5.479582 47.422612
-3.649622 20.719886
19.730661 25.072761
-1.431088 72.516058
10.124926 25.366666
-21.548045 9.658508
-29.995328 105.227703
-5.124572 63.910469
-8.37806 15.746312
-73.990973 47.876327
12.700207 79.725486
-21.046822 68.720747
-31.397758 39.178696
33.267044 77.262138
25.171242 53.654078
-11.542974 4.004475
-44.573757 50.278388
-22.426364 104.498154
-10.773936 82.85813
-34.776994 30.518483
-14.811706 101.073437
12.095183 64.402343
-13.280937 -10.09552
-4.027371 49.457312
29.631304 30.005338
10.890734 37.098232
-19.839102 52.614158
-21.084226 5.883746
-37.431244 2.272444
-51.533898 73.812139
23.345358 62.164633
-1.951628 53.841619
5.149845 74.073657
13.720623 30.047953
6.265106 46.226062
-42.014423 46.90124
-46.961628 34.316865
5.459069 87.512762
19.744986 63.454031
10.269896 59.018852
-12.902976 61.894016
-63.83996 56.559286
-19.541331 107.631997
-31.940022 68.288788
-48.226015 44.746173
-19.269478 99.840186
-35.217062 101.134741
-81.871792 61.448627
6.647696 -6.841598
-78.130623 43.561871
-60.004281 42.140664
-31.632906 -1.577583
-42.327112 67.489476
-22.652205 -11.504077
-20.970833 6.447354
-35.329551 -6.412818
46.631516 47.514606
-42.445199 22.613897
9.763492 63.126499
-31.652313 20.796612
-30.358773 65.904827
-70.273506 56.930288
-45.582919 57.017803
-11.707105 19.258818
0.914615 8.892874
-2.451535 73.199639
-36.25967 2.755235
30.964596 47.14047
-57.223069 37.753056
-54.746273 79.17377
-9.978752 89.670357
-8.305372 11.861319
-58.325613 14.030085
-58.096644 62.976565
25.8196 49.223322
-34.452606 106.020355
-3.611292 73.612659
-33.527051 108.132762
11.320201 16.654688
