//Synthetic=Synthetic_01514_J60

J=60
MT=20
Vd=2
Vv=1

p: position coordinates = 
0 0
16.626702 -38.755025
1.601471 -29.170183
-41.173625 -57.49491
-37.353721 -56.244245
0.352592 -33.857335
-32.97342 -52.003299
4.433413 -24.651347
-40.63826 -57.390182
9.96548 -44.46437
-47.64866 -51.950935
3.717831 -41.290535
5.957804 -38.892903
-6.730874 -39.128163
-32.741513 -60.882575
-1.875005 -36.324337
67.831153 26.048382
-3.930112 -26.605382
-41.01795 -49.395621
-6.048268 -36.209367
-7.736781 -42.277246
-51.864447 -53.531424
-47.11528 -59.286315
5.671675 -37.433872
-34.630601 -59.271637
-47.005455 -51.872333
10.068853 -40.432953
61.818998 31.43353
-46.486064 -58.536975
59.237182 24.362923
19.242645 -40.381632
74.403436 30.595961
68.638196 22.120806
6.340773 -33.309803
0.700862 -32.745124
-57.061167 -50.20782
-52.94564 -57.630188
-42.36838 -50.547119
-36.994548 -37.666026
-44.388406 -50.849364
52.819173 26.632382
-43.163409 -47.410854
72.104061 35.963888
-55.628138 -44.829274
64.660182 18.877788
-15.519697 -31.428651
-48.242183 -52.614967
49.527492 33.746397
-39.720903 -51.789286
-42.751993 -40.519033
-39.676054 -49.203251
-47.872351 -61.536459
68.285073 34.319006
12.181316 -31.84264
-51.140996 -54.864967
53.776181 36.79666
-36.524021 -53.177038
64.877182 36.213249
-44.906586 -48.169256
55.960029 30.732568
68.395643 31.412341
