//Synthetic=Synthetic_01321_J60

J=60
MT=20
Vd=2
Vv=1

p: position coordinates = 
0 0
53.905256 68.938087
55.245185 -20.431167
10.199424 -17.355948
39.665783 23.909855
22.720964 -25.090056
11.078638 -28.14519
57.361872 73.765764
0.507593 59.59566
76.762429 27.914959
85.777421 0.850664
6.281748 47.307753
41.300545 64.566171
-9.361935 26.795438
33.227053 24.983879
21.432058 7.501501
-8.803087 29.423658
15.328286 -12.814358
23.571738 13.186317
56.600939 44.086058
1.803488 52.626443
78.672854 31.436855
10.914916 36.573737
57.418584 47.689475
58.641707 51.992124
41.4028 40.444513
-2.515522 59.159908
17.962464 40.508687
84.963231 3.246894
34.992503 10.006665
53.098601 59.665366
26.250658 8.163888
53.99889 48.386818
41.634925 2.135064
23.493291 12.152388
47.10958 52.143476
12.326191 38.632265
78.881915 34.848727
25.319165 -20.915486
-18.483724 30.173614
5.438491 -20.076161
69.075117 10.129303
29.259676 18.641054
24.604801 20.97233
32.983499 19.588979
26.733904 -22.799541
48.14876 65.841052
74.811449 16.30759
-19.587074 26.441476
37.074718 8.021529
25.955201 8.863203
15.455707 -27.379169
54.603339 72.076065
55.040561 71.427847
71.045038 -1.82925
21.633104 -21.604015
45.559914 56.421981
88.1068 0.229335
54.177317 58.853943
29.753504 10.989718
10.688178 -23.94539
