//Synthetic=Synthetic_00631_J50

J=50
MT=20
Vd=2
Vv=1

p: position coordinates = 
0 0
-0.493586 12.582631
57.561213 39.77167
38.952304 40.23386
0.750291 26.735
48.277666 58.019422
58.192512 39.834328
67.199715 20.964369
47.369466 43.353425
7.479937 40.090307
27.548208 -21.484707
30.885257 67.036192
12.897482 38.884806
27.896859 0.829564
52.772126 48.303747
29.729146 80.730208
7.020627 0.214533
16.07901 38.353679
51.680579 47.819334
55.925554 64.157308
12.780587 60.561456
20.148732 52.931529
66.016409 0.007935
34.28784 -2.278766
68.638136 33.214932
71.024096 13.84241
35.492206 0.954317
30.116314 4.088104
18.536105 3.762865
55.115613 20.660306
78.531097 20.346234
60.725529 23.548557
72.294942 47.258786
26.964102 87.412826
19.797185 61.729516
33.188221 63.343015
5.65587 18.463282
78.586161 33.861394
61.897781 43.737657
58.779894 29.529025
36.152152 66.612655
22.453844 -4.537389
-0.037744 66.450908
8.58324 56.218756
73.804061 30.444058
45.687722 -3.95932
5.732676 13.469531
54.638102 -2.236222
45.047587 -0.463469
27.665983 64.822393
-18.647575 31.25736
