//Synthetic=Synthetic_01417_J40

J=40
MT=1
Vd=5
Vv=1

p: position coordinates = 
0 0
28.620039 39.881955
34.361363 25.932059
-14.597753 -20.724024
18.041662 27.809382
29.099019 24.455285
28.295234 44.858181
-7.683387 28.003024
34.236912 21.951936
-23.29581 -21.452664
-16.048555 21.778904
35.893689 29.221925
19.364429 46.078777
37.305913 14.330604
37.886804 22.924296
-15.530606 28.611612
36.510421 32.372425
-24.248714 -24.364679
43.447167 26.310944
29.865269 20.578693
19.459431 40.421774
27.605008 35.213008
-8.854027 23.678093
-9.000606 27.116559
37.128363 28.437489
-2.336089 20.719905
38.206858 28.778398
42.083659 26.28469
25.097486 38.780453
25.987039 14.348587
46.05662 28.5031
45.1821 28.371328
-12.864414 23.001083
-26.855664 -29.073215
14.835397 36.114603
24.419536 33.26851
-19.907131 20.336203
29.940278 45.734846
31.017816 30.909085
-34.117392 -20.166583
-23.842448 13.742724
