//Synthetic=Synthetic_00224_J40

J=40
MT=1
Vd=5
Vv=1

p: position coordinates = 
0 0
-4.856237 14.979505
-4.090929 -25.957247
-8.364802 42.007577
-39.215638 -11.817046
12.697241 40.252734
44.96601 -19.777863
31.234886 6.837029
-16.8347 -24.615906
10.653407 -42.366978
10.882802 44.22845
24.868776 -22.39064
-30.842554 43.380855
21.507243 -15.384611
-18.514318 18.165951
-18.540568 -43.105836
-11.142508 -19.344899
26.991044 51.763671
-11.345136 29.378739
9.931556 41.829769
27.464533 55.891714
17.389132 2.211231
-3.379207 -51.26276
21.734999 42.525042
32.860272 -1.606929
-37.500747 -2.669255
-26.284662 -56.817859
-16.681917 16.090138
38.67709 7.082528
-22.614769 18.088403
-14.883787 -32.36427
-1.347733 2.853499
-11.611783 11.6638
3.57132 -3.332524
-18.01745 -20.960896
-6.795935 33.917085
-41.35463 30.103748
-45.996059 11.607063
4.6436 52.271562
23.548513 -25.7195
-27.53021 -19.222344
