//Synthetic=Synthetic_01392_J60

J=60
MT=20
Vd=2
Vv=1

p: position coordinates = 
0 0
-37.491521 47.755628
-31.984027 51.739103
17.823324 38.318681
-54.327421 -39.147618
-24.587639 -38.865223
-45.529513 8.022324
-57.370058 -11.674286
-52.232427 5.348242
-51.979835 29.63284
-22.368131 28.457029
-50.061059 4.723733
-81.393499 19.309735
-59.847953 -42.072664
-31.736203 55.417383
-32.678137 -39.573833
-33.686823 44.107924
-24.239302 -18.252039
-73.02152 -7.59599
-4.173188 -26.711328
-47.174172 9.932402
3.372435 61.591322
20.946065 19.13327
-70.339822 -25.246868
-11.629255 -36.457228
-64.487926 29.193326
-42.638891 -13.364757
-47.584118 9.157008
-5.676164 -31.345271
-0.686832 -6.029962
20.059768 -10.536286
-39.954739 39.914208
-34.385367 -13.08059
-14.125424 -38.335721
-46.783125 29.796636
-2.989353 -39.72443
-34.005542 -38.9615
3.822005 2.668078
-23.495033 -11.015446
-20.51061 17.842682
2.224462 -6.383053
-8.898865 -19.514345
4.396 -8.655317
10.697004 -16.176534
-10.751285 -14.241512
-27.763646 -11.899222
-63.228989 -10.078447
-90.256396 43.110637
-16.057752 -16.826496
13.551195 -11.257404
-45.815273 26.033285
-1.761291 -33.33794
2.430492 28.285106
-33.730049 46.226882
-46.123348 -12.246024
15.637802 -7.18078
20.277081 -5.771746
-29.060357 4.498909
-23.452291 22.848939
-65.428176 -24.909469
-89.007899 39.95719
