//Synthetic=Synthetic_00906_J20

J=20
MT=20
Vd=2
Vv=1

p: position coordinates = 
0 0
-85.676363 -10.598543
-79.310929 -0.943599
-94.263992 -12.585905
-73.477158 -2.856808
-69.012808 64.368047
-60.525646 57.782609
-67.463751 50.002019
-84.790197 -2.477787
-77.411522 -2.501628
-55.378757 58.58173
-85.053588 0.159362
-95.525593 -5.585296
-91.696032 4.129717
-67.409707 57.432315
-84.532879 1.278156
-73.113306 53.981796
-84.463117 1.451303
-96.399325 -9.80571
-69.500321 54.066354
-86.176034 -0.762493
