//Synthetic=Synthetic_00303_J100

J=100
MT=20
Vd=2
Vv=1

p: position coordinates = 
0 0
-45.94337 -111.056228
15.664389 -27.605575
-29.31433 -100.194718
-29.364014 -56.315302
-7.071508 -119.987055
-58.341416 -72.217659
10.719921 -47.616952
53.762173 -60.182665
-20.329733 -30.591529
12.932717 -53.305142
53.116419 -65.996154
19.162767 -63.746003
12.262439 -62.656616
2.140932 -52.464261
-44.0383 -88.285622
-2.8591 -26.928367
-12.140289 -32.011035
-21.994154 -113.383843
-16.065143 -76.359079
-43.605671 -46.011455
-12.178187 -57.023586
-4.135234 -88.488284
-0.279064 -5.826033
-67.408652 -65.352124
-2.603866 -55.374322
20.482999 -111.300001
-0.516367 -118.093795
-27.664749 -131.945205
-54.958101 -42.458491
45.376205 -89.410572
28.475907 -68.026308
-50.50718 -53.983443
-6.502896 -27.146082
15.84248 -88.000203
-19.644173 -98.23321
-12.936281 -114.655333
26.523844 -111.665561
39.441827 -54.624479
18.890668 -15.422649
18.290805 -63.456983
-7.813842 -92.097536
-61.32268 -57.622661
13.58569 -45.444789
32.193543 -63.520226
25.751223 -103.325505
3.577212 -93.545469
39.586582 -62.915103
-22.290385 -122.68718
-67.757362 -57.768343
22.455171 -114.014018
26.393692 -69.834676
-16.914976 -140.139708
6.589023 -66.865655
48.711693 -81.287269
22.76468 -39.338705
0.008613 -139.385908
-30.853584 -85.556086
-23.513157 -101.71594
-13.739543 -42.293017
-8.002386 -124.378804
-25.131484 -95.612456
-53.6326 -64.846333
14.858376 -11.17658
-32.727818 -35.942032
-19.541189 -39.499462
-5.003957 -52.762762
50.73538 -79.208176
-70.144929 -57.375289
-56.6555 -75.55123
-31.618908 -78.580521
-46.298732 -68.016004
16.222582 -24.26103
44.497763 -81.3799
9.234542 -72.616257
-46.637109 -102.40473
17.864896 -113.210859
-52.902373 -61.574043
10.265544 -10.54168
40.254226 -70.770722
11.75274 -52.554904
-3.722347 -111.225397
-15.494359 -76.246095
61.806891 -77.78881
-4.228748 -67.854552
-10.141501 -8.24353
13.578151 -111.43069
-9.625133 -76.292285
40.967574 -88.756996
18.178364 -113.251675
-9.920804 -29.14657
38.893435 -55.287356
-50.273821 -27.776179
3.599142 -52.655488
-6.612174 -104.065866
21.741402 -71.213083
-41.480683 -96.907568
-11.606525 -6.020698
-40.346712 -40.418358
5.410329 -89.862248
48.746659 -84.519477
