//Synthetic=Synthetic_01752_J50

J=50
MT=20
Vd=2
Vv=1

p: position coordinates = 
0 0
41.798144 -35.880582
6.868934 73.921809
3.461569 -74.821253
-15.065199 -47.29495
-30.300356 82.152378
20.046151 -47.322612
62.384296 32.126272
83.590898 4.145518
73.646139 65.193493
-59.664187 -57.873778
-25.155764 93.200507
61.770648 96.8198
50.196003 -65.651743
-57.208511 -37.62265
57.653663 -20.447951
34.539112 86.520706
20.589396 -90.474914
-100.115734 0.128456
-23.835676 44.588835
-106.404503 40.694072
-46.8099 -98.585276
107.687738 36.473712
-55.929664 78.582425
69.529937 -93.295799
89.475636 69.460123
47.956074 109.526022
115.883779 16.314896
39.978824 -84.794506
43.653333 35.103246
-55.231471 -4.680175
30.36206 -60.449161
-30.030457 57.082523
8.515526 -70.283476
-48.327266 -19.555077
-41.070282 78.902143
79.670618 -77.668301
-80.236999 -47.680135
57.627751 11.743789
43.740583 -90.605243
43.288201 -11.074107
44.908933 -79.010676
-13.99145 -56.808767
-43.738373 -43.518232
45.62644 92.133358
53.743985 -6.920054
36.481685 -83.356316
-48.599624 3.91154
16.267449 71.101915
73.100327 -19.366317
95.602288 -57.007691
