//Synthetic=Synthetic_01775_J80

J=80
MT=20
Vd=2
Vv=1

p: position coordinates = 
0 0
-72.863713 -8.009372
-55.343206 -60.249889
-50.457262 -58.145875
-86.346718 7.363286
-83.591766 6.541665
-60.061986 -69.467598
-69.571649 -0.596839
-80.506302 1.435938
-85.19403 -0.562008
-80.718213 11.477521
-92.269844 -0.046538
-76.776498 -1.006965
-81.8064 -2.089078
-46.926271 -48.190265
-80.189211 6.218791
-68.164785 8.641306
-71.66076 1.803032
-80.974938 -3.778331
-61.27922 -64.964938
-58.481513 -55.431029
-56.16269 -73.390158
-88.294963 -1.295556
-85.728919 -3.154905
-90.356049 13.009913
-60.569088 -62.164434
-89.048058 -6.611123
-77.546026 -0.529761
-77.793408 0.276154
-79.43504 3.347297
-86.227924 10.299936
-61.035334 -55.30304
-83.925227 12.42073
-70.40119 1.76313
-88.678377 12.906842
-59.858964 -54.317244
-76.583489 -1.754207
-62.215732 6.149488
-64.920129 -59.510716
-89.37002 4.654194
-79.315465 1.409286
-73.916143 -6.236504
-78.565459 -2.267614
-58.158176 -55.001516
-84.994543 -2.806633
-80.05201 2.490257
-56.596323 -68.774615
-59.639327 -70.218684
-69.753102 -2.983661
-90.994163 12.575614
-76.11282 18.196376
-57.641408 -67.331706
-84.318023 -4.094603
-89.666043 9.793324
-94.935002 2.140577
-86.487629 -9.104301
-79.771856 1.173421
-57.470285 -63.735487
-64.049615 -49.512301
-60.608389 -62.938265
-83.701513 -8.752846
-60.536497 -67.465028
-94.222298 7.245868
-65.549579 -53.808442
-84.659088 0.296656
-59.024311 -69.104319
-81.866687 12.695345
-63.400175 -60.745137
-39.453509 -60.279226
-67.915327 -61.553767
-67.076103 -57.068403
-76.996056 10.960391
-49.039264 -68.130288
-66.940484 3.098259
-79.296209 18.728109
-76.518293 0.184689
-86.190891 9.711561
-67.845931 -54.262673
-75.053459 -0.136116
-46.603163 -66.469702
-88.632531 0.110177
