//Synthetic=Synthetic_00973_J80

J=80
MT=20
Vd=2
Vv=1

p: position coordinates = 
0 0
-24.790038 -77.668087
-78.146269 -45.549612
-72.307114 -56.785893
-27.226934 -84.027588
-27.208308 -92.557533
-81.88862 -38.817449
-29.106937 -91.036061
-92.471835 -52.61525
-31.081998 -94.188794
-83.787015 -43.108249
-78.386575 -35.709555
-75.476332 -52.802695
-87.955321 -47.694284
-74.244294 -51.917519
-70.927365 -43.989335
-16.195943 -75.367421
-24.143216 -89.375207
-87.140828 -39.140156
-10.616564 -85.30056
-35.696277 -90.295114
-75.850183 -65.287549
-27.93631 -92.311335
-20.728152 -99.288648
-78.097292 -47.661948
-23.076439 -100.581915
-7.930927 -80.435185
-21.518389 -91.353884
-63.724863 -39.324636
-70.36837 -34.394498
-29.68209 -88.147589
-78.02002 -53.010789
-22.834319 -86.279477
-77.756831 -53.402666
-19.255382 -104.652742
-93.332119 -39.14438
-30.469341 -86.51936
-87.859192 -39.392479
-19.793355 -97.305643
-74.562601 -49.722174
-23.972989 -87.005896
-74.660099 -47.841256
-23.010164 -80.367402
-20.724773 -83.824885
-84.052506 -49.531485
-16.221751 -106.972125
-13.878615 -88.205765
-29.716003 -101.861935
-9.243804 -94.662393
-77.341211 -41.638135
-80.505029 -40.637974
-71.778451 -39.735881
-75.718198 -51.01904
-75.254315 -59.603249
-30.644185 -81.788329
-19.059683 -90.477876
-25.378829 -95.035005
-89.335946 -52.475629
-22.382585 -106.270899
-76.000202 -38.005863
-21.343134 -105.84572
-27.314527 -99.558436
-8.972631 -104.013512
-22.59037 -90.17923
-91.582766 -50.837913
-87.485959 -45.171986
-68.954728 -57.868408
-74.300127 -49.142292
-76.898564 -49.796211
-16.075068 -101.113853
-27.070267 -81.524743
-28.219617 -93.316186
-64.905311 -44.313932
-71.226782 -48.539767
-23.030532 -90.676213
-72.623329 -42.265815
-83.131334 -58.257425
-32.640412 -92.439556
-84.144565 -44.570525
-20.420406 -90.388286
-82.187131 -46.863536
