//Synthetic=Synthetic_00989_J40

J=40
MT=1
Vd=5
Vv=1

p: position coordinates = 
0 0
-11.24874 40.054146
-1.878034 1.031861
5.121498 -16.888853
-31.726714 27.923908
-38.233179 8.334292
-35.871734 -24.441895
35.800647 -29.547156
37.383278 1.512558
-25.592983 40.064514
35.815754 -14.079971
45.675055 -26.164769
-24.169536 -38.512618
-16.776763 -15.358674
-7.935228 23.01595
-15.7128 15.098552
34.61033 40.369814
14.28316 -38.627076
-16.076415 -43.402069
28.246982 1.635639
-0.817576 2.797388
-41.856801 21.864103
44.798155 4.261407
3.531992 -4.544262
-20.798432 -27.808648
-36.749763 -3.130007
14.347348 4.592019
31.372187 -5.985759
-19.28458 17.656868
3.104163 -14.892687
10.903056 36.34505
-28.233398 -20.718209
-0.23762 36.445975
29.029664 46.925436
4.457223 -30.56661
1.58345 -36.438071
26.908383 -29.19079
-23.553645 13.914123
39.080413 35.234579
28.139317 -22.906527
-46.204748 32.126131
