//Synthetic=Synthetic_00860_J100

J=100
MT=20
Vd=2
Vv=1

p: position coordinates = 
0 0
46.808023 20.802089
60.680631 23.531523
-24.808896 -18.675418
-21.467483 -3.784866
45.732757 32.312877
-11.746874 30.195216
-4.8798 23.266181
-24.712064 3.396985
16.3056 45.485665
23.755968 54.259845
35.523962 -7.981172
52.1291 8.858028
62.819109 -19.097321
30.730053 47.639414
14.945231 30.501232
-33.971216 -5.022459
69.338565 -27.116117
-28.872791 -6.435768
-24.819911 14.060206
-11.281286 0.001191
37.015285 -14.829579
-5.011233 24.819741
50.328602 -27.531184
1.031226 -38.940472
8.933235 6.383906
59.025622 3.30756
-1.370469 21.249761
9.079381 -34.584036
16.771646 14.040304
-30.244885 6.060596
41.951873 -17.530686
10.020903 16.741023
22.262937 39.739052
64.585423 5.355092
21.487329 -25.821339
46.331303 10.14
30.641663 43.042673
13.991451 53.111726
30.713219 -5.772051
23.327352 39.462782
45.712085 -27.09037
74.801773 -12.79216
10.232675 39.090837
-6.652633 -4.880105
-13.344822 22.139923
10.699028 25.242613
-12.215857 1.500573
35.055117 24.929183
16.87833 41.598036
31.384547 -33.392938
-10.647097 4.121538
76.501439 -13.310343
-0.262487 -38.410904
14.339075 -57.852436
46.279873 -36.694248
34.876442 43.124302
46.73445 11.195569
14.038407 30.044448
38.228174 22.257549
-33.333313 -6.40596
-29.128292 10.740297
24.571631 -35.351894
-3.461333 -23.533808
-9.374898 -16.872269
-11.394134 -8.636393
4.876277 -37.024467
34.576 17.773612
57.308299 23.086403
68.518632 -21.069363
-16.238076 12.47175
14.049358 -32.117271
32.456905 -17.246753
26.664238 43.089135
44.147115 5.205915
-6.484006 -4.83837
5.376013 40.18994
-19.581186 -1.620856
32.743685 3.246273
28.441034 1.39357
55.69772 30.268868
-18.421129 10.106712
40.69453 -15.656163
1.051986 3.631218
46.444148 -1.855828
20.449714 -3.033421
57.040345 -22.394212
46.089667 -4.390766
77.511504 7.584756
-26.648077 10.77147
14.785181 7.305215
-27.187052 1.22801
8.688302 39.919575
73.067558 -6.069406
22.105966 30.930067
20.665422 40.922852
-1.428645 8.341244
-2.820966 -25.251397
5.789656 42.079436
49.638038 -39.198357
47.442036 2.416934
