//Synthetic=Synthetic_01060_J100

J=100
MT=20
Vd=2
Vv=1

p: position coordinates = 
0 0
-35.832101 -78.368955
-75.867688 -25.88537
-38.500612 -73.590463
-86.350323 -29.856051
-77.426499 -25.919623
-75.960361 -32.259878
-27.803328 -75.537975
-24.055717 -63.031707
-82.229466 -36.308159
-66.872597 -23.91343
-79.280909 -29.64144
-81.497297 -27.226677
-73.48687 -22.717589
-20.413094 -65.903952
-27.372336 -68.272936
-70.899077 -28.467646
-80.176846 -29.828399
-77.503304 -29.717326
-76.743153 -38.667498
-37.776603 -72.688414
-29.182464 -75.354197
-37.231777 -81.329107
-67.602571 -20.275525
-82.306004 -20.485478
-17.489033 -68.277529
-21.433386 -67.739553
-69.921431 -26.50273
-78.439319 -26.259808
-80.073175 -28.429759
-77.175889 -40.363428
-27.911287 -84.889297
-87.893886 -34.983132
-28.175701 -84.52267
-37.712946 -64.89074
-89.977664 -25.809876
-23.658403 -76.242128
-77.202815 -34.46551
-83.273282 -18.212587
-73.917564 -32.996989
-80.938721 -23.079583
-92.964146 -33.296825
-82.938764 -33.853902
-29.722907 -58.050072
-16.942805 -60.23152
-71.244772 -26.325447
-91.104253 -21.030432
-19.860562 -57.126058
-82.849282 -33.519841
-86.806809 -24.312431
-70.751261 -34.96131
-28.859826 -73.444496
-65.80866 -20.898408
-17.723331 -73.988034
-42.842662 -66.706335
-70.357481 -43.112227
-69.753897 -23.855084
-28.101611 -74.679048
-30.873958 -66.339489
-36.093239 -76.003372
-71.75115 -28.337654
-73.654854 -34.984613
-74.248955 -33.278262
-68.737815 -22.309482
-28.972844 -68.022176
-37.103178 -69.36515
-21.571561 -56.842629
-21.112268 -71.925319
-15.31707 -77.101707
-68.393222 -14.6139
-29.742396 -80.123733
-81.728496 -24.641424
-16.759961 -77.303345
-83.471273 -33.833815
-85.61783 -24.069245
-78.394031 -26.408993
-22.17741 -72.364785
-20.487992 -74.803843
-33.031165 -69.442307
-30.994334 -75.61373
-31.4219 -81.337646
-29.287368 -74.696056
-71.642188 -43.084329
-30.007753 -83.043192
-9.175462 -67.140892
-39.976583 -73.584616
-77.469494 -36.939068
-85.060417 -29.466391
-83.186832 -36.44693
-35.162064 -71.696523
-34.636138 -79.99636
-21.835996 -78.682208
-61.51706 -24.819228
-73.897646 -29.175874
-72.417047 -32.746725
-30.221479 -69.308081
-33.139495 -70.131585
-78.080198 -35.682242
-20.844807 -73.549075
-26.422176 -70.904383
-15.980402 -75.530468
