//Synthetic=Synthetic_01176_J50

J=50
MT=20
Vd=2
Vv=1

p: position coordinates = 
0 0
-15.943838 -91.51898
-9.607699 -98.437765
53.121091 -63.14472
0.294925 -77.667438
61.70535 -67.17018
-9.997993 -86.216814
57.712665 -69.929924
-21.810422 -94.952494
-2.789845 -92.789648
63.046689 -61.181641
-20.031838 -93.026318
-7.352198 -82.631022
47.008904 -58.029782
-10.66843 -75.963975
-1.453289 -88.689376
64.92828 -44.498597
47.510863 -77.797692
53.956024 -82.924911
63.637845 -62.170989
-9.696801 -88.958381
-16.673058 -91.647367
5.437445 -96.358105
-2.399363 -91.341272
65.997709 -71.494682
56.935923 -59.356251
-0.281064 -88.779219
-19.613932 -81.989728
54.293558 -66.781474
6.446733 -89.739123
-4.968657 -95.624372
-2.207372 -87.748746
-20.697989 -98.847174
49.865571 -75.601589
71.374008 -66.147855
-9.368113 -90.443003
-13.096701 -86.292022
52.158145 -66.99651
-4.233631 -92.824149
-9.156354 -73.804106
61.086161 -67.821427
-8.195 -81.893788
63.786512 -63.077054
53.895041 -69.1315
-7.338175 -85.326969
-1.839892 -90.623343
56.287799 -57.854198
-19.916032 -81.865735
61.945526 -64.353466
56.296849 -57.532848
-7.707158 -97.773945
