//Synthetic=Synthetic_00446_J20

J=20
MT=20
Vd=2
Vv=1

p: position coordinates = 
0 0
-14.098594 -58.853998
13.075258 -31.883994
12.576795 -43.330685
-17.014999 -56.74786
-24.071833 -70.546864
2.041403 -31.911344
-26.220426 -67.289316
-25.685457 -63.504034
14.704019 -52.129843
-26.757863 -71.659603
-0.615814 -35.509272
5.289596 -47.66322
-28.13075 -68.250004
-30.002906 -55.795362
-16.732837 -73.31366
11.16962 -29.859905
15.991656 -33.409427
-24.32296 -61.495466
7.25119 -39.451481
-12.592751 -65.193774
