//Synthetic=Synthetic_00091_J60

J=60
MT=20
Vd=2
Vv=1

p: position coordinates = 
0 0
57.637133 -34.979094
-4.219889 -23.395341
13.922437 17.313474
19.829654 10.725006
23.693882 9.301252
-4.760208 -17.084824
4.404623 -44.872003
22.700657 -64.856452
-6.146032 -20.534132
-11.352681 -22.751763
30.470065 -40.860603
28.910296 -44.701546
89.510524 -5.931385
46.336904 -9.349888
-3.459954 -27.954239
-7.376483 -26.608915
17.395369 15.908333
14.232592 11.502347
24.632385 9.669127
15.88443 14.345062
75.696408 -7.491351
27.92486 -51.46119
28.774597 -1.772001
36.305838 -28.192652
-15.015998 -17.266612
27.959874 -49.92814
36.544586 39.711251
81.922996 10.099765
25.266361 15.93412
9.7072 6.922152
37.383328 46.87591
43.389788 41.381364
83.507843 -4.934261
20.824903 25.285408
26.161287 -40.947658
16.592288 8.801319
22.622822 28.456949
21.948136 -46.940857
25.766014 -47.55921
71.965513 -68.583913
25.844891 -59.649653
19.913847 2.246558
91.307838 -18.802578
0.942863 -18.024533
2.313331 -46.152443
59.595959 -34.722049
60.830391 -38.732089
51.406909 41.214582
24.747202 -55.004259
2.042251 -45.84589
1.827317 25.287361
31.009828 -40.242048
23.158262 10.954402
68.745628 4.89339
0.220547 21.664909
27.162079 4.754285
3.228515 -24.273603
9.969604 -30.133562
-16.070674 -28.064738
75.492595 10.450695
