//Synthetic=Synthetic_00282_J100

J=100
MT=20
Vd=2
Vv=1

p: position coordinates = 
0 0
-48.908452 62.533415
-57.327126 46.925919
-54.417259 56.311776
-74.257576 -8.437396
-62.962916 65.077226
-68.639686 -4.083789
-76.64187 -14.380111
-59.396435 59.003902
-55.337656 46.368809
-39.637548 49.783829
-71.179109 -13.926087
-40.774439 61.984513
-73.320554 -13.024322
-73.800017 -12.028552
-65.499534 -3.646076
-49.351924 56.855799
-81.385714 -5.386167
-52.354765 50.605752
-73.641515 -9.593112
-60.811102 61.84673
-69.467683 -14.461009
-58.088309 44.248031
-49.591715 54.378296
-68.763181 -15.281089
-46.824315 56.630242
-58.929338 56.070196
-74.639781 1.777461
-73.126014 -13.695106
-68.536279 53.508661
-57.754876 63.076064
-76.853096 -11.982634
-68.016095 -3.485462
-78.066329 -10.848985
-71.493236 -13.972203
-64.94011 -21.922039
-68.84277 -7.13825
-82.492122 -6.430365
-45.33772 48.367783
-51.652476 45.141337
-74.816839 -19.237546
-54.821973 50.859788
-52.05436 46.511563
-67.467068 -26.007502
-53.69929 58.916485
-51.056732 53.686032
-61.230032 -1.742593
-56.800925 -11.257033
-60.185436 53.562768
-49.511157 57.347422
-77.163637 0.109813
-75.537039 -7.589114
-71.237116 -13.619358
-77.589294 -8.888014
-55.393477 51.038034
-38.452537 52.529747
-75.710125 -1.711711
-52.495977 58.8194
-72.111699 -8.213957
-51.83935 58.164841
-61.290811 62.90715
-61.526196 40.951873
-71.139243 -16.680321
-78.041572 -11.07258
-57.160341 59.564613
-75.710187 -13.827854
-78.274003 -8.103992
-58.290938 53.904243
-49.475998 45.30967
-53.671335 54.169054
-72.391593 -3.642037
-52.113375 52.249319
-77.115689 -14.105214
-71.921832 -12.223616
-50.289587 53.493285
-51.108719 54.603271
-61.613453 -12.907348
-76.492357 -7.925874
-67.639584 47.480945
-77.550199 -13.736733
-68.90047 -11.205149
-60.588168 45.57837
-47.56076 50.897459
-52.268945 67.248875
-66.430996 59.72136
-64.231257 -5.718266
-63.565784 -23.553556
-59.183609 47.653901
-47.803644 52.139049
-56.310346 47.070921
-51.300854 61.457977
-57.135175 58.944081
-64.022367 57.493361
-58.195357 47.265758
-52.772603 59.090512
-76.08856 1.818535
-73.405946 -5.404497
-69.542501 -12.019018
-69.763319 -0.749609
-71.749077 -19.949512
-71.467577 -5.032185
