//Synthetic=Synthetic_00938_J80

J=80
MT=20
Vd=2
Vv=1

p: position coordinates = 
0 0
-78.393114 -45.270778
-75.669239 28.500053
-65.962711 38.961436
-68.403752 -30.033275
-73.599647 46.024217
-78.202523 32.259769
-77.841476 37.749557
-67.312217 -26.340143
-78.297397 34.350067
-66.03645 -31.199822
-62.317451 -41.681846
-74.57931 -37.364724
-77.633228 22.27211
-59.586999 19.930091
-66.756415 26.12729
-69.454647 29.416455
-64.735508 -44.390478
-67.797899 34.975399
-64.584597 -28.117297
-74.397575 30.228605
-70.232211 20.673764
-62.011303 29.898831
-79.76409 -27.419308
-76.112305 -33.956744
-70.02563 -36.673864
-64.68753 35.040816
-69.492174 39.380341
-76.56904 33.925035
-57.280718 16.785826
-80.781608 -39.101778
-71.759985 -49.211911
-76.624394 25.604127
-59.448093 24.807665
-83.72984 28.905701
-69.199343 26.441432
-74.45826 35.609897
-73.064502 34.045883
-71.643024 23.300491
-77.016145 -38.884087
-80.802627 -42.844484
-74.65828 -46.861793
-69.761277 -34.962345
-71.464064 28.646774
-69.038405 39.06086
-73.626126 -36.602175
-70.117168 -43.33685
-66.691013 -31.86814
-70.062885 -28.296323
-72.966331 34.620184
-55.40569 -27.319618
-76.084418 40.571826
-72.562347 30.319033
-76.688491 -40.347048
-66.344099 -34.785979
-55.41266 -42.667707
-75.40702 32.337417
-70.195669 -38.740478
-76.393447 26.437033
-72.908487 32.850762
-74.368959 -40.517489
-60.607501 39.807367
-75.800194 41.781625
-77.470911 26.13401
-59.151361 -23.740509
-77.55256 -40.431667
-81.505933 29.045763
-56.735414 -45.392634
-69.90202 29.367675
-67.687365 -40.043414
-51.12453 -36.32805
-78.416288 -48.533694
-77.174404 -22.926002
-69.402361 26.287242
-76.038055 22.397717
-73.834148 33.251288
-72.012861 34.179636
-76.936935 44.644337
-72.15171 -41.02393
-69.655393 -29.24008
-78.486653 29.321891
