//Synthetic=Synthetic_00862_J80

J=80
MT=20
Vd=2
Vv=1

p: position coordinates = 
0 0
1.73919 77.229943
56.18229 54.672885
3.598926 79.984654
-0.803031 72.956654
54.087792 52.926353
1.450053 62.337648
-4.669789 72.74281
-10.197007 75.508832
53.176982 50.309252
53.235886 44.63604
-11.034882 65.766865
11.460954 77.614196
61.786378 55.942879
-2.43874 74.15952
65.959821 55.992181
57.690985 44.746145
62.929555 59.042103
53.724236 60.991448
55.815876 55.641716
65.846376 40.202432
56.280819 59.712963
58.677759 50.4548
53.316232 62.695513
59.541768 57.396415
61.294572 50.261614
60.019132 57.554829
55.610111 50.902772
-19.430716 73.546281
56.435834 55.237962
-1.487098 72.005105
59.472357 50.593585
1.749031 75.010013
2.73848 82.757099
1.461408 74.221682
53.740857 59.478224
-6.481653 76.197972
-1.467888 78.321516
8.900453 72.527679
0.358186 74.42291
58.826074 48.565352
0.150897 80.362715
-0.69853 78.032994
56.185246 44.493426
57.233263 50.380049
-8.585979 77.072456
9.518259 70.724062
68.616604 58.505083
66.345673 46.469547
-1.55253 77.485731
55.397387 49.295806
2.983832 69.904826
-1.068445 82.118955
2.006391 84.864849
55.784455 52.067934
-17.477506 61.189845
2.285898 83.395146
69.232986 51.001728
65.045224 52.458966
52.710813 47.431647
64.635553 60.166015
-11.269694 78.235247
10.288697 66.509099
-12.498965 83.34953
-3.108521 75.301508
52.07947 51.590288
-1.251828 76.140294
63.282261 45.830963
1.319271 71.414644
3.257766 68.643715
64.989713 54.341002
3.178567 75.274484
-8.303483 71.018948
57.976943 48.249871
44.599715 50.310902
54.594976 54.372501
55.954365 34.237353
-1.438134 81.582713
60.859419 54.713836
48.479719 58.00428
50.179842 53.572982
