//Synthetic=Synthetic_01050_J30

J=30
MT=20
Vd=2
Vv=1

p: position coordinates = 
0 0
40.175727 77.687515
-17.481972 80.095342
-25.405979 88.76518
-11.361838 87.146521
50.031566 77.384505
-33.130609 91.946223
49.394626 65.3388
39.033591 68.977828
-12.346578 68.517075
57.031112 76.877016
46.724822 76.94087
-29.797789 78.955626
44.389964 72.065921
45.370873 64.421012
-10.563128 79.481122
42.440906 59.619725
48.478881 62.639788
-29.722922 89.761856
56.554155 79.662504
-21.037931 86.98471
49.321882 73.403998
47.607917 69.995662
47.862379 69.148341
-18.023781 80.774715
43.607473 70.147336
43.827115 79.820869
-27.12469 86.873153
44.633772 74.984257
45.172546 78.817564
48.444533 80.775611
