//Synthetic=Synthetic_00979_J80

J=80
MT=20
Vd=2
Vv=1

p: position coordinates = 
0 0
25.952486 -74.542808
81.747992 -33.018601
72.370867 -28.974342
75.031587 -30.449371
86.045576 -36.829982
66.780444 -40.450939
71.801238 -18.785529
70.790698 -17.671349
16.876549 -69.426201
76.092228 -40.347789
79.524258 -29.89143
79.515057 -27.636872
30.952433 -70.248258
81.346579 -35.767614
20.027025 -76.599833
27.512719 -81.887946
23.686137 -80.75681
78.589481 -31.117541
17.337318 -71.224816
83.104565 -36.073341
71.642357 -26.20063
18.349626 -80.0465
59.133549 -25.436617
74.255815 -32.800655
23.106381 -73.039118
72.096139 -28.706931
68.661246 -42.30437
77.35947 -36.545141
79.405609 -29.673659
61.72254 -24.66608
70.093452 -23.749842
83.929415 -34.233482
14.96367 -74.639929
72.673119 -44.195203
71.595251 -41.809079
71.318765 -29.510583
71.287646 -31.320687
14.335254 -83.66216
24.842239 -75.189331
77.238657 -25.245206
26.462425 -83.439671
24.476537 -83.189603
87.072038 -30.784276
28.494655 -66.0998
75.519239 -30.461058
75.841748 -38.856114
71.33964 -25.74628
23.43188 -68.058966
21.438907 -70.905699
28.356025 -80.935269
62.354823 -32.708566
22.016944 -63.736002
25.241775 -63.990938
80.258538 -43.971437
10.826947 -65.897872
29.471583 -77.187364
82.169517 -37.849523
24.839688 -72.821948
80.094962 -31.895187
25.387277 -80.640339
76.954296 -28.564313
33.100605 -75.457355
72.693568 -40.577535
78.662425 -29.333367
65.456243 -17.992681
27.32963 -80.515053
90.367509 -36.395206
66.363376 -29.015884
31.660479 -70.704225
83.400211 -36.731559
68.559177 -28.636886
67.656257 -43.915006
82.589846 -36.110734
83.987158 -36.132772
19.744049 -62.893584
86.062157 -32.342047
18.604404 -69.29336
39.63646 -70.507725
19.706075 -70.030274
33.544988 -74.241418
