//Synthetic=Synthetic_00321_J50

J=50
MT=20
Vd=2
Vv=1

p: position coordinates = 
0 0
-22.692871 3.971567
-70.580308 -23.706798
-43.438905 16.724165
-3.026252 -0.78028
-31.726831 -82.289716
-63.697323 -55.869258
-1.572752 10.895606
-27.887 -4.925738
-51.541558 -43.48184
39.130985 -1.194012
-29.17347 18.694188
-22.79247 -44.066912
-69.965917 -38.043823
-46.876348 14.031322
-13.320252 -21.78335
5.382621 19.567326
52.319694 -27.173586
-40.810251 -23.222336
33.949364 -0.044728
-2.658562 1.136591
-15.27483 -83.441777
-26.125607 13.487518
-10.422658 -43.551683
7.21815 20.999279
-85.761619 -16.28873
-45.551921 -22.744058
-49.331995 2.782112
-23.387276 -44.630754
-14.263664 -47.563532
1.341387 -1.259604
7.866113 -32.792332
-1.049528 25.58472
1.673164 -54.327442
-9.912662 12.068216
-23.804192 -94.096291
22.25218 -3.264481
-81.370433 -23.429576
-24.786661 -39.712916
26.639495 -25.390851
-12.912336 -67.237863
62.71132 -35.239762
-40.376951 -62.859769
20.391224 -52.614578
-34.827885 -13.919719
2.434641 -6.230204
16.068355 20.207005
-56.635522 6.375975
-58.419031 -4.983
-15.017162 -65.806907
1.407074 43.413501
