//Synthetic=Synthetic_00782_J100

J=100
MT=20
Vd=2
Vv=1

p: position coordinates = 
0 0
-27.99769 50.382162
-45.216787 56.938125
-85.322794 12.228741
-84.896075 12.735301
-75.629394 10.023553
-63.332172 1.559869
-83.919354 21.080983
-83.313678 16.488973
-46.956162 52.395969
-85.511587 4.675077
-25.948547 62.379468
-92.498017 13.085648
-48.85865 53.344786
-86.273192 12.995566
-38.61323 55.026916
-36.921047 58.44633
-83.004409 9.954208
-40.241973 62.687717
-28.589751 53.962218
-79.647475 22.321826
-76.4821 20.182005
-50.264141 56.30468
-68.777138 5.363108
-38.778488 60.114458
-48.989505 63.037982
-38.994293 67.536183
-84.103866 18.886501
-70.119347 17.045854
-70.906616 16.935002
-82.941288 16.910567
-76.951157 22.418609
-30.707223 53.006695
-45.275647 58.137642
-48.334462 54.736217
-71.017555 17.329931
-82.336289 15.624402
-49.666001 60.350919
-44.565822 61.407874
-85.562862 10.898274
-35.396222 61.818129
-87.437667 9.638544
-93.898142 13.10529
-92.943888 19.69331
-80.369906 10.503028
-84.448108 16.024076
-47.810348 53.535671
-38.746007 56.271179
-43.15707 61.467466
-78.759256 9.827398
-87.471409 8.66524
-64.360497 5.450318
-73.348893 23.820061
-30.917534 58.258975
-49.964755 52.376186
-81.333321 21.09181
-44.683915 54.416676
-52.497936 59.970704
-79.42405 21.467447
-43.385854 57.625102
-82.90326 19.454272
-40.036477 56.27055
-78.862453 3.798385
-39.384255 59.340103
-79.852545 19.902622
-76.327006 13.711306
-59.02151 55.015124
-80.014202 16.547526
-75.412203 9.551062
-47.697097 68.678503
-88.330659 7.92392
-77.86093 20.53547
-45.986916 56.855381
-53.826156 62.796254
-40.93395 67.814928
-56.44348 51.209192
-40.19903 56.462397
-76.645865 16.223173
-37.764674 55.830621
-88.477378 15.622008
-55.204835 63.5774
-83.476514 12.158822
-31.570114 55.542913
-46.350182 60.321211
-40.716142 62.40235
-84.541682 13.00461
-28.677141 47.940344
-46.820112 69.855582
-37.547988 59.564712
-51.100368 55.683209
-83.116172 18.0921
-38.738278 57.466471
-68.593809 4.803071
-85.465417 18.945976
-69.467548 10.076819
-92.452429 5.475668
-48.754317 62.781958
-49.733491 50.438608
-36.26484 66.271818
-79.40641 19.87899
-37.994649 56.043771
