//Synthetic=Synthetic_00645_J30

J=30
MT=20
Vd=2
Vv=1

p: position coordinates = 
0 0
45.08466 64.993579
61.753477 73.484006
95.604422 20.588257
56.185165 67.784776
76.847585 7.323627
58.593565 70.930639
61.943808 61.390303
89.844127 20.44183
43.403575 68.881631
60.968941 75.350618
96.485051 12.944849
48.334726 67.006289
79.574409 12.631391
90.943342 -1.575333
63.736982 74.673707
54.053611 74.068513
91.951265 7.35757
95.583042 2.367594
53.190524 67.163493
60.346242 71.625434
101.40186 8.12412
46.063138 69.756707
58.536627 65.524374
43.358152 60.424235
89.236793 5.735947
58.738706 64.291085
49.455956 59.90825
49.155849 76.708773
49.672029 69.559512
86.307214 22.887118
