//Synthetic=Synthetic_01275_J60

J=60
MT=1
Vd=5
Vv=1

p: position coordinates = 
0 0
-65.008323 -9.396098
-55.65103 -15.037759
-23.884304 44.951726
-27.769667 28.872221
18.245762 -42.699705
61.497477 22.902547
51.628871 -3.038615
14.489352 19.78114
-6.374782 -47.351348
26.65135 -28.497624
2.986812 -57.059125
-18.651125 52.306178
5.557281 59.165893
-50.508746 -43.671405
53.049051 -25.294417
18.627122 51.929714
-45.528212 28.78955
31.78702 3.684852
-15.471836 62.40216
17.959093 -47.007392
-18.35008 -57.118484
54.667216 24.248459
0.289222 -29.763133
17.004056 -43.77341
57.229258 29.247736
-10.979448 -27.63159
55.403545 -28.499825
34.002117 47.088262
-64.708451 17.246274
5.768777 28.578617
-30.779965 1.497517
37.778686 54.382766
-31.320032 -35.179668
-30.828251 -8.801224
43.886013 -50.63843
68.667447 -1.627841
52.07492 -34.119249
27.973971 -11.773826
-5.427589 -28.859012
31.229499 -57.036039
-11.046251 30.825756
-63.895227 -13.873434
55.975197 36.055211
7.375279 27.014363
25.533775 53.711015
-28.139124 -50.342252
-40.817358 18.802698
-12.808842 61.535598
-34.986814 5.252926
42.800879 13.356933
44.35171 -45.454093
-60.278862 -5.406356
-35.116204 -30.52074
29.964516 12.328689
21.864438 47.596965
-34.570377 0.316101
59.960795 35.328506
49.105578 12.346075
-29.538242 -49.152786
33.679727 -53.228579
