//Synthetic=Synthetic_01813_J60

J=60
MT=20
Vd=2
Vv=1

p: position coordinates = 
0 0
28.001376 71.439335
37.523632 88.531024
-37.850625 64.420284
25.266393 82.500917
31.063964 83.853645
-38.412972 60.710493
-39.511953 71.516477
10.164091 83.443518
-44.813973 60.22988
-49.19833 60.018027
29.877224 80.987023
13.480887 74.486128
-33.614374 71.523049
26.457619 79.374633
21.805388 85.661521
19.064434 76.306539
25.00299 76.190372
22.873407 70.598336
23.663137 81.001839
-36.941105 77.888739
-44.592737 66.100711
18.782463 78.018988
-44.546998 74.883099
-37.1836 68.853256
28.051577 78.899824
23.378861 84.209007
-52.997742 58.827644
27.263062 71.37713
13.489682 84.166685
21.870353 67.111166
25.404105 59.210364
19.296829 82.845002
22.529953 60.443293
-34.368927 75.741559
14.65422 62.343726
-46.221022 75.327871
-35.633177 80.090832
24.490919 72.659126
-36.73085 68.696721
22.259996 79.994609
23.4967 82.086523
-38.308156 71.128525
-42.290215 62.381207
-40.871125 63.919917
-44.843855 76.154074
24.431923 81.088462
28.901139 81.568905
22.149918 53.378021
32.392917 82.603035
-33.149261 67.399429
30.348001 72.679684
-32.715988 77.305248
-40.649915 68.435366
-48.965279 76.893429
-29.907653 75.477896
20.237291 71.88103
18.239005 82.477057
-35.889207 66.864015
24.154516 90.759816
13.092115 83.194385
