//Synthetic=Synthetic_00917_J80

J=80
MT=20
Vd=2
Vv=1

p: position coordinates = 
0 0
-9.135519 -64.94645
-7.242535 -82.276459
1.847488 -85.625666
43.982514 -43.485879
49.528238 -56.170682
-7.271289 -86.81618
43.97815 -57.700169
52.060973 -58.369024
42.198053 -56.754659
39.639417 -58.688246
-10.869727 -80.439259
49.838053 -51.696361
54.119404 -56.943684
-6.1287 -81.232669
-7.340565 -72.511483
54.797026 -61.698717
38.860111 -49.151062
39.557466 -58.142226
53.794657 -54.9626
47.133114 -61.709766
-4.817874 -80.915538
42.002034 -53.804136
-12.080792 -80.748441
45.577251 -58.778606
54.212937 -69.0685
52.297964 -65.094444
-4.837665 -72.090083
46.879536 -55.947694
40.072341 -59.429255
46.267494 -64.257312
41.239142 -68.166732
-1.423082 -64.132106
-5.650629 -77.729164
-20.501144 -66.384396
48.848138 -57.499439
43.710179 -51.285068
50.309259 -59.749177
-7.495647 -81.893555
52.020379 -43.294446
44.810112 -62.884934
42.593999 -51.550732
-0.863795 -63.033477
51.829667 -67.138289
39.5328 -66.884289
-7.748916 -88.18955
41.890128 -48.10997
44.779724 -60.882576
47.066721 -60.100405
-17.385986 -75.686336
-8.571323 -72.008095
50.127246 -62.151132
52.085469 -53.770199
-9.237445 -76.901365
43.088476 -60.524134
41.481858 -62.720371
51.166719 -66.2262
-20.353669 -86.061378
-8.071269 -71.992077
-2.205638 -73.568923
41.531249 -59.150014
3.153402 -60.129608
42.015065 -56.580043
47.969442 -64.161186
43.052213 -52.551896
45.534499 -44.753959
39.536808 -52.757774
-11.33203 -77.644224
-9.533345 -74.941269
-13.277962 -86.346718
48.314234 -48.892733
1.199527 -80.051251
41.782019 -61.509731
-11.124373 -83.597188
-8.509189 -76.270434
-10.046675 -76.653429
-1.564473 -76.815743
-17.308883 -75.479566
50.756091 -63.54136
43.189952 -65.727329
-19.031153 -76.555501
