//Synthetic=Synthetic_00163_J40

J=40
MT=1
Vd=5
Vv=1

p: position coordinates = 
0 0
-3.724283 -9.431922
-9.218976 44.585126
11.592118 -17.195547
-44.169078 -23.744639
-20.629341 17.087299
-21.289649 22.11393
-19.432481 -11.692301
-8.07385 34.339576
-49.266256 -7.735587
4.315884 -37.354178
-10.565835 -44.816911
51.345996 -0.031406
-16.026328 -64.216739
-48.07569 20.886004
-4.022673 -14.773775
-1.222708 -24.008625
-22.177421 -28.049085
3.230007 -0.692109
-1.397133 51.414219
-21.112018 -20.936178
28.511731 19.000157
46.050595 6.478276
-42.904946 -13.515397
-7.741128 -25.490803
49.886035 -12.136774
28.706661 -35.550716
-50.298664 -10.825711
-37.782145 -38.878626
51.180765 1.415886
21.103683 -26.256289
33.735436 17.272905
34.381496 -25.390869
-27.708531 -56.341855
-31.624367 3.943956
17.795511 -39.986381
48.362797 10.06663
42.523268 -27.772843
-45.73314 26.022023
-28.79959 -7.604957
-0.72872 -12.466726
