//Synthetic=Synthetic_00566_J50

J=50
MT=20
Vd=2
Vv=1

p: position coordinates = 
0 0
58.200293 -61.87435
4.799606 -75.390816
63.412366 58.387618
63.08953 50.048932
69.769596 -54.201546
15.889904 -69.117612
49.66555 -57.452773
71.941826 -63.256467
59.817637 43.451752
2.905558 -70.455449
66.980075 -52.095761
55.342548 55.377456
64.656402 -61.43138
50.088772 -50.857028
79.779961 38.782345
42.990516 -47.05704
48.788096 -59.525579
63.591023 -55.461711
45.882614 -47.708043
61.232692 -63.381295
8.452585 -63.689489
45.02385 -41.877883
57.833531 -52.026697
69.796097 42.04932
10.117072 -59.61076
55.489225 50.103467
55.926802 -55.973927
66.569825 36.806786
-0.483659 -62.58419
71.281994 -58.389324
42.134065 -63.388972
66.182078 -38.749716
4.17598 -60.830459
72.376737 -55.511676
74.013567 -62.562662
58.38547 53.244926
15.077198 -66.195453
69.458523 40.822212
54.040727 56.549784
68.963767 -55.788372
77.432193 -50.318112
56.163103 52.743163
38.679185 -36.992429
57.618493 -50.068445
57.931941 -39.93389
62.041804 -37.381018
-1.18682 -67.522083
19.162884 -75.658108
9.695755 -68.066581
63.27202 -66.028045
