//Synthetic=Synthetic_00934_J40

J=40
MT=1
Vd=5
Vv=1

p: position coordinates = 
0 0
-4.386841 -37.0527
10.640306 24.306375
15.784747 57.022308
33.388711 16.764294
11.183859 31.136555
-62.300827 -8.064993
19.923337 -65.329298
21.461061 51.118181
-69.224799 16.627396
64.894798 28.706616
-48.511951 28.58825
7.916736 41.70811
-46.917817 38.551223
-42.650198 -12.464561
7.58879 37.309051
-21.876586 27.695432
4.856595 -66.296064
-24.497662 -49.635188
55.490208 1.3109
-16.299304 -34.914237
21.139597 -42.928299
-10.620399 28.129121
50.404849 -26.26526
-67.404319 -13.153063
40.485749 -43.10802
49.288953 -23.413234
-7.020524 29.489876
-30.421843 11.981763
-46.453409 -45.872002
15.573737 49.91319
-45.771027 -52.295562
-6.92382 53.766565
53.21103 -34.976049
50.800989 -29.567617
30.254047 26.049318
-31.365435 0.529141
-39.183978 -56.92158
46.787561 22.992582
-67.987675 -13.652492
20.708076 12.636625
