//Synthetic=Synthetic_01099_J40

J=40
MT=1
Vd=5
Vv=1

p: position coordinates = 
0 0
37.316262 36.040315
21.810497 10.790755
39.309463 44.523282
35.085973 16.748912
-23.649461 8.4292
26.929057 12.3006
49.56241 44.183987
35.887532 32.993698
18.045165 13.735983
-22.605258 5.291311
18.023321 12.230384
23.092044 2.775858
26.960975 1.007479
47.827614 38.896108
11.094486 13.357569
27.325401 9.346953
35.028367 30.082433
22.638467 4.444616
41.079361 30.483231
-21.712375 9.926452
26.749486 6.598411
35.836814 43.20943
22.461247 6.867565
20.381857 9.521266
-18.087004 1.564887
23.841487 21.059113
11.454952 12.023864
-24.043497 2.502046
42.234357 25.303837
38.434757 40.515308
29.011327 14.883996
-24.003312 12.401489
35.184072 22.915412
40.032222 37.021403
27.164417 15.306754
-20.034828 7.886375
19.352999 5.060478
46.809828 30.625644
43.124314 29.340447
46.047247 29.455487
