//Synthetic=Synthetic_01831_J20

J=20
MT=20
Vd=2
Vv=1

p: position coordinates = 
0 0
-19.678881 -86.031518
-66.23484 2.169993
-47.052476 -3.008553
-18.162224 -96.911037
-38.318891 6.655839
-33.339118 -2.015258
-43.786435 -1.151178
-41.232818 4.797857
-34.76272 -0.363423
-56.872388 7.659091
-36.723871 -18.290358
-49.577125 -13.454907
-37.045471 -2.927929
-42.379678 -2.326711
-38.599256 3.532833
-48.468658 -8.968945
-48.534693 -1.475941
-31.138543 -1.334077
-33.422078 -2.351723
-45.494515 -2.491288
