//Synthetic=Synthetic_00356_J40

J=40
MT=1
Vd=5
Vv=1

p: position coordinates = 
0 0
44.545381 -26.750387
-49.204074 23.31598
38.338672 -36.141257
13.689111 13.912746
45.707444 -30.027939
-43.239034 14.937964
37.809445 -35.3066
40.142253 -14.325967
-29.010461 -1.088739
44.755702 -31.148048
36.482919 -35.747354
-44.441218 26.878401
-31.429056 27.215451
53.97672 -30.566917
-39.33611 16.917979
39.78396 -28.65582
45.770138 -34.568079
-37.019756 3.501572
43.227421 -26.701746
4.748829 11.169025
38.640544 -35.604102
-41.219149 0.899077
-39.441197 7.158751
-31.133908 14.587754
-30.844576 23.251959
10.082593 19.287688
43.588681 -23.987795
8.946714 20.914191
7.849873 22.346684
47.621899 -44.527409
35.230564 -31.977572
41.678217 -24.352155
40.856065 -39.137411
-31.058492 14.989858
45.091857 -37.707787
-36.387054 14.115472
40.766687 -23.694376
49.581088 -37.825153
-22.138587 28.662577
-38.658436 7.303383
