//Synthetic=Synthetic_01029_J30

J=30
MT=20
Vd=2
Vv=1

p: position coordinates = 
0 0
44.684934 51.387867
44.280753 61.157978
9.781932 30.797357
-23.729283 38.762919
-32.078259 30.103653
-2.702453 26.234287
30.829199 19.194257
34.687595 -31.192037
29.6089 -23.057916
-29.091987 -1.069517
-43.353772 32.856504
-27.916203 -10.018267
-43.163133 -9.539353
-19.075141 14.82981
25.966801 -6.555545
-3.053685 0.846512
3.445552 -1.561068
40.911452 1.973042
27.059383 34.495985
24.174414 13.37128
34.90919 4.693564
-37.5481 43.027422
35.150564 58.489802
31.279066 -31.219791
-38.295585 21.603584
21.397236 61.591936
20.84535 -16.900594
-8.489158 62.285254
16.994903 -27.755917
-40.006816 -16.251887
