//Synthetic=Synthetic_01400_J80

J=80
MT=20
Vd=2
Vv=1

p: position coordinates = 
0 0
6.858229 50.365996
12.661224 53.018347
-16.954684 -9.775801
-8.494186 6.233717
11.117057 68.257956
20.068335 -24.792119
-5.361356 41.176846
23.383892 36.02448
-32.506658 -13.086859
-21.189661 -1.646473
-5.781753 -13.532693
16.006338 -33.436288
3.448202 14.043925
33.891717 -37.105682
-26.171753 -61.452217
16.859155 -10.635918
50.386879 -37.426543
-17.601221 7.114304
-33.307795 -28.46716
-2.964563 10.056167
-35.452785 8.136773
42.294033 -18.056581
29.177456 53.495852
-41.971163 20.108585
20.14955 -7.93286
0.241687 32.248975
9.916465 41.905397
-4.934931 -2.613452
-29.567054 8.655228
-1.746069 -12.837239
-21.827764 -10.423197
-4.472431 10.504822
-28.162237 -9.030195
-17.976891 -3.189583
16.521955 40.173957
37.436527 -13.279838
50.47186 -13.811074
35.661741 -15.506882
12.069807 45.063616
-35.222076 -23.621119
-9.200043 -49.926496
-11.887875 -6.031283
8.872667 -26.193097
-7.4731 29.396489
-5.574603 -15.808797
-17.213364 -23.443414
34.89389 6.636709
8.84059 24.880469
-4.351355 24.690216
23.970344 -32.902892
-31.830647 13.494327
-17.539095 22.334251
46.894257 -13.574865
11.639407 5.18056
-56.031783 36.167773
17.672554 42.099991
-33.96214 38.631526
-22.331113 11.483669
-13.797845 -24.112968
24.90111 39.035335
-12.510033 44.396559
-11.541175 -17.762037
24.953209 65.016082
6.418105 -40.097382
30.741771 -31.258972
38.457306 39.970223
8.855235 29.164314
-29.105695 35.673946
-28.07408 35.513171
-6.133195 -52.100475
-43.776738 -7.276838
-33.066151 35.271122
-11.728325 -15.517433
45.43626 -23.917233
26.738443 -12.568826
-14.781253 58.937158
-19.639897 4.648761
8.620028 36.169087
-5.795087 -12.959068
-4.798098 4.600766
