//Synthetic=Synthetic_02007_J80

J=80
MT=20
Vd=2
Vv=1

p: position coordinates = 
0 0
34.82035 89.408543
29.633046 76.744497
23.952471 87.032002
45.052191 79.126339
39.486012 84.336488
-56.090262 85.583919
-35.543607 81.208953
40.889261 83.467584
41.653069 75.950743
44.768716 85.815619
53.686794 64.481638
-42.63969 77.016532
-36.545427 60.242159
35.337376 78.450983
-34.618247 85.759962
28.841411 75.415042
37.545385 83.625144
-43.856992 87.220733
-43.392331 65.507039
30.855017 86.845461
38.788654 85.338017
32.726502 74.025067
-45.337696 74.803589
-42.874206 72.65949
-38.373524 86.918816
23.464196 82.247474
-42.084645 84.549105
-36.90767 89.118507
-50.609023 80.508031
36.261911 89.959835
-45.676167 61.786705
48.402571 76.925732
-32.666958 85.104063
37.478596 74.573234
-44.965325 81.462958
31.095039 81.2231
-38.643972 87.745227
-36.89115 67.033888
-38.702771 75.718973
24.556867 82.641448
47.058336 80.385384
-44.690075 80.812819
-43.40603 85.248996
33.090136 73.261809
42.052476 92.141864
49.140673 84.055757
40.768211 87.100351
-26.674635 84.634876
46.440682 82.334747
-48.715926 73.766858
-47.127577 74.994846
39.683024 69.133402
37.857128 89.502955
-30.601532 79.771561
33.563358 72.698504
28.861541 81.851174
-51.438594 85.564012
-46.339651 70.49059
42.353946 87.644419
33.539657 73.224207
-40.296522 66.263312
29.303546 81.321778
36.609776 83.436251
40.970478 78.219479
31.759858 69.056174
38.81575 86.051361
-45.765542 77.117037
-29.527051 80.612684
24.856585 82.517786
30.987097 84.137019
29.139946 90.383347
-57.042236 79.357336
-35.92315 71.831019
29.608784 77.686256
-50.667251 75.575443
38.964773 77.438777
39.441573 85.901958
27.642576 80.589313
34.465893 87.001946
-31.152763 64.311216
