//Synthetic=Synthetic_00377_J60

J=60
MT=20
Vd=2
Vv=1

p: position coordinates = 
0 0
39.766471 50.781524
70.428688 -5.895496
99.867253 -1.483937
48.801171 57.091921
65.452541 53.006004
99.38817 10.08333
63.428168 73.376533
56.84402 53.472169
67.220551 63.48651
60.84501 70.320186
66.26721 49.933094
56.917676 69.853084
39.10329 50.28618
92.120868 9.485125
90.312465 -6.449763
91.685774 0.345713
53.648441 72.184703
100.93557 4.704953
71.689989 69.745936
57.775325 56.599624
52.694713 63.842892
91.884571 7.419051
97.517842 4.053406
64.958025 56.06465
94.873672 11.779185
92.214507 -1.37535
62.722621 48.134792
67.750999 54.152055
96.131548 -5.363047
75.051343 -14.192676
70.844036 49.514588
101.844988 2.294185
63.375301 54.869357
80.856502 2.86111
69.74408 63.97095
92.066487 2.071562
51.158902 56.453974
68.795055 55.311646
56.883324 73.314669
100.782005 -2.834311
44.241449 53.420689
62.699848 58.908394
64.391686 61.707055
66.669646 62.328252
56.683515 61.003521
55.199731 63.622008
68.603519 56.861066
89.257705 11.452505
58.783558 57.703284
59.879455 56.090425
96.917723 -8.466351
90.08056 -7.900749
95.439759 10.47115
69.886698 50.032938
56.184808 62.61885
71.248552 54.755109
99.354193 -6.653652
56.940645 60.205578
52.303342 64.447792
49.147518 47.765361
