//Synthetic=Synthetic_01045_J80

J=80
MT=20
Vd=2
Vv=1

p: position coordinates = 
0 0
52.783296 -42.378435
2.61011 35.325527
15.527973 57.269488
-7.091928 43.069312
59.449773 -68.809125
4.099594 45.177622
-7.624717 47.906666
37.303783 -73.09095
-11.905338 36.182613
48.918456 -67.800159
67.96964 -72.766847
8.847782 59.513196
58.373962 -57.156845
15.411519 56.84787
72.316744 -53.50619
2.314779 58.68789
63.862412 -64.762875
9.730019 53.179733
39.184485 -65.886189
7.86038 42.196178
3.39861 54.507673
69.614635 -64.177156
6.874588 44.182456
14.407999 62.83234
64.243863 -36.621312
-14.585671 41.644476
4.945883 40.429912
-2.761778 50.673286
47.607824 -59.70097
-16.70522 51.008755
7.154869 52.295249
52.760442 -53.607159
46.985042 -63.168188
70.756421 -64.069651
50.319241 -39.793356
45.624171 -55.875481
46.150476 -50.27178
54.957995 -48.668249
-0.92749 53.80159
-8.977933 45.160811
58.77817 -77.092318
31.216234 -79.540732
66.432032 -67.561469
-4.336411 51.574569
60.246213 -64.347482
53.621403 -54.636201
25.01165 -62.877817
11.260972 54.972081
63.266166 -60.094611
9.679491 43.71331
24.728875 40.613072
48.151641 -59.270265
47.466531 -50.753478
25.878837 -60.882411
9.074111 70.063204
46.148299 -60.807462
3.82621 53.392834
13.85951 58.533542
52.946905 -51.323368
61.68054 -70.403189
51.651866 -69.833853
-5.874722 46.238618
60.907477 -74.891908
2.927141 70.210422
18.953524 64.323434
56.593836 -68.013435
36.087165 -71.259081
19.86979 35.048527
-14.327098 53.115071
57.082789 -63.164257
36.01673 -61.95716
65.61423 -65.126063
-11.28063 60.594383
-2.865978 47.139766
57.715725 -46.208288
41.924235 -64.911877
59.396231 -61.926078
47.30553 -64.084205
21.608203 33.550649
58.71551 -59.288558
