//Synthetic=Synthetic_01939_J40

J=40
MT=1
Vd=5
Vv=1

p: position coordinates = 
0 0
41.760828 -6.655107
-41.230332 -3.807919
-2.695815 58.205706
-54.479465 5.558096
-1.840784 3.719038
23.09002 -34.402362
-7.34216 -36.481082
4.953832 -5.320244
27.72146 -9.368009
-48.445293 10.265477
-20.040061 -47.767197
25.261388 33.203309
49.282352 -17.397787
21.198039 13.562405
-15.768592 -45.022469
59.634044 -6.375602
-15.14007 -7.971138
31.4522 3.994004
-32.144261 -28.912918
4.184712 57.293508
-19.591673 22.517379
37.957404 -22.158883
11.283531 55.576306
-26.513378 -13.175161
-42.046373 -20.885423
22.26446 -3.041083
-26.628453 28.166877
-30.8459 14.936357
7.662675 -37.676563
-43.455038 -1.65019
-33.404726 31.482431
7.95355 -48.732923
38.429492 21.49681
-4.004313 -3.592377
-14.663939 -13.393918
-31.108888 13.205607
45.04335 10.134639
-3.837743 14.582635
18.424867 39.677848
5.068804 -23.052999
