//Synthetic=Synthetic_00975_J20

J=20
MT=20
Vd=2
Vv=1

p: position coordinates = 
0 0
-4.730363 -11.833237
-74.461481 25.637846
-89.622615 1.403016
-27.270651 -16.103188
-80.325011 7.762431
-13.343681 -14.047884
-55.259878 28.458338
-31.55573 -2.972968
-82.314796 16.332894
-57.436373 3.917854
-56.197771 39.109211
-75.38547 15.361192
-76.677197 -31.996313
-56.232703 19.107656
-61.190822 -13.987584
-58.788699 -42.648176
-88.954897 6.201562
-32.559675 -32.178743
-52.865294 -45.513732
-65.312214 -49.004185
