//Synthetic=Synthetic_01472_J60

J=60
MT=20
Vd=2
Vv=1

p: position coordinates = 
0 0
14.522857 75.09828
-24.880787 57.981322
31.366971 83.692277
3.835747 12.813372
-46.18864 37.276316
13.850816 20.94087
-20.22801 58.164705
24.304485 103.928469
14.750189 53.126208
12.274254 9.847117
-37.876308 65.325066
-27.20889 51.300348
5.978395 15.907688
-43.129787 45.62923
30.046509 88.245086
7.714932 57.760629
42.401788 49.21352
-22.142288 48.658833
-0.670389 65.849498
-2.576291 56.778207
-35.037634 20.017712
45.634014 46.932308
48.14701 23.878911
10.791334 40.333899
31.698012 23.286262
-44.195069 44.289406
45.247139 31.934136
8.438054 44.88373
-4.389115 10.802247
11.790016 41.823609
2.589458 73.592127
16.510638 103.182017
-25.607534 90.657043
3.981026 84.387336
-23.457834 63.065289
-22.373479 59.967895
0.870786 36.06541
-1.336809 89.389496
7.583371 51.017597
-23.696962 89.238857
38.780887 64.251965
25.108 88.875249
-39.066049 32.111647
-9.00949 113.092187
6.342126 34.571911
-9.259628 78.417592
-12.81663 77.602019
-43.348613 54.003844
-4.13203 73.257814
-48.189561 74.243933
20.338509 23.474795
10.818683 12.460146
-27.72079 58.450862
-27.138012 87.874507
13.643438 54.711355
-33.860817 78.035637
-24.361837 47.52343
-5.238619 61.779249
0.175283 2.709387
19.979539 28.408478
