//Synthetic=Synthetic_01219_J40

J=40
MT=1
Vd=5
Vv=1

p: position coordinates = 
0 0
-42.030801 5.106214
43.254805 21.134515
22.021726 -0.516112
-3.031407 68.585785
27.210382 30.436332
46.935669 2.685678
37.237685 5.260694
12.572748 53.94166
-25.750343 21.815327
-15.756964 -47.435469
24.856253 1.024367
29.650971 5.078011
42.025573 -0.955461
-37.068593 12.743041
-12.097294 40.771241
12.443587 -2.153458
-42.471016 10.220711
-19.446999 -10.524521
-53.667212 0.465976
-4.767467 32.809015
42.14277 6.294589
23.643952 -19.404787
11.199292 -49.374533
3.70827 61.78333
-25.03178 -24.872666
-6.341676 -20.100363
55.513955 -12.560434
4.795769 -4.104999
4.497525 24.948404
-7.736608 -51.90532
-3.533002 27.21338
5.59989 57.307541
-40.184377 -19.426524
58.154256 -3.706791
-38.886359 -28.736091
-14.898618 -28.370263
6.645057 -38.601933
-5.66208 -0.263943
0.929398 -22.02513
-20.003942 -5.602331
