//Synthetic=Synthetic_01714_J80

J=80
MT=20
Vd=2
Vv=1

p: position coordinates = 
0 0
32.175428 42.26415
34.599396 40.569322
31.080486 -57.278171
-48.929016 22.014918
14.587169 5.089732
27.59878 6.328169
-48.313731 17.673652
20.473849 5.499818
53.352174 38.06468
23.343273 9.146743
-48.527513 30.010368
27.505733 43.088934
34.684537 -46.504009
17.26763 -52.71258
-53.144115 24.391625
-48.680112 26.040029
49.870862 -45.171743
-46.897272 22.894457
-42.037936 30.672626
40.413531 -48.427362
37.116544 43.293728
40.425759 -52.406821
45.204605 56.818108
27.086227 -57.981698
35.787048 -36.103293
40.228274 40.30402
36.859246 41.063998
12.749479 17.087153
25.828973 27.619714
36.853477 -40.739991
39.655986 -53.610107
17.713762 -0.247516
38.335842 -36.019775
-31.587749 21.305122
33.662746 54.364391
-36.488513 19.198379
34.813958 -55.02881
-49.177995 25.776542
34.445715 -64.901318
11.824217 12.822532
36.3925 26.980714
40.40078 44.778357
11.137352 4.165206
39.212987 46.775908
22.737272 14.843484
46.394066 -52.821559
31.098729 -48.762248
-57.001569 23.522965
-53.835695 18.724706
24.604011 -3.588936
-46.84264 11.627533
31.421466 40.462544
34.440808 35.713338
-49.688673 22.406748
21.812271 5.959202
-43.659039 23.642217
24.308501 -41.946752
25.177605 50.188871
-39.676239 26.808582
-60.497934 39.595031
-58.047964 27.836787
19.744531 8.254909
38.224753 34.583755
38.36102 -43.187053
36.887441 38.994804
-50.349079 13.478102
30.49311 -36.088919
-54.711494 27.640535
9.173115 8.210029
-54.284713 25.730597
32.486618 -49.732175
-44.579741 27.70986
31.092745 -55.824445
-38.538397 10.568934
12.716486 4.679699
22.417794 4.079743
-50.660558 28.655785
23.597493 48.320919
-57.545361 19.793081
-46.599377 15.436234
