//Synthetic=Synthetic_00291_J100

J=100
MT=20
Vd=2
Vv=1

p: position coordinates = 
0 0
72.745794 -13.061879
8.756901 -31.095312
8.886475 -28.063608
-18.860128 -26.540867
-20.722023 -26.030943
4.118231 -28.665697
69.230116 -13.048848
69.667096 -2.73551
10.088821 -36.640444
90.137372 -11.087593
-3.528479 -34.11105
64.179696 -12.099851
10.856276 -11.327666
1.928004 -33.367968
16.379516 -15.023461
3.139298 -24.875844
-5.005742 -31.387211
16.567306 -25.519063
-6.341041 -24.400676
67.340344 -13.489986
62.977892 -7.570605
-8.020398 -44.209187
66.326833 -4.779024
48.472755 -19.107235
74.218413 -16.733277
79.902976 -10.626505
11.318699 -23.096403
21.956586 -23.781474
81.9157 -25.747431
14.369181 -38.862906
4.207038 -31.873422
16.74335 -19.275438
55.141053 -8.676602
-2.651071 -31.56608
22.889972 -10.547757
-1.963553 -29.013286
4.56225 -32.228674
5.832023 -21.906291
6.760494 -32.410926
-5.062375 -33.015699
71.271049 -25.869564
23.34939 -29.27199
4.879769 -23.358042
4.964268 -36.597912
82.887941 -17.061641
83.995122 -17.221333
15.775807 -26.485648
11.849251 -16.692616
17.130737 -32.007141
69.761252 -16.398689
12.762708 -38.248874
10.97328 -23.642591
4.81649 -44.176158
8.693721 -22.934915
74.922021 1.027143
79.268431 -8.353682
-1.336572 -41.156802
11.586407 -25.264661
81.290753 -10.542771
61.471602 -20.539218
80.915046 -23.184144
75.728764 -17.132138
11.523804 -24.000358
64.350955 -13.848761
-2.317567 -30.73404
10.432564 -35.958751
86.394131 -19.606101
2.258814 -14.75716
68.109313 -22.939952
7.034477 -23.274295
-9.365871 -30.92014
69.806244 -8.986714
2.035495 -29.711002
69.115412 -9.601969
-1.409201 -25.351391
56.905194 0.222316
16.672629 -43.265617
9.848701 -23.398859
9.116705 -26.354012
19.560358 -19.424863
-11.949179 -33.907562
-7.950485 -27.352201
8.597558 -23.172032
79.388147 -31.878251
75.704084 -16.556535
73.257493 -11.477785
65.843224 -3.877619
5.515153 -23.315476
15.264321 -30.307266
15.319575 -26.633868
72.377462 -8.295458
-7.291877 -41.62909
73.345814 -0.994391
9.651226 -20.316367
68.619294 -8.505475
79.264725 -15.211167
19.856585 -18.385577
-4.642806 -37.057518
8.646306 -31.699181
16.253803 -33.117506
