//Synthetic=Synthetic_00662_J80

J=80
MT=20
Vd=2
Vv=1

p: position coordinates = 
0 0
29.833031 -4.564314
4.166902 22.277834
35.679378 -81.040322
25.911708 -78.563244
4.757637 27.261102
36.625124 -79.11881
-1.080064 -85.533437
57.465247 -61.415215
13.166228 -18.543756
45.889378 -5.931397
45.539661 -46.233948
22.190166 -87.969274
15.10408 19.059461
49.659783 -63.901665
3.134737 -21.333889
13.515916 -88.544689
-16.382422 -61.418978
-9.605064 -46.923309
48.296033 -13.042609
39.896605 -4.136733
7.788535 -64.495329
-4.447917 -74.413984
-54.091419 -54.182634
58.638402 -16.29117
0.830862 -55.874714
-7.734357 -58.573294
16.888895 -74.956804
-11.469246 -2.622192
22.211825 -46.437219
-12.903354 -98.874151
4.248553 -7.959491
-13.982685 -5.722596
18.042684 -9.500057
9.250004 26.150723
15.777842 -0.285168
-39.90273 -59.320818
29.363408 -49.713063
61.200455 -64.242609
8.152194 -100.123535
-56.432448 -55.19681
1.28962 -88.471781
14.50651 -105.82658
-49.255283 -47.67208
-44.609375 -39.206452
59.581379 -69.880707
1.2201 14.349573
-4.929462 -50.340178
68.517811 -55.589835
-23.279957 -4.492027
63.729302 -58.638599
-20.018215 -45.08934
-22.266539 -51.018323
84.011196 -50.96507
0.372443 -35.606552
-16.084965 -78.819707
-4.941375 -99.199217
-61.844612 -53.273774
-16.523627 -26.933074
8.962079 -10.021312
13.288347 -27.026995
-46.024797 -25.251211
-47.199935 -38.05397
26.506143 -23.046148
1.254232 -60.755189
35.746202 12.15649
38.524061 -65.1676
-26.753166 -83.042852
10.075554 -53.760125
43.476637 -49.498047
0.190541 -16.483822
-50.145598 -58.672857
-7.985607 -19.39281
44.565661 -43.525711
25.714834 -27.158835
-8.343636 16.945883
-25.44004 -35.375785
58.023737 -45.409156
36.243041 -35.177663
14.084596 -3.61853
-47.076852 -26.058471
