//Synthetic=Synthetic_01153_J30

J=30
MT=20
Vd=2
Vv=1

p: position coordinates = 
0 0
23.291209 23.310733
14.527507 29.848346
-6.434489 75.391061
3.51433 70.029389
-18.544854 56.081398
33.868368 18.784308
-44.538651 61.251102
-53.319334 50.825172
-12.814484 74.336722
-11.751603 -14.688739
-49.67128 47.366649
-13.194647 46.459358
-4.153284 45.41709
16.775806 65.870502
-26.90427 60.196536
-37.719383 52.712738
-36.850613 27.323048
5.856891 77.934771
-11.318977 28.040651
-42.094372 25.08579
23.694364 34.109243
5.649699 18.00051
17.185429 10.297342
-15.874995 63.189035
-16.262183 21.292476
8.804597 44.304614
-28.889821 -15.761089
25.635687 26.474512
-25.371177 13.820384
-40.679201 58.451097
