//Synthetic=Synthetic_01237_J100

J=100
MT=20
Vd=2
Vv=1

p: position coordinates = 
0 0
18.18422 76.103536
-49.897696 71.258474
24.392013 77.67734
-34.193127 57.745454
-50.251776 69.334467
26.047325 73.390166
-42.461672 62.824712
12.772846 78.239946
-44.605541 72.834985
-35.271013 68.902334
-41.261518 77.134306
-42.702747 68.527263
29.322933 68.8915
-38.757681 77.194042
19.568116 73.801816
18.271188 82.047251
25.413661 70.124319
-41.504869 52.941566
34.385736 81.660213
23.168172 65.140097
-44.657764 60.635027
15.807977 70.494879
-42.556273 63.992604
26.318156 72.943762
-49.57923 63.281584
27.987846 68.432365
-41.732754 68.313125
20.962673 67.305456
-41.003666 72.486163
-38.025857 72.194255
25.502855 64.831365
24.736485 79.592642
23.975115 66.00699
-47.311873 67.603483
-53.672344 54.390126
-48.73886 60.977704
-45.803727 73.90982
19.403107 78.986814
-37.215843 64.947702
16.633614 82.753373
-40.380222 61.214183
-34.888103 60.632258
-39.065688 70.349104
30.139055 81.845273
20.367079 65.020863
26.159006 75.114008
-36.80162 68.052131
20.577464 60.892546
-44.567176 65.630803
39.399146 79.564745
-47.045827 70.636842
-37.971789 63.655339
-47.379929 75.823904
32.557762 75.261289
-37.732975 59.044765
-36.64594 66.157915
20.439703 76.491941
-32.159116 71.309879
-40.555355 73.48596
20.711521 73.002754
-47.812067 72.650979
-41.294831 72.330404
20.566606 78.382233
29.58487 62.118758
-34.109706 59.889643
30.798437 80.438847
30.990185 80.836266
36.411865 80.981207
-36.031893 75.946901
29.550993 70.641379
-36.515529 55.427666
26.437996 81.143097
-37.951208 63.14307
28.228789 87.267554
-50.786052 67.546119
-28.962492 68.150813
-51.889904 77.352916
-41.077158 81.325924
-41.032822 70.429794
12.722168 63.710987
28.48239 68.142996
18.973212 79.747007
-55.166335 62.132306
36.431104 76.010151
-42.323223 56.879632
15.174864 68.501406
29.562645 82.648845
-40.27485 67.834248
-36.166393 72.232206
-45.903466 61.911654
-36.126694 69.730664
-40.296576 71.011098
32.466438 69.652291
-43.421825 76.166825
-41.184613 60.058069
26.075489 65.509601
-29.811015 80.001068
28.975311 68.518951
15.807987 77.031118
-25.656814 56.503125
