//Synthetic=Synthetic_00963_J40

J=40
MT=1
Vd=5
Vv=1

p: position coordinates = 
0 0
24.907483 3.940135
11.199984 22.340351
36.230153 -10.151
9.391205 10.59521
39.196762 -5.10643
34.949801 -16.156792
30.375417 -12.240384
21.864555 10.675863
20.582719 5.16651
14.60913 4.004636
29.612207 -20.729928
15.541563 1.731036
16.243631 6.161802
14.17935 8.811182
32.483741 -17.435383
32.385933 -18.390716
14.016079 8.221777
13.736155 7.673689
36.509797 -19.264078
24.564756 -18.286275
10.972386 13.533773
11.030892 3.981756
16.540504 18.990017
21.826565 4.717471
20.325083 8.239789
18.626215 5.299619
28.726386 -26.722153
33.366728 -10.574902
15.240149 3.607176
18.36022 5.507983
34.764125 -22.375431
34.630175 -19.379686
27.737015 11.969163
27.337845 -21.574623
27.328861 -18.618052
26.362361 -11.9681
16.930952 10.489644
13.677887 11.604179
24.23259 -15.767633
30.26766 -18.523656
