//Synthetic=Synthetic_00993_J80

J=80
MT=20
Vd=2
Vv=1

p: position coordinates = 
0 0
16.061963 9.043809
4.29401 2.229468
45.443335 28.899188
35.817739 -8.235801
17.289087 -18.7411
45.289262 48.507857
-36.438255 57.098577
3.713036 46.289806
34.230648 -11.939782
-40.479592 20.833772
29.309148 17.601703
-8.052347 27.931713
-3.026598 12.690919
8.417458 40.90564
33.792353 57.601878
48.147561 -19.876349
23.099976 49.454489
13.597887 26.931273
21.625256 -6.145177
-24.439161 43.023628
20.613439 12.816074
38.479949 29.045176
-32.178603 11.524101
9.134867 -31.135938
1.629732 0.733126
22.701012 37.846855
-22.37677 48.998205
15.717213 1.952126
-31.899726 42.138194
24.551426 -13.907165
25.892419 22.61118
22.68595 -23.249879
-8.468597 -26.119645
-27.008183 -4.530779
13.855249 -10.061559
19.573714 33.225821
32.763305 2.996326
17.055965 5.518459
6.891904 8.626305
32.018531 19.858089
39.501154 55.577208
-21.633464 52.707475
-1.204815 -31.138194
36.697084 -19.252228
41.492844 -6.139816
5.702591 37.059021
-31.404881 12.393585
-6.700352 -9.516676
50.688094 -20.330539
37.965515 -11.930208
-33.539413 11.829061
21.026038 41.450416
8.861435 16.236061
14.518666 45.839571
12.047383 51.274265
-33.102373 -25.692013
-1.47274 46.828291
10.571545 -37.203064
-23.203599 -26.82541
9.652725 9.883703
-6.673548 -46.317597
-13.098611 44.775283
19.481312 39.291896
-12.268478 11.505337
9.020052 3.473424
17.115462 -29.208846
26.367174 19.665415
-27.48482 -32.422374
-32.198036 -28.161371
38.801814 3.876331
5.692593 50.242905
-12.510391 5.780402
6.464284 8.080941
-18.377491 -14.789741
31.788693 36.085023
35.776592 44.381005
-39.287361 12.178941
8.582947 -6.574496
13.551666 5.398787
-40.698431 43.408662
