//Synthetic=Synthetic_02088_J40

J=40
MT=1
Vd=5
Vv=1

p: position coordinates = 
0 0
19.035767 -28.852022
23.750518 -3.91517
-42.987026 23.507448
-15.506531 -7.623889
45.84947 7.469155
-20.795407 -37.115283
-28.532682 -16.383039
13.863303 -38.472434
-27.171142 -54.299308
21.30666 -7.443816
-12.507874 -30.070912
10.726983 -14.776115
-43.825767 25.23168
16.147072 16.237987
11.969719 22.404954
52.125817 -22.687872
-7.427706 15.292447
-43.533645 -12.129859
24.68105 35.537568
19.841773 5.874623
-6.981309 -50.118665
29.983463 17.548604
29.799278 -13.757291
-32.231397 -53.077528
-8.536519 -33.925832
-7.855414 4.416865
16.986468 6.138841
20.162547 31.423123
-14.11198 -49.046993
-52.704772 28.853476
9.721491 34.141622
-34.869758 -21.562407
32.666932 -6.382166
-4.131103 -16.567244
32.280699 -16.024219
45.443227 -25.553451
24.438892 25.973671
4.881058 -27.20676
-6.303864 -9.026169
-27.211018 -1.990313
