//Synthetic=Synthetic_01313_J40

J=40
MT=1
Vd=5
Vv=1

p: position coordinates = 
0 0
9.486304 -30.168027
-7.941575 -11.010038
33.682522 10.472794
44.37568 44.632084
40.597347 40.645939
-7.325422 6.517417
-36.420768 -6.692199
-5.358963 -40.86682
30.572778 -51.878353
-37.165113 -18.064186
45.134092 15.836736
-8.721162 21.636109
14.079403 -56.088227
32.441097 -31.772883
-1.962565 -44.306232
-7.032029 35.166794
43.787791 6.928282
-11.493179 -26.612651
-39.58851 -4.874697
35.512088 10.886657
39.157899 -7.7303
-24.86804 -11.427149
-11.978446 28.143438
25.048624 -36.810328
-3.825882 -35.16165
12.873984 -22.809516
40.007108 22.019126
-41.049928 -20.310424
-25.019451 12.49113
-43.615666 -2.754994
33.720403 -48.867921
-21.868437 7.119724
13.328012 -38.910852
-25.568572 -20.84723
-34.476042 -23.703431
14.614838 -48.25689
7.946001 -32.214065
24.402841 33.434672
-18.867887 52.399863
-7.295215 -31.711748
