//Synthetic=Synthetic_00312_J100

J=100
MT=20
Vd=2
Vv=1

p: position coordinates = 
0 0
-2.658639 -27.814561
72.104437 -42.982639
51.062559 -6.114752
37.567083 -63.246534
35.931556 -80.949939
-19.126792 -88.336093
11.159652 -17.955668
64.816125 -7.797301
-20.197926 2.597124
52.772107 -3.747744
16.555862 30.407248
64.461969 17.863419
40.930377 30.001245
1.820534 -9.744741
-42.619225 -33.105917
39.796336 -4.948427
24.177541 30.788252
55.957497 39.586706
36.135434 -86.225057
34.735835 5.793038
54.419688 -76.416236
-30.934345 -15.807327
27.575114 -52.696703
84.169149 -69.54567
69.8553 -50.287953
70.138097 -6.844798
71.034849 -76.434193
55.430378 21.272273
26.35731 -43.298418
22.246958 -27.214108
55.227668 -11.740166
39.048576 3.493474
73.508158 -59.885485
-15.403981 -20.994218
40.170969 -41.38685
56.803991 -47.231381
47.834635 -59.402141
16.838615 14.175294
49.720418 -14.168335
42.828061 8.933398
0.15467 -29.431497
5.716668 20.933286
7.29108 -0.022022
36.006024 -72.430755
47.739713 -8.615862
57.296456 -25.48525
83.433003 -48.994129
-25.785626 -53.362007
53.860872 -40.568111
17.337834 11.551724
15.498592 -71.32537
68.575888 -7.982383
-31.883995 -24.457954
-24.149998 -73.525244
-1.626895 -8.263763
16.363889 7.247823
32.897416 -72.489486
51.591173 17.532241
34.291237 -50.313716
33.332858 -56.262549
24.996017 -71.927449
-1.957411 -89.451034
36.325194 -53.344145
63.024995 -52.740322
10.251957 -63.755084
-7.786401 -78.39038
-30.654953 -63.824292
67.907582 -66.665192
-20.202947 -4.02159
37.286961 -79.267543
27.209317 -55.984377
5.475538 -27.771604
-21.509996 -2.895372
22.26201 -35.295994
46.854773 -57.055785
2.075618 -75.064021
5.215439 -26.065071
33.152397 -11.27716
49.495111 0.244111
1.220332 4.882958
14.910574 -59.946854
0.722372 -18.305477
71.721194 -20.139096
45.551802 -5.24344
35.398819 23.19373
39.059592 -64.01116
-44.368058 -16.773232
26.007098 -41.480593
71.962669 -30.214748
31.685619 -83.620781
-27.713035 -28.335933
-14.357148 -24.209941
17.295072 10.435466
33.699689 -40.735523
-9.502831 -14.568036
-34.57829 5.528904
-6.99194 -41.211228
-0.172701 -33.076223
-0.990503 -11.131103
14.429311 -20.546882
