//Synthetic=Synthetic_01741_J100

J=100
MT=20
Vd=2
Vv=1

p: position coordinates = 
0 0
22.616349 -60.978343
-4.390985 -59.961486
0.548365 -53.550851
12.600823 -60.914403
33.642819 52.155322
30.988532 54.586375
24.259581 -59.775485
21.551804 43.545939
2.396647 -50.130798
14.347125 46.607617
37.188966 43.262816
9.70098 -51.401187
17.486209 -53.072252
17.853125 -56.73941
15.80079 -64.393264
9.821689 -39.919295
34.568953 47.360863
12.471605 -45.183463
36.369802 53.400894
3.729591 -50.11979
18.353869 -54.301042
33.231998 55.982084
28.134967 50.422758
6.980403 -50.080668
3.237959 -49.028814
28.229964 -42.93819
9.437711 -46.077808
23.463292 -51.743167
18.8267 -40.169878
19.621536 -43.403101
35.558046 47.97564
27.169542 32.163351
18.007654 -57.588115
13.320601 -65.751867
24.051481 -56.111151
27.750529 48.002277
33.408246 68.2861
35.140906 53.115388
0.753589 -45.893932
2.804075 -49.071396
14.519342 40.45813
23.670304 44.864589
-10.138746 -59.995362
47.73784 51.075666
16.070885 34.022604
33.901222 46.090347
11.936493 -48.309189
32.951101 41.518614
40.009089 48.328305
6.272648 -46.653233
20.790285 39.285858
28.020636 39.486809
16.388499 47.831193
36.985533 47.754206
37.438292 45.107835
16.454263 54.518356
36.778617 49.058459
7.491184 -58.126703
7.728451 -55.589566
33.900222 54.462639
17.817455 -60.996855
33.580848 -41.010994
34.169157 52.749174
17.173605 47.185824
27.226327 -51.493148
29.467599 48.042866
41.547849 58.05404
35.775982 27.799212
23.145011 48.128159
21.699815 49.359742
19.358923 -53.6512
34.157845 40.104681
2.165169 -58.189285
35.833286 51.429625
16.753023 -52.633999
8.736329 -57.766909
28.457189 61.176726
36.152438 59.245903
22.014548 -45.796956
36.051102 54.584346
19.896265 54.476394
9.676695 -54.481116
8.032767 -58.388457
3.141935 -64.642823
25.964757 61.155136
17.276565 -60.515069
40.172042 55.997693
26.169152 44.524896
31.213885 36.94969
5.903554 -47.081097
8.89216 -62.659165
27.955995 53.982686
27.74389 45.68672
7.731685 -47.46232
29.495856 -48.864973
38.483142 33.738776
9.253648 -49.147652
24.250241 47.595081
37.780838 53.013023
10.868837 -48.523195
