//Synthetic=Synthetic_00898_J40

J=40
MT=1
Vd=5
Vv=1

p: position coordinates = 
0 0
15.346198 -47.547138
21.664024 7.747131
40.639282 -6.302417
24.20558 4.221494
-25.255171 15.385951
-22.18977 37.306206
17.688515 7.294006
-47.783227 -20.059796
49.35089 -10.696578
-27.861191 -9.985121
59.330632 2.964713
-1.802179 22.82862
28.077494 -19.849612
21.710066 -26.990153
-9.356786 -37.282798
6.606286 -18.424209
-42.001882 -15.265276
-41.813219 8.64642
-59.350452 -9.738935
-13.021647 31.537917
4.836538 -45.88541
-54.120583 -6.821296
-33.541549 -6.921522
11.631897 3.006462
19.645907 -20.878424
-30.498383 -17.314523
-13.041987 -36.793873
-42.133972 2.677281
-2.218646 -30.898894
-34.134169 -9.6651
29.221413 -18.462209
-17.755882 5.553163
-3.340904 -1.183426
11.223973 9.407771
-18.987759 25.143346
1.848885 -39.376531
47.34523 13.935389
-20.39439 19.783882
9.772104 -31.360077
-29.674256 -26.314482
