//Synthetic=Synthetic_01088_J80

J=80
MT=20
Vd=2
Vv=1

p: position coordinates = 
0 0
61.453731 -76.37863
-25.375089 -26.87907
49.848251 -3.202466
83.325993 -52.235179
0.675656 22.263243
55.277897 -73.610385
39.716892 -49.520128
76.577187 -64.65314
24.636099 -9.09699
-9.283185 -7.518013
35.90568 -46.331977
-3.716493 -61.763018
14.438072 -50.362741
19.164337 -29.837724
67.739665 -60.78385
5.526528 -20.672821
14.634467 -63.498641
-17.464413 -38.883578
57.667172 -38.465721
15.917582 -80.662676
-15.719838 -60.80739
-31.372415 -50.623581
-24.076039 -52.627587
10.836831 -35.756539
35.94554 -32.094061
-3.765473 -9.844185
3.576075 -76.555144
64.623527 -16.390167
7.411197 -23.579293
59.341428 -50.549971
40.414438 -8.076558
72.628233 -23.853686
22.208591 -33.755648
26.938652 -4.913086
10.803361 10.495804
80.743469 -35.225208
-37.6578 -59.946342
14.524256 -59.07066
42.360528 -89.846509
69.320085 -77.855524
-39.03527 -67.081488
24.829618 -86.958399
-4.901154 -50.470126
43.568444 -16.810658
11.126 -71.439292
-4.591779 -73.012933
73.238284 -5.581575
17.877408 0.419583
56.83465 -26.610478
74.724046 5.573175
49.349153 -77.028869
-18.263843 -23.721303
6.320706 -0.302142
-8.536968 -12.455442
20.344379 -60.329291
7.327484 4.901795
23.381828 -2.467456
-32.669784 -76.182368
55.840474 -3.204793
8.818778 -67.454286
-10.706955 -42.050433
65.510178 -20.434118
40.13263 -28.606724
7.318557 -34.349109
62.716439 -4.130756
-1.074956 -9.924293
46.268413 -28.298568
1.227773 -21.597852
-25.694793 -33.315443
63.882534 -58.034307
74.526337 -74.064927
23.217939 -22.506788
-4.384193 -37.476947
63.723709 -50.789217
24.131271 -47.299944
49.817611 -56.332468
69.987015 -92.55834
22.590052 -75.451503
47.815438 7.030056
36.531338 13.332639
