//Synthetic=Synthetic_01887_J80

J=80
MT=20
Vd=2
Vv=1

p: position coordinates = 
0 0
-58.457301 44.080359
-61.31257 2.765835
-30.738357 -15.433387
-60.521618 42.701843
-59.387031 52.791102
-75.140196 45.745656
-36.687689 -19.560265
-0.036572 5.90308
-19.397371 16.413246
-53.929556 38.134246
-28.900941 -22.185795
-73.758085 4.316697
-7.415576 36.950945
-59.075514 10.450883
-33.461366 31.427915
-71.994448 -3.526362
-32.177897 49.900271
2.619765 28.819664
-42.827057 36.12832
0.163208 -3.450783
-52.916497 36.882834
-18.82877 -16.918042
2.396787 37.420228
-26.173822 16.178998
-36.774339 -21.59845
-25.183496 36.905341
-37.786783 4.87068
-2.803559 -17.314706
-22.611977 26.450848
-24.45717 30.299836
-33.345975 -23.501546
-52.806037 45.815087
-40.294866 -3.850729
-72.359009 -2.541112
-29.547881 39.651517
-24.241404 -11.739687
-58.026971 4.695508
-6.250595 15.995757
-18.047155 13.636313
-36.729792 9.480513
-41.526801 19.92458
-55.277278 -3.735074
-81.475402 47.568314
-42.007815 0.952933
-63.549492 53.206055
-56.260369 -19.507175
-61.600579 30.231418
-38.539343 13.351477
-68.486109 4.659645
-18.942682 40.273468
-70.408544 -26.080706
-14.005965 9.11706
-48.37809 49.894385
-44.928215 -23.328193
-4.851492 -23.70641
-17.677577 8.552783
-28.541949 26.279058
-39.614118 21.732349
-16.439927 -16.646115
-43.213695 2.475748
-9.548496 -4.113138
-57.164134 -2.307463
-7.482755 -32.693588
-15.380919 23.539163
-13.07319 34.578215
-19.953545 28.802293
-12.191121 48.681362
-34.744735 -5.373581
-64.048984 54.988253
-11.3336 44.965384
-41.750412 33.699141
-50.765903 4.224207
-35.330596 16.84111
-31.226033 29.230229
-8.999936 19.988269
-10.996299 29.426233
-36.801014 -13.6612
-6.986816 -5.429549
-6.401076 50.556557
-56.923265 11.407231
