//Synthetic=Synthetic_00214_J60

J=60
MT=20
Vd=2
Vv=1

p: position coordinates = 
0 0
-51.627565 4.114595
-13.524371 -25.067071
-53.020194 -27.762153
-36.08582 -37.384384
-90.328579 2.120426
-47.825862 -72.611445
-55.015503 -46.359301
-74.182831 -63.548368
-43.497064 -18.850511
-23.562893 0.832687
-27.655018 -21.411711
-78.415355 -8.389466
-43.592008 -44.737061
23.073043 -15.751499
-88.546912 4.398611
-47.972563 1.943387
-45.836826 -13.554442
-70.023201 2.013372
-44.100047 -21.997687
-72.877539 -9.377823
-8.707874 -10.656513
-46.876401 -37.668389
9.688205 -17.487919
-23.495084 -31.911312
-35.03255 -22.130475
22.205498 -11.090941
-69.241689 -52.474101
-92.409061 0.078441
-27.767401 4.247664
-33.952135 -38.031177
-45.62346 -39.287776
-40.747965 16.906387
-9.113689 -65.567559
-22.775915 -67.558961
-40.421618 11.674294
-2.391765 2.618192
-25.930378 -64.14742
-64.479834 -68.406952
-3.905086 -54.920268
10.952075 -72.774443
-19.275674 -61.836129
-45.571765 -37.682564
-58.567383 8.278768
-68.793078 -71.013228
-61.176387 -1.113268
-13.457319 -17.795327
-72.875222 -51.352536
15.750536 -18.733534
-11.781072 -59.990388
-48.810822 -11.770997
-18.803182 -60.375571
-15.08121 16.724933
-10.231625 2.236131
-70.836005 -13.69401
-22.949899 -67.092103
-25.839646 -16.681023
-16.792247 13.707617
-44.910712 -15.068907
-65.471504 -46.41189
-30.790469 -24.297112
