//Synthetic=Synthetic_00465_J100

J=100
MT=20
Vd=2
Vv=1

p: position coordinates = 
0 0
-30.282987 11.15155
-37.628789 27.979334
-25.506044 14.365233
-47.266146 -5.270596
-45.827215 39.965669
-37.772864 -0.491219
-31.581185 27.086043
-51.172503 -1.216613
-51.238338 -7.980442
-30.583221 29.486228
-38.611073 6.037388
-32.50766 19.532234
-40.751189 -11.144835
-37.693381 0.40043
-25.48678 20.156554
-23.461507 30.811345
-39.129991 5.449093
-44.735542 20.922455
-29.863072 31.117738
-27.289374 23.035732
-27.638584 35.44868
-38.110872 12.797191
-31.236224 34.87004
-28.586366 27.80864
-40.667906 20.590756
2.403811 77.747747
32.537141 75.821538
-34.678604 34.867097
-35.137557 27.685425
16.002651 72.365537
-46.69071 -13.063933
-34.019784 1.504315
-43.845112 13.142454
-42.102898 -16.810866
-36.821127 1.535425
-46.08781 -13.643177
7.133891 70.727051
7.032978 69.241467
-33.947018 24.481084
-43.361624 6.691591
26.235006 53.37672
14.682803 77.014667
-48.129513 0.389929
7.097547 57.49457
6.590963 61.59693
-42.126005 -5.632004
6.025913 74.164697
-38.802029 16.52205
-36.363531 9.988255
14.787419 62.538699
-37.235195 -0.296653
-31.000163 26.343857
-41.402533 10.854676
-33.669712 36.483608
-51.507317 11.444625
4.392717 75.58154
-52.737411 20.388554
-25.776379 15.986057
16.240303 60.215379
-42.55419 -1.92233
-24.112371 28.971119
-46.374591 13.765314
-25.080033 7.713761
12.929675 72.337601
-37.982466 17.935268
-50.910429 6.737008
-39.386117 19.139307
-42.802972 13.997359
-56.445818 5.058063
-35.948415 32.072435
7.395866 54.806268
6.728432 59.109473
-37.352279 28.483766
-51.533064 -1.452446
-39.076739 38.445441
-31.622987 39.494083
-34.876608 -3.542336
-45.461209 6.566403
-38.542995 28.360834
-46.738197 -3.007927
-24.082617 -6.091633
-58.960983 26.033813
10.3006 50.685247
-35.998504 22.101221
-41.397342 17.753038
-53.642353 5.292372
-43.940674 30.922301
-26.261616 10.217854
7.132448 64.015275
-51.270993 4.307533
-38.703728 17.380058
6.556874 69.820348
-45.396693 28.994152
-28.131322 31.628996
7.412086 64.435373
-40.742509 -0.430758
-49.445073 1.63578
18.175796 68.334284
2.074858 49.22085
-49.715596 9.470558
