//Synthetic=Synthetic_00911_J100

J=100
MT=20
Vd=2
Vv=1

p: position coordinates = 
0 0
32.372987 23.306459
-4.453223 -29.305917
-28.820589 -2.033951
-2.687859 0.936895
-36.214119 -5.379763
-48.367368 14.834248
3.212986 15.482874
25.793684 2.111758
17.103548 -1.717666
34.257928 12.191835
-16.50987 -54.15304
-4.169828 -60.385793
-42.010534 -10.192904
38.908501 -1.600416
13.204973 -0.239884
-34.028899 10.220973
10.557802 11.933939
12.87882 -29.604307
3.340427 24.575181
26.924288 23.330049
8.876942 -28.938981
-7.348441 4.369829
-0.620181 -22.960082
2.078746 6.504418
-39.788741 3.929501
13.228655 -4.72734
-16.955746 -51.934611
-5.724228 -23.422492
-19.109602 -25.196915
-7.706993 -15.411826
-3.313076 -7.639425
-4.248441 -41.270203
-15.121362 -3.293933
-6.869662 7.964697
-58.104706 -4.064623
21.940833 -31.013866
21.580704 18.321839
-11.262668 44.849776
-45.406704 10.062403
16.025597 0.577015
-3.355077 4.128402
10.589656 -42.106413
24.407153 40.961143
18.835024 19.238448
-5.209687 64.955861
15.538365 -19.829615
-9.263587 -42.032375
-19.829267 22.41724
-27.693105 2.491758
9.965389 53.829155
-28.159365 20.906613
17.671571 4.139386
-22.172127 11.435255
0.934611 13.249363
25.486991 3.299329
-22.700284 41.848259
-46.890541 33.386405
-26.753556 -45.309095
-58.125161 21.195192
5.523213 51.428665
16.642015 -19.018455
34.066695 21.603161
6.186164 21.751438
-45.475656 2.74699
63.390582 -6.745624
-2.351312 -20.771088
-44.159466 -21.119886
-37.011774 -14.217274
-14.813738 44.535683
-2.586737 -40.148632
-0.743171 31.53104
18.061792 4.164138
46.812689 0.023067
11.279563 2.145879
-9.299105 25.22257
15.094551 20.979801
19.488281 9.241082
27.29101 -20.902274
-27.952802 19.154642
36.497278 -17.405165
10.4724 -40.125224
-6.672492 -42.393938
10.955175 50.548983
9.146726 35.028307
48.066714 -17.498536
18.536312 -0.252052
-42.452611 6.243739
-62.033768 10.115641
0.370937 -48.139656
0.15228 -30.256436
13.389459 36.873048
-25.634342 33.666167
-11.579983 14.470795
-2.435711 -56.06973
-8.092575 -21.044839
-43.991189 -9.546216
45.548785 -9.133234
-33.274776 7.95043
-48.142797 -19.706262
-9.814993 42.010881
