//Synthetic=Synthetic_00026_J80

J=80
MT=20
Vd=2
Vv=1

p: position coordinates = 
0 0
-7.883991 -0.618224
-10.793461 52.524313
44.907031 7.91408
52.535682 21.85081
11.172106 43.547775
-6.591469 9.498652
-14.126966 59.6994
44.439976 -8.279734
-4.290621 6.056109
7.668828 23.18382
50.463204 31.479613
35.496063 52.436322
42.539307 22.562103
-2.165313 38.443541
2.110265 15.818578
-7.1999 16.73052
30.934058 27.46336
-7.085078 37.274672
11.82715 -5.00299
-4.668943 1.543993
37.224714 0.258637
34.056826 -16.264709
45.967886 7.999736
31.057919 45.868964
-11.541664 44.446814
30.04902 -17.506174
9.710276 -6.217964
-4.494913 2.052852
45.635102 40.669944
48.823328 -19.938599
-26.290404 25.773962
-9.488829 32.221965
49.132645 39.901466
44.155355 24.647361
-21.291188 34.141277
15.847793 4.025809
29.004175 5.464575
40.608768 -1.117355
-8.001201 0.567567
-10.475594 -9.048918
-4.614996 14.417848
47.417985 26.739742
15.694379 3.574334
1.445311 10.026241
12.902645 20.879982
23.644647 -5.590316
32.241781 57.808168
-23.087712 53.424296
-8.350806 -8.757861
52.031006 0.440964
-17.314843 22.214579
39.626247 19.019665
-14.070324 50.43655
-10.29095 29.374031
51.884953 35.804769
21.645444 -1.07845
47.931695 39.215613
50.597154 54.370198
39.312867 -17.187346
-2.207393 48.180459
-10.901976 7.960582
48.462968 34.170593
-1.381198 26.456903
-24.718068 0.614854
49.552265 0.20062
31.378316 56.003819
-31.559653 10.023935
-4.467218 -12.088058
56.564039 27.014316
3.855781 70.794106
10.839398 71.859551
-20.077462 18.855658
-10.245408 49.253898
46.218025 -15.158167
6.25989 22.229467
10.508301 14.538864
13.623141 6.673148
42.152235 -0.223042
6.568029 58.345657
36.837559 -8.522251
