//Synthetic=Synthetic_01651_J20

J=20
MT=20
Vd=2
Vv=1

p: position coordinates = 
0 0
40.966575 -77.70101
39.110137 -76.602037
87.097969 -23.128805
83.818911 -24.67176
34.27323 -71.553102
83.702623 -32.773823
100.589041 -14.836077
38.032921 -69.949702
89.444255 -26.148282
92.988732 -13.853385
94.431006 -27.294653
51.16835 -77.742369
102.165905 -17.72876
58.377028 -84.251119
75.73239 -16.997359
91.930997 -25.59786
92.095448 -15.082072
87.855146 -29.396979
42.841987 -66.778307
37.318913 -78.476346
