//Synthetic=Synthetic_01933_J80

J=80
MT=20
Vd=2
Vv=1

p: position coordinates = 
0 0
-40.789624 9.529819
-55.23182 13.123917
-13.881999 -8.353335
-52.054927 -22.624603
-43.724999 -20.285695
-25.675569 20.503951
-14.449497 -8.37367
14.909268 20.542923
-30.770359 -37.625281
-28.439673 -11.064994
10.970314 -22.581318
-34.645482 6.441515
-26.577321 17.812211
-4.021308 -65.541648
11.504519 17.345032
-1.546471 -42.713155
-10.783586 -25.337134
-48.512274 0.049031
5.18955 -29.424011
-2.27057 -5.786555
-25.977377 8.463267
-21.220584 -48.613106
-63.082401 -31.931613
-10.1949 22.353796
-24.201579 -33.471367
-47.858595 -42.020885
-13.91388 -5.118295
-8.148892 -7.509005
-50.534774 33.979945
-25.525991 -51.318674
-4.406999 -64.662896
-49.002639 17.36403
-48.476429 -6.05707
-57.664124 25.449865
-58.775282 -18.369252
-14.358084 -1.961066
-10.090889 -8.86732
-9.825228 -35.081577
-9.958228 -19.872464
-5.886584 16.042085
-15.20045 9.215305
-19.257923 -38.02112
-9.006047 -46.156899
-36.173958 -29.361385
-16.07666 -27.844039
-53.687085 -43.401708
1.142656 -45.587499
-17.56956 -43.065479
2.876647 -48.688629
-52.514043 -13.292082
2.7759 -19.259381
12.396973 16.990758
-54.350325 -31.966661
-28.540914 -10.34919
-16.700482 -9.282459
-40.994418 22.596356
-44.311869 -18.869422
-4.502066 -19.130489
-5.311032 -24.163362
-54.51533 -31.013961
-64.341301 -42.184881
-15.038621 29.810456
-34.669433 -21.12535
-17.490315 -31.292554
1.208998 -60.698421
11.95156 -50.590807
-39.170108 1.022961
-8.959582 -8.411181
-47.075882 -0.607666
-0.915738 -13.41713
-13.12056 -18.870953
-27.112616 18.857862
-8.462727 -27.839136
-18.032885 -6.565088
-1.545323 -13.959876
-29.974871 5.553348
-48.326096 1.948223
-20.516626 -56.84093
-32.275957 -33.92636
2.439385 -26.8107
