//Synthetic=Synthetic_00869_J80

J=80
MT=20
Vd=2
Vv=1

p: position coordinates = 
0 0
-9.399705 13.061136
-28.902422 10.89465
-13.751062 19.87622
-4.693885 18.063749
11.217453 -2.89192
-7.333545 66.121072
38.27512 -2.595364
19.04882 38.295303
-5.501517 55.701512
-1.876141 -12.282591
23.227747 0.436068
45.990062 15.821151
-1.206733 42.868481
29.564237 44.844749
5.301281 75.460291
-4.523898 38.583626
12.323267 32.076221
38.614729 4.698103
16.576008 68.825704
12.737414 -15.467254
-24.418436 40.316935
40.578535 2.238697
-19.133679 -3.527895
5.571961 -8.173229
17.630911 -17.760361
0.898303 -3.279855
-12.620855 -22.580927
-32.47241 4.779951
-34.801545 39.404419
36.884534 19.821946
5.911873 33.602388
6.894459 -6.063576
47.738723 6.243761
-28.949732 45.099585
18.066637 33.450081
-14.09747 53.909563
9.46811 -21.302293
10.456056 70.330034
8.050763 15.477991
-16.588728 14.473672
-3.702794 29.28422
30.103508 56.056682
41.873273 28.887041
10.285583 15.104891
6.437179 38.790985
-19.568142 51.484016
-20.496821 30.317011
6.563372 -12.813137
-18.129616 -18.919016
24.850572 33.92869
28.435485 63.990166
-8.763507 11.664182
12.530706 46.450715
-5.077162 43.32954
24.211588 66.403087
17.988301 -7.283611
-24.121061 52.312913
-13.846372 -6.078161
13.68316 -7.326152
-15.464286 0.125716
22.542183 -4.578507
9.608873 69.976869
18.723214 55.791961
13.091949 9.285695
25.354271 13.047389
-18.764596 24.799866
13.644202 68.333848
-20.873038 36.361049
29.63417 -3.152395
10.948417 17.904803
39.767478 5.162803
4.986411 26.355226
32.724959 24.899699
-41.619875 37.537944
-31.69179 10.721144
50.682899 0.23123
6.118066 -17.11594
31.884674 7.566298
-5.279395 12.381131
-20.583425 40.262143
