//Synthetic=Synthetic_01494_J60

J=60
MT=20
Vd=2
Vv=1

p: position coordinates = 
0 0
-11.150066 -42.989262
18.98785 21.897326
1.444695 -6.55575
5.861946 -62.666612
41.497256 9.536039
1.250876 27.084647
25.744448 3.322886
-11.888541 -14.402595
7.209209 38.842643
27.542105 11.343652
18.363046 -33.921162
11.902851 37.458882
1.078714 26.124858
35.628036 8.518014
27.981861 -53.174903
8.972662 6.68464
21.816114 -28.21269
19.634818 -6.259521
7.45004 6.16056
0.590435 28.688046
17.254837 12.266492
52.369092 1.753642
39.945049 12.399871
11.320564 -37.235458
18.391756 -1.258491
18.647925 27.520726
53.382209 -2.413462
33.84135 -8.276974
26.346582 11.990351
36.569515 -30.64991
8.22626 -56.426478
-7.479983 -22.47309
42.040985 5.961546
-6.553892 -15.560937
-0.491328 25.885333
-10.529029 -10.384117
17.338432 9.258869
56.973377 -4.502345
11.271597 32.564964
4.722679 -53.389107
0.210012 -49.385911
-27.196684 3.618
55.293395 -1.632116
25.341393 11.649839
-0.460278 -7.934405
47.002254 -8.657939
47.052553 -9.684624
13.44936 -41.501751
-21.004257 1.381003
18.289017 -32.592024
-24.64943 -45.787321
-14.631055 -8.149233
37.232725 10.427603
33.175824 -8.444236
0.845391 -38.628973
22.276531 -41.617259
-4.55192 -55.945606
32.28771 -2.089758
-14.54614 -41.615233
32.769153 -8.688614
