//Synthetic=Synthetic_00370_J50

J=50
MT=20
Vd=2
Vv=1

p: position coordinates = 
0 0
23.563537 -39.123238
19.165719 -37.041907
-4.603683 -29.715845
18.558069 -46.381784
38.120858 -50.110225
-14.149516 -31.267289
28.444108 -45.842483
33.709706 -51.988214
-9.358011 -37.821009
-5.680944 -31.367409
1.549249 -24.561171
-5.718615 -39.44769
18.348448 -42.992024
40.648059 -51.07529
19.695328 -47.171834
11.077609 -36.919047
-11.960795 -33.530999
29.996591 -36.608348
28.075568 -46.241735
30.107371 -54.781034
-12.264476 -29.258683
-19.770944 -45.355755
-5.071073 -51.030573
-6.075388 -44.354473
21.494299 -58.783981
16.568319 -43.437365
24.102339 -65.514522
26.065526 -39.432046
28.077087 -50.954381
25.212863 -51.455362
31.619652 -50.157281
-20.953488 -35.322056
-4.9636 -35.235179
-4.019253 -43.852613
18.260501 -36.429879
1.298118 -30.470898
12.151843 -39.851838
14.701032 -49.570115
30.966661 -33.033002
2.6666 -27.120663
3.002319 -38.210673
6.556793 -40.649846
9.626467 -36.885892
-7.862935 -41.527656
-2.080626 -31.390687
-12.874931 -39.298661
40.933169 -43.843493
27.124014 -51.748513
12.967853 -48.004084
26.568208 -43.453767
