//Synthetic=Synthetic_01240_J30

J=30
MT=1
Vd=5
Vv=1

p: position coordinates = 
0 0
1.823392 -1.099904
16.124018 29.944968
24.629902 42.482814
38.285472 -15.39773
-1.103752 39.379234
-34.890843 35.344398
19.288485 39.104646
-45.217206 -0.857458
51.870048 -34.98693
2.023888 24.840307
-11.528308 0.429149
12.700484 7.196736
29.725022 26.137522
15.922582 -38.683769
32.342523 -7.276205
-40.666863 25.993828
-45.743993 5.835159
-33.076988 -8.181632
-4.241325 -32.070995
22.317004 11.841368
31.300255 21.693019
-22.400934 34.695999
-38.863291 31.185759
-28.780414 -29.119668
23.243015 47.164788
9.482767 16.199549
34.26086 22.905206
29.482438 0.785844
-17.439399 -14.694525
22.897624 3.991383
