//Synthetic=Synthetic_00518_J80

J=80
MT=20
Vd=2
Vv=1

p: position coordinates = 
0 0
-56.353571 13.42803
-48.128777 42.495928
-31.81921 37.353502
-3.21203 17.316325
16.753307 -22.827198
11.062567 53.254361
-22.354134 -28.414233
6.56745 23.708598
-38.126302 2.8163
-41.381081 -25.934438
-7.76454 19.444657
-0.904447 65.132028
-40.156188 27.56328
-45.919353 -6.980193
-61.331281 -36.926399
-59.39633 22.338935
9.93103 -19.935945
4.381739 32.204833
6.041992 24.716046
-50.603264 -7.274456
20.989308 14.40092
-4.940949 65.186406
-42.80448 56.736048
-39.565436 44.67625
-65.275494 44.287225
17.72021 -22.348912
-65.326103 0.378931
2.511474 54.211195
-9.902936 62.388917
-25.935416 26.585574
-27.809075 8.212208
-14.275336 -19.484447
-22.871334 41.246778
-16.09998 27.74223
-13.469571 14.127309
-73.020494 53.090926
-41.279478 7.530836
-39.397795 45.922489
-41.031997 1.241577
-57.39608 -29.847191
-57.978599 42.942852
-56.578639 56.16899
-16.823571 57.19918
1.313116 46.737215
-61.478996 -5.583811
-15.039629 12.891146
-30.579332 -19.577412
-7.496912 43.918564
-15.97945 9.371639
-26.040115 9.546971
-57.512094 54.931214
11.608176 58.506869
-10.727392 9.613383
-36.901461 -22.068351
-1.022907 67.891309
-23.530077 -12.618566
-62.432601 -7.886452
18.297407 -15.62946
-71.638794 23.929183
-27.041581 11.407513
-16.279211 17.351554
-67.52254 61.005632
-60.408568 -4.13646
-1.854061 -21.654639
-12.632086 9.65169
-57.708854 18.158639
-9.029516 49.313917
-21.941992 16.876574
-47.083674 -13.610951
-71.592761 -20.084332
-9.205104 5.242661
-58.383247 2.531396
-10.85415 52.807441
-59.997594 -20.673897
-28.808632 -17.486304
6.087359 65.169761
-19.317616 52.676801
-51.232686 -24.89181
-16.022417 9.290157
-45.705442 37.409605
