//Synthetic=Synthetic_00950_J60

J=60
MT=20
Vd=2
Vv=1

p: position coordinates = 
0 0
39.010084 -77.235992
-85.988758 13.776476
55.19704 -25.984897
-61.163495 57.63428
23.054155 -85.933836
-70.534716 18.486296
-6.592091 -95.614564
-77.949207 25.433037
-86.850193 39.902683
-7.425314 -77.034104
-65.738671 75.178196
-19.509414 -88.497434
-97.865633 25.479093
28.86705 -81.258883
-9.012313 -96.950121
80.165716 -21.095934
79.762207 -25.393062
29.802542 -88.092595
33.825197 -94.261897
-19.288604 -83.243591
73.321695 -49.843825
77.430468 -29.410983
47.459458 -73.372606
60.592063 -25.940245
-93.580958 26.233032
57.6514 -45.192557
85.05233 -34.098083
-11.039013 -75.797546
54.024667 -72.926199
-30.415087 -77.29661
-15.375457 -74.265595
-80.797674 27.522573
-54.058125 64.273771
-43.360591 77.765734
70.099786 -40.450944
42.681686 -74.818567
48.199278 -70.299742
-9.453955 -83.49541
-19.766823 -75.766085
-11.339718 -77.668753
38.876012 -94.908519
54.034135 -47.992333
-54.478291 75.648575
-51.706036 74.575064
-50.063966 69.833857
81.092358 -50.548752
-85.137183 18.443025
43.147921 -81.096872
30.261819 -89.656089
-11.809797 -87.831813
-87.167814 31.191174
66.400235 -51.777458
-16.680107 -82.521237
-10.126919 -82.85106
-67.837268 30.195959
-82.640404 39.529834
-32.959219 -79.330427
21.731942 -74.010699
-23.022164 -76.903092
-1.906514 -79.754976
