//Synthetic=Synthetic_01111_J100

J=100
MT=20
Vd=2
Vv=1

p: position coordinates = 
0 0
48.278791 8.729298
-26.748058 5.111322
39.111579 -30.71207
41.319616 19.259152
55.366155 22.070105
51.753066 1.204105
34.937164 7.006366
8.16245 27.943739
25.857072 -7.714476
-0.725616 -11.158481
36.039934 19.27745
-27.604652 -26.205126
41.029991 -12.634012
16.909904 11.301127
5.457357 33.846794
-15.295561 -17.882951
-2.703881 -21.696544
49.839141 -32.730254
-19.031781 9.453724
-20.05384 -27.345027
-0.972508 -31.449725
26.794492 4.552919
11.71998 5.547601
47.30995 -26.250604
5.964511 26.163475
-20.481002 36.246194
30.26665 -20.096136
28.440984 14.85214
14.311098 -16.013423
-12.816852 -28.421806
56.56107 2.378342
3.781506 -28.326657
11.726083 -20.763987
16.73113 -16.61387
-25.157457 -32.447373
52.190739 -5.897336
-15.562664 16.862012
60.125604 28.222991
15.587085 31.085039
-26.035027 14.864031
1.490291 15.663378
-30.665892 -20.046257
40.674816 26.957653
27.65601 -11.329661
22.307899 -19.039819
18.901621 -15.062999
-27.947287 7.013017
-3.585299 4.207605
-4.232077 9.312473
47.735086 32.488215
-9.200337 20.681491
55.158233 -5.531821
-24.764592 -20.619444
42.058436 -24.588078
-14.081486 35.982158
18.863572 39.062518
-26.078153 5.22583
-8.627924 28.115188
2.460282 -21.996894
-9.278349 -32.679198
19.178455 -4.42859
7.164791 -0.54878
0.348133 -16.498416
-9.674028 7.44367
-22.70964 13.229828
-14.944612 -0.214694
38.147829 -31.825244
31.153126 -13.689862
-20.021179 -12.653369
-32.065658 -10.169318
17.285514 35.50455
54.679052 34.556447
57.291953 17.686701
13.859901 -4.647521
-15.262268 20.78647
40.791113 -18.50974
-11.092211 20.221475
21.697187 10.200567
-16.33856 -2.004343
-11.406856 22.324644
45.50369 34.448747
28.799684 35.828198
13.016249 -0.428745
10.952681 24.240157
-6.803263 12.164764
43.709103 -28.819881
-1.551045 2.137898
42.171403 5.353008
37.910935 -10.984824
-4.006246 28.264939
13.846131 26.680168
52.740888 -20.540991
17.678071 -1.553043
49.573014 21.468008
8.688363 -9.891286
-28.223926 -19.841205
-15.027649 5.503467
19.500204 11.947171
-26.657891 -7.295828
28.588046 -0.698953
