//Synthetic=Synthetic_00919_J30

J=30
MT=20
Vd=2
Vv=1

p: position coordinates = 
0 0
81.800845 55.749717
76.87382 61.990303
96.380936 -12.614652
96.694012 -14.576597
74.794083 53.883917
92.037153 -27.822807
77.041698 48.419023
75.757464 52.080887
82.204758 53.147323
92.282276 -22.096551
95.167498 -3.668362
84.047897 44.627789
78.050749 51.430465
69.688613 39.42638
81.693985 -6.39101
88.152784 -18.613707
97.935082 -17.742087
93.139718 -6.317999
82.746904 -19.971501
94.882479 -20.194591
87.696382 -28.357134
76.711672 -25.590247
89.049936 -19.155134
93.226024 -12.382645
101.357604 -14.497209
98.165921 -3.220925
90.031952 -13.128241
56.6737 49.404365
91.081226 -13.522489
64.794595 42.816501
