//Synthetic=Synthetic_02005_J50

J=50
MT=1
Vd=5
Vv=1

p: position coordinates = 
0 0
33.729597 -21.321325
-51.664539 34.310287
-45.769074 10.947671
1.48954 32.804122
-12.15635 -51.857202
38.519023 -36.057214
-4.937564 -46.347241
-29.682372 -23.14255
47.851646 -41.12425
12.48186 12.074795
-33.695802 7.760679
-25.120176 21.518359
-26.605506 7.556176
-46.309896 21.714043
-10.043213 -0.500158
-10.010015 -3.814893
31.791508 -24.975153
-53.117912 23.716485
-6.058547 13.791565
27.100849 49.543197
51.086099 -12.20007
26.934618 -30.7886
-23.596879 -16.992887
-31.568935 -48.387932
-30.996708 -41.220268
-37.728245 -51.58154
22.365864 -33.178235
-36.757664 -10.363432
32.33574 -38.488293
-38.356084 -48.140909
-51.051934 -13.987139
38.866337 -43.035427
28.182999 -20.415067
-2.281451 52.891071
38.680949 34.865407
-61.67471 29.077476
37.953447 47.69619
-40.693007 44.371545
-10.483382 -23.914012
27.043041 38.340243
9.028986 -0.989319
-32.200514 -15.556171
-19.052476 -23.760627
14.362912 -39.509617
-54.92512 -0.811699
-41.153814 -30.508734
-8.644476 47.923685
-13.300803 -1.465216
-59.696343 8.616516
52.065915 30.763311
