//Synthetic=Synthetic_00748_J30

J=30
MT=20
Vd=2
Vv=1

p: position coordinates = 
0 0
-13.420183 19.827354
-16.320819 98.936049
18.141111 84.858226
32.371142 73.663893
25.872617 38.468918
-39.117024 58.496245
-11.344792 49.419139
-32.987324 42.511284
54.670529 70.263238
48.374556 73.242615
36.775871 88.135624
-18.70509 90.057569
-18.074592 32.034946
27.339034 39.484392
-3.330801 57.184275
-19.554854 60.797843
-8.767141 11.002062
-29.870839 40.819662
-34.24834 51.789665
21.500155 51.814828
52.219445 26.568311
20.219228 7.429078
39.550138 51.449611
22.55266 122.474252
-3.926134 85.043979
3.914742 63.698868
59.787754 92.438286
2.183537 58.466717
62.997136 28.786776
66.389339 42.280861
