//Synthetic=Synthetic_00753_J80

J=80
MT=20
Vd=2
Vv=1

p: position coordinates = 
0 0
4.971534 96.188555
3.183047 83.156739
3.031784 83.724975
8.196058 89.928594
-55.390489 55.803894
-49.588225 67.764347
-45.052334 63.655636
-37.556734 44.115532
-44.397258 56.964631
6.819022 80.519019
-44.220259 46.96676
2.279059 73.064676
-52.246774 55.759764
-54.074011 58.631844
-63.00392 60.77091
-60.867385 55.135122
-52.560871 48.310717
-57.644496 60.478669
-53.062627 54.067409
-41.362427 58.223099
-5.757908 85.722798
0.417517 86.283178
-4.775668 67.32228
15.842896 77.995456
-49.463329 66.376673
-61.665047 55.450018
-56.102595 56.340211
-55.054812 68.577018
-4.439293 86.495485
5.48409 74.10422
-58.150322 50.384407
-14.022592 84.1978
5.158916 81.953622
8.155961 78.612739
-50.443032 67.467858
-5.781701 85.707913
-53.015412 63.782184
-41.046777 57.503073
-58.580341 60.770467
-0.702489 78.957714
5.609997 94.688444
-50.697714 51.127436
14.677199 78.629243
-2.249327 78.450958
-50.640973 51.938409
-61.63196 66.879968
-3.064536 86.842736
9.459374 60.572511
-58.5971 61.459846
-1.419271 84.056445
-0.361087 73.11927
7.025708 80.497217
2.349089 74.314554
-55.175451 65.836552
-60.358544 61.666975
-35.862221 70.028398
12.652211 89.186392
-52.436721 60.596261
5.627831 70.625276
-48.81597 54.607184
-43.746303 50.841369
3.147799 86.421566
-0.42166 91.863284
6.887371 85.473176
-39.828337 60.289028
4.923018 92.176489
-57.154912 60.276103
-1.763698 82.826289
-50.046042 66.574544
-45.258984 60.836348
12.433166 86.361744
-44.343848 57.941277
-2.025034 90.729841
6.452354 77.281992
8.20457 71.079949
6.995252 95.463471
-49.581255 59.060356
-55.53983 56.437117
-9.263855 86.614011
-41.806675 38.121213
