//Synthetic=Synthetic_01578_J60

J=60
MT=20
Vd=2
Vv=1

p: position coordinates = 
0 0
-38.985227 -78.04069
41.843746 -77.182179
33.45224 -78.069712
41.588619 -75.26604
-43.639618 -60.958645
-45.034743 -61.059887
32.896417 -81.791224
-28.735538 -71.879997
-36.277793 -61.006994
31.933768 -68.356846
41.322454 -72.781244
43.757401 -75.267242
44.199256 -80.15637
-43.07004 -78.508969
35.038718 -66.918143
-35.185404 -81.424185
41.998628 -73.689433
-35.804611 -73.398286
41.440463 -72.709128
49.098141 -76.997724
44.620703 -65.922167
31.757006 -72.4151
47.577705 -73.486903
-38.669267 -67.759108
-37.265168 -69.115876
-35.93528 -73.232508
-35.263371 -73.942425
-42.651498 -72.889481
27.988982 -69.095998
-32.748979 -71.284049
35.371159 -76.563093
43.50351 -85.271121
46.81714 -77.14487
-46.502911 -76.518408
28.337938 -79.652859
45.009472 -76.44221
-44.246442 -58.356599
-33.768005 -75.75181
31.708684 -68.96769
44.010712 -81.424734
38.787802 -73.671812
35.05411 -71.770111
46.190663 -77.298611
-41.824572 -86.561561
-40.331257 -73.703156
-35.61143 -78.150286
40.466615 -69.545451
-48.654364 -73.983663
35.301937 -78.568976
34.483069 -80.613351
39.093517 -76.275298
-29.499803 -69.262779
-40.48114 -52.904827
28.914532 -77.030999
-52.015524 -50.600409
33.795741 -70.052729
41.638737 -82.52592
-41.419379 -62.358416
36.475154 -70.337557
37.349039 -68.378664
