//Synthetic=Synthetic_00866_J100

J=100
MT=20
Vd=2
Vv=1

p: position coordinates = 
0 0
75.990614 65.291372
75.491307 -12.67614
84.184216 43.047657
87.439686 -17.951456
74.988123 54.432553
82.479576 -14.374994
67.161944 40.196241
86.598104 67.653909
95.435947 -17.59805
78.365483 52.528934
54.471699 43.18986
88.497564 -25.730042
81.884928 62.73867
84.919085 53.747602
82.919057 -20.248514
88.726711 -21.895819
76.215732 58.369301
64.433265 33.275065
67.317097 48.73899
77.960313 -6.896753
83.888094 46.334665
66.360762 50.215201
91.661817 -32.498946
94.969485 -26.878564
85.162919 56.542739
68.050309 51.165435
75.241456 49.281248
78.27587 -20.258989
70.669501 46.917887
74.645193 -21.356075
74.194267 40.307854
56.750223 47.511564
85.438928 56.453018
74.035387 40.684826
91.10939 -20.910176
69.838447 48.789578
84.066682 57.108559
84.391083 -18.553085
75.183389 45.147191
77.763886 45.470472
59.945241 50.06829
89.503899 -8.60419
65.217828 48.008636
70.752646 44.789398
64.608046 51.590194
64.555552 42.288262
80.728746 -25.369935
69.74046 53.150022
75.514598 49.627139
84.076669 38.413468
79.777166 59.313662
74.576878 -32.994441
62.914587 45.123921
92.358029 -24.424823
78.018289 39.37263
81.617596 51.775762
68.92977 46.337092
77.939285 59.314725
87.419623 -32.454823
69.477137 51.158088
71.050251 51.725592
74.479614 50.53753
79.714399 46.233992
71.311502 -17.043458
72.010379 59.193977
68.987625 55.018461
88.319688 -18.620611
88.964821 -21.074175
68.242623 50.896993
67.251014 40.409826
81.115342 -33.404839
72.775814 54.826128
60.068831 53.22996
78.725394 -18.746953
77.352816 48.498386
79.536929 55.179209
88.35964 -12.418384
74.722629 -12.176577
81.773173 43.798335
64.363363 55.275061
89.844492 -32.069641
84.178138 -23.307094
80.916991 -25.002457
78.125423 37.724898
81.715058 -33.498442
96.155404 -10.610874
55.941966 50.139423
77.411429 -35.804766
95.836323 -28.871437
74.127434 53.693933
84.56341 -18.126001
93.04883 -22.721459
98.606362 -28.73051
90.919405 -12.517838
93.200375 -25.468261
90.604384 -12.408253
86.564472 -10.060554
57.195024 59.066064
78.043306 44.182716
74.65568 52.806397
