//Synthetic=Synthetic_00772_J40

J=40
MT=1
Vd=5
Vv=1

p: position coordinates = 
0 0
-21.301905 -24.314182
-28.741758 -18.566721
-20.638993 -25.25722
-21.504763 -21.10269
35.394556 5.770661
35.991708 12.443534
-20.593254 18.469796
23.804283 -38.759995
11.807348 -38.056064
13.744206 -43.551414
18.593852 -40.18883
-21.244563 -18.485646
-25.13619 -18.228047
-13.791614 27.278063
-14.953428 15.585654
19.963386 -38.684812
-22.800138 -18.991749
-22.804502 15.583202
-16.019921 16.306532
-29.412183 -22.817115
11.924898 -45.719529
-12.946689 21.534214
44.623141 15.365262
-12.092109 19.283656
-16.015164 17.117277
-12.730029 25.682845
41.269889 12.40243
19.189196 -53.913122
-15.552951 -26.27784
35.310956 8.11613
-18.991742 22.274459
42.104765 19.165002
-20.782162 -22.794712
34.970209 12.997091
21.854305 -42.840562
39.759406 11.678224
-16.902497 -21.602512
-26.527682 -27.115013
-16.846397 23.440272
38.325039 11.741053
