//Synthetic=Synthetic_01348_J60

J=60
MT=20
Vd=2
Vv=1

p: position coordinates = 
0 0
-95.598712 -43.922497
-19.278698 -81.095561
-84.950502 -35.528389
-24.250726 -76.869581
-30.884541 -89.852824
-33.137483 -91.831473
-83.974847 -34.908962
-31.070749 -84.66981
-34.744073 -83.193992
-33.596951 -85.133131
-78.820809 -29.304274
-40.646342 -86.416409
-23.786636 -81.318466
-30.659528 -76.203905
-29.266627 -90.541214
-35.425901 -80.881594
-86.625512 -45.254516
-68.72123 -31.090887
-87.560136 -33.931098
-91.365466 -41.68015
-77.487068 -34.788837
-86.596613 -30.519861
-33.228101 -81.329046
-36.785135 -88.757152
-30.685784 -81.127587
-27.533562 -85.03387
-89.793477 -34.118721
-29.049202 -100.268899
-81.881651 -32.613326
-22.738548 -74.616202
-83.961788 -35.040044
-33.166414 -84.448415
-43.405122 -75.950059
-95.841037 -40.11775
-79.773282 -33.686847
-26.264987 -79.737183
-30.063607 -78.562005
-31.052802 -85.177941
-28.95288 -88.526242
-79.708603 -36.098607
-30.992134 -77.572109
-92.542887 -39.381994
-78.186767 -30.280389
-79.027095 -38.378133
-87.579945 -30.977333
-80.293021 -26.662135
-80.417729 -28.927979
-29.106833 -88.656915
-96.304391 -37.305451
-30.384877 -93.203185
-37.143545 -83.863478
-30.830463 -85.705854
-21.538951 -94.724363
-87.606003 -27.709061
-33.090658 -81.630203
-39.07796 -82.237888
-31.155692 -83.001152
-37.695427 -80.844866
-85.696205 -31.88112
-82.115788 -34.439597
