//Synthetic=Synthetic_00528_J80

J=80
MT=20
Vd=2
Vv=1

p: position coordinates = 
0 0
-34.456346 -7.648222
-19.669452 -1.479677
23.822129 5.364842
-26.33346 3.419058
-40.931908 12.49859
-30.267628 7.376056
-32.820134 6.968719
-27.576025 8.27281
29.869867 2.955915
-30.120869 9.264667
-36.492634 2.366171
-32.850428 -1.596884
-36.266214 4.218935
24.193203 8.857449
21.36042 19.37092
30.378557 -2.023965
26.630982 8.998119
-43.089222 -8.270682
34.682369 0.845913
-38.415858 -0.27891
-35.422743 13.115837
20.258891 3.048704
-20.793069 10.208238
-29.816114 13.957109
-22.415443 7.27321
26.806406 -0.517081
-31.425906 4.138208
-31.155088 -3.070261
28.262331 -0.190299
30.953467 2.559341
-46.115504 15.129492
23.106306 6.827403
-23.652068 3.42179
-24.902209 8.802499
-32.028176 19.594256
-44.681435 5.224383
-19.996361 3.239955
-28.106096 3.869382
-41.523767 0.659508
18.495651 2.677027
-30.412664 -0.215714
-42.34152 4.518414
18.60419 5.688236
23.310631 3.802213
-32.530355 0.011872
30.689706 -7.498738
-26.20032 -0.238655
-36.697115 5.769829
-34.194544 12.475666
22.412687 7.720241
26.396944 -3.48486
-29.088734 -2.228437
-28.726473 16.251428
25.059932 10.188308
33.102954 -0.641222
-23.594634 3.104987
-27.174496 -2.515107
-21.461145 4.262124
-31.069183 3.922015
-34.516375 -1.091885
19.447749 0.651941
25.300561 6.738333
25.370619 13.088452
25.152564 -2.000053
20.457578 15.337633
14.898864 7.024132
28.932403 -0.099925
-27.420523 4.621776
-18.785022 11.221563
-27.333861 2.851323
-39.973379 -3.553086
15.106941 5.05851
-40.95582 1.649071
22.887644 16.632127
-31.825596 0.320006
26.476521 16.288264
24.079278 1.390605
20.956393 0.567603
-38.913542 -7.493887
26.630485 9.468397
