//Synthetic=Synthetic_01140_J40

J=40
MT=1
Vd=5
Vv=1

p: position coordinates = 
0 0
-17.592671 -30.707899
-57.994383 -28.286222
-1.422421 -5.42571
-31.71619 41.322714
-10.033811 -10.876529
-4.117778 15.370712
-14.495733 0.306189
-13.469251 -30.123899
-18.727429 41.325159
-8.15993 -14.479548
-38.115969 13.600658
-39.098282 -4.542138
-44.111607 -12.006693
36.246619 9.718401
-28.432627 24.433294
8.310105 14.231553
-4.773612 6.510026
26.236267 9.183763
1.197455 -43.749191
16.12045 -44.807656
38.492881 24.80869
8.970857 -6.869228
28.044939 -15.198872
8.712145 17.776405
-3.594984 -43.355183
-28.815451 0.504146
28.183013 -33.972491
28.787901 0.787974
42.592649 34.944914
-34.265845 23.46767
-19.929507 37.362527
13.100363 -18.08838
-31.613854 18.882454
13.117801 16.512559
49.015175 26.468737
-36.160875 -12.647745
42.338814 23.67131
2.285692 8.963731
26.920886 -0.409281
-33.773051 -34.815893
