//Synthetic=Synthetic_00323_J100

J=100
MT=20
Vd=2
Vv=1

p: position coordinates = 
0 0
-51.618804 -74.932702
-50.318385 -71.403819
-84.506087 -2.836058
-82.405237 -13.082199
-66.607027 -13.351878
-48.217462 -82.204614
-57.066513 -73.225653
-86.332254 -7.727325
-51.75359 -70.226751
-91.111822 0.717179
-88.921881 2.536841
-82.284364 -11.453645
-81.318776 -12.131365
-78.677246 -2.797693
-48.584157 -88.934585
-47.909987 -70.865446
-42.299676 -64.936341
-47.417721 -65.566533
-54.480582 -66.980407
-84.091353 -7.911828
-81.285239 -5.764406
-32.886262 -64.413454
-46.531362 -83.311427
-54.426794 -69.565011
-84.314298 -24.417499
-46.726912 -84.646695
-85.973536 7.276185
-44.353167 -85.419926
-47.213258 -71.782142
-47.851679 -83.021407
-50.674546 -73.435178
-42.286172 -67.167225
-42.531591 -70.602255
-49.509514 -65.784314
-44.289988 -74.518935
-38.813031 -78.797227
-82.461496 -5.556514
-32.591149 -78.62567
-81.418258 -9.501136
-39.006706 -73.015432
-76.059699 -17.812429
-56.262745 -82.007902
-84.443748 -9.663328
-45.501099 -73.419736
-80.913715 -23.269998
-70.523653 -14.686566
-71.523436 -15.91799
-85.835924 -6.448256
-46.836177 -77.692466
-45.106547 -77.639815
-74.686142 -13.678956
-84.461797 -18.832834
-82.157126 -22.856821
-81.235112 -15.881733
-80.585137 -12.070353
-51.31354 -77.766377
-54.193068 -73.210259
-44.042618 -60.98216
-48.455895 -92.48768
-42.423402 -72.300572
-52.906777 -67.676073
-84.613633 -6.960152
-45.682892 -79.668163
-82.514044 -20.198491
-80.661337 -22.442509
-49.540315 -81.47235
-76.850515 -12.331597
-85.460728 -14.712564
-77.173749 -8.061243
-32.607537 -72.474661
-53.105654 -75.414475
-85.202516 -0.470497
-77.236329 -26.115174
-76.998619 -8.23321
-40.740162 -61.807031
-79.194926 -5.332078
-58.680679 -72.223174
-45.64493 -69.148051
-40.067904 -70.20684
-30.824092 -69.544544
-81.307094 -14.441119
-44.092922 -80.023435
-56.03317 -72.810627
-39.285538 -60.211223
-78.928701 -19.55321
-53.697041 -59.914702
-43.387607 -65.481668
-79.849888 -7.05214
-39.965463 -72.181116
-85.691984 -20.688269
-44.649065 -69.723043
-38.184851 -63.648798
-83.865987 -0.118745
-52.793502 -71.57323
-65.861039 -4.508262
-38.425457 -75.821023
-82.155413 -20.054624
-34.035551 -69.852906
-81.756395 -6.653812
-29.594191 -72.550671
