//Synthetic=Synthetic_01730_J80

J=80
MT=20
Vd=2
Vv=1

p: position coordinates = 
0 0
-63.413622 -25.957246
-17.85202 -61.165376
-20.9798 -57.835899
-18.623205 -54.936314
-23.106208 -62.092014
-32.459624 -63.430442
-15.503637 -61.891157
-16.938882 -56.437065
-15.764834 -58.937557
-54.675829 -17.27446
-55.576184 -33.086944
-52.464442 -18.779108
-18.483226 -57.787253
-55.884712 -25.515799
-20.087287 -59.396929
-19.880511 -70.015784
-14.61284 -55.470145
-49.996458 -31.931061
-21.675222 -58.063761
-21.753841 -54.363973
-25.851709 -62.790287
-62.191801 -24.91362
-31.216971 -60.748254
-54.378393 -25.809774
-26.455459 -63.637231
-64.281014 -19.282838
-54.683709 -22.779941
-55.722834 -19.18802
-52.736985 -24.95397
-54.735454 -30.992569
-25.967461 -67.148237
-50.73768 -21.231915
-25.047806 -57.525141
-20.361087 -62.526245
-28.087552 -55.701452
-58.508381 -18.935585
-8.662554 -50.911861
-54.711494 -23.61494
-17.989193 -61.630112
-65.111363 -31.742886
-54.999389 -18.837068
-19.472457 -65.586552
-56.485389 -35.168222
-19.247605 -68.909636
-56.6948 -28.067152
-25.557966 -66.839429
-22.959487 -60.588191
-23.555674 -70.712461
-54.207931 -21.567072
-65.732414 -24.547346
-20.183688 -69.285757
-56.748848 -14.539093
-50.8572 -20.658174
-58.739294 -28.86389
-20.109973 -61.954742
-27.844051 -58.874504
-28.755878 -61.543338
-26.020119 -61.431055
-21.790557 -70.291216
-46.564099 -10.766985
-56.853127 -18.380672
-23.363984 -62.933639
-54.03931 -21.701734
-27.298861 -58.64141
-20.305306 -66.159892
-51.652518 -30.236806
-66.895328 -27.174606
-50.559857 -33.478976
-21.120307 -64.494308
-18.203118 -53.173011
-56.945591 -19.335226
-25.664625 -61.042736
-57.611044 -26.092088
-28.835196 -53.396691
-50.957098 -25.457872
-62.309573 -21.171479
-55.087229 -21.08268
-55.048028 -20.816214
-57.499999 -25.249469
-59.535078 -38.046971
