//Synthetic=Synthetic_01335_J60

J=60
MT=1
Vd=5
Vv=1

p: position coordinates = 
0 0
-55.191877 -18.988838
-49.24875 -38.343545
-60.623277 -0.012223
-62.768323 -17.049213
-67.366811 -10.89124
-48.097192 -2.863362
-53.114026 -36.118249
-60.637773 -14.404011
-52.291571 -8.962874
-60.65534 -3.082602
-46.24934 -25.375289
-55.385153 -28.185635
-60.764737 -15.459077
-55.852968 9.750041
-49.724421 -4.843077
-52.490582 -13.639346
-54.941726 -25.248441
-48.715106 -15.53159
-45.418014 -34.78055
-55.292126 -33.075116
-59.257822 -24.836562
-50.510425 -8.025637
-58.722854 -11.260891
-52.184161 -20.079505
-50.987195 -12.540576
-56.858675 -17.77314
-59.749131 -36.745961
-59.655278 -14.673695
-51.226671 -27.546204
-50.206891 -14.167738
-57.807458 -12.161623
-56.096575 0.907714
-46.291578 -24.585641
-48.556323 -28.960375
-48.368828 -6.097896
-60.163601 -30.706335
-63.509997 -13.433337
-53.185716 -30.081287
-53.001901 1.419599
-51.950571 -18.615462
-60.825819 -7.230935
-54.049806 -23.571176
-53.575161 -3.887377
-39.148775 -11.94327
-59.97953 -31.854055
-65.525832 -1.366881
-48.919171 -35.845059
-61.782074 -14.150381
-61.951864 -21.333085
-55.809905 -30.672369
-56.048695 -29.26038
-51.838519 -16.970244
-51.08952 -32.775691
-44.552635 -19.059944
-44.764152 -35.784737
-54.806534 -34.698407
-46.40619 -24.114494
-54.906407 -33.34092
-49.274574 -11.779245
-55.885241 -14.419064
