//Synthetic=Synthetic_01897_J60

J=60
MT=1
Vd=5
Vv=1

p: position coordinates = 
0 0
17.411566 -16.575077
-25.95177 -20.67633
-40.601124 0.465509
32.358719 45.595364
21.375305 45.877769
-21.596903 27.157185
-25.151209 21.439505
50.977636 4.221939
21.047199 -19.782482
15.38227 -16.164986
-47.329913 2.634957
-28.548273 34.760867
11.031339 20.854924
-7.604624 8.667439
23.770014 47.648843
-16.607673 -42.920857
46.773105 6.027082
-24.061101 30.745013
-20.176034 -9.15121
47.461858 7.017133
29.057003 46.590445
-19.459536 26.18017
-49.561505 3.964245
20.041028 9.724261
40.243332 7.831952
0.769452 -15.816555
-14.030531 9.116798
-56.33421 11.705527
29.752129 -9.114854
-25.972516 23.497341
-29.149935 -38.926899
28.084084 51.662764
22.087836 11.283563
43.297687 8.156885
39.02 8.852109
28.377604 -7.164527
0.660118 46.881164
49.932222 5.194061
-15.160288 -18.642055
-24.021585 24.278906
-33.11375 17.532121
28.971839 -23.471599
-19.328826 25.852846
27.887664 -10.07977
-0.332034 30.924013
21.894062 6.197492
6.474433 39.265134
-23.959161 19.745893
-36.099645 34.811579
-55.4172 4.773621
-18.633525 -8.529913
-22.774658 35.577653
-33.950122 34.800229
53.480957 5.502866
44.326037 7.946515
-26.79877 21.086469
-4.284306 12.304535
21.947971 44.710151
-23.508245 22.648642
-17.555175 37.129367
