//Synthetic=Synthetic_00258_J20

J=20
MT=20
Vd=2
Vv=1

p: position coordinates = 
0 0
-40.928008 -27.155641
-37.344254 -26.806466
-8.714327 93.430796
25.018869 -0.663886
29.544068 25.392833
-61.803011 23.823254
-61.927017 -16.888049
-44.584828 -53.188805
22.597616 33.857045
14.152525 25.191931
-30.960862 -14.705829
3.028665 88.524046
-42.355858 30.152156
8.756276 -21.736825
-50.000924 -32.052913
-85.52753 50.209228
-63.837425 7.672308
-28.028246 -5.553562
6.580787 76.576091
-10.062452 41.900097
