//Synthetic=Synthetic_01182_J20

J=20
MT=20
Vd=2
Vv=1

p: position coordinates = 
0 0
-85.003915 -7.927707
-89.503299 -7.463386
-67.888487 -13.614152
-78.287671 -10.851027
-26.367615 -61.838946
1.393253 -52.880617
-20.113699 -54.11871
-68.76128 -12.925512
-60.442927 -5.781083
-11.301237 -68.427261
-77.865501 -2.511273
-18.930544 -75.508112
-59.96745 -10.879687
-85.500591 -11.547779
-30.308451 -58.237174
-17.307057 -50.836538
-68.343315 -8.196687
-62.757106 2.158385
-72.76171 4.527258
-72.588048 -15.167675
