//Synthetic=Synthetic_01544_J50

J=50
MT=20
Vd=2
Vv=1

p: position coordinates = 
0 0
-21.121047 13.899695
-9.600546 -3.431659
-75.935253 -10.453107
-64.563831 -11.96793
-52.740471 -1.708188
16.301134 -18.457816
-48.720096 -18.792863
-74.45123 -53.851114
-43.899262 -43.680896
-33.911335 -63.256506
-19.968131 -12.7521
-29.174569 -68.472739
-72.943973 -45.484892
-68.883277 -27.234858
-57.260351 7.414734
-31.48355 -60.896763
-19.411581 -63.881842
-4.962188 -50.449324
0.92523 9.535652
-47.62697 -14.432642
-73.648785 -70.289079
-38.744859 -19.040772
-38.692027 -67.966881
-43.320174 6.756779
-33.164971 -26.402201
-20.054089 13.796606
-19.383215 -31.412546
-44.803403 -36.716849
-33.653833 -42.488292
-63.91414 -62.482984
-39.986303 -28.575059
-4.213393 1.227143
-11.952738 -19.311144
-46.967818 -77.982991
-15.793198 -49.53037
-31.200555 -3.976345
10.812293 -42.861236
10.453243 -12.270355
-54.680255 -45.803122
-27.852603 -71.103603
-32.389307 19.017188
-101.888769 -1.649891
-48.084437 -27.541996
-16.852093 -61.847575
-37.22519 -37.862226
14.600192 -19.546126
-81.631635 -9.657859
17.735206 -56.364941
-2.670577 -52.609893
-28.892392 -20.703685
