//Synthetic=Synthetic_01350_J100

J=100
MT=20
Vd=2
Vv=1

p: position coordinates = 
0 0
-58.069905 -54.258714
-55.393494 -59.352885
-6.420847 -72.024582
-76.678674 -59.090324
-52.809559 -65.262868
-62.520151 -61.250143
13.11951 -87.524022
12.585914 -76.89035
-62.858127 -59.076739
15.695136 -60.579517
-3.286977 -83.921887
-57.093484 -55.390017
8.920984 -73.131591
10.746106 -82.51263
-67.5785 -53.173009
21.374987 -68.270941
-60.054405 -44.016081
-56.393868 -66.355575
6.80869 -65.367598
-50.673344 -65.525711
-55.469972 -65.607978
7.718159 -81.729575
17.047875 -64.72697
4.031468 -88.924858
1.41394 -77.6727
8.466815 -83.167836
-53.353161 -53.313521
-54.220082 -49.77503
23.711569 -67.018124
2.109715 -72.20704
9.984812 -77.88577
-70.417725 -55.629667
-4.522001 -79.252434
2.314633 -78.234863
18.048719 -82.277288
17.393733 -82.852387
-0.08317 -86.439579
12.359875 -61.155767
-52.015794 -57.721545
-63.632098 -54.306558
11.730872 -84.099199
-63.048193 -60.964134
5.930672 -78.834941
13.022325 -63.976428
-7.244458 -82.737332
-55.462367 -68.127747
-44.97227 -44.070542
1.719706 -82.650594
-1.982934 -80.426092
6.173064 -77.311357
12.337855 -72.031434
-53.128868 -65.853605
-3.280699 -80.703189
6.784742 -76.424181
8.569955 -77.244636
-48.831891 -63.013983
4.843361 -72.946316
-53.62111 -66.819455
-43.530936 -44.239453
-61.502238 -66.765007
-58.095718 -59.950719
-63.127087 -60.769246
-58.883059 -58.262701
-64.108596 -63.469982
14.318804 -83.050505
-65.95259 -58.488321
1.920417 -80.763405
14.873373 -75.085611
-54.630034 -54.455827
-3.484566 -84.375747
3.511299 -61.679281
-57.497742 -45.669881
11.905265 -70.816112
8.203012 -86.14395
-66.991899 -60.52632
19.584017 -86.251445
-70.994372 -57.767512
4.05665 -76.310593
-65.811334 -49.929122
-3.98824 -81.251221
18.460994 -71.832378
-60.054406 -57.147142
-57.086496 -55.353411
4.10467 -81.711329
-55.763166 -60.557795
-68.489589 -58.803691
1.821933 -82.815668
6.134485 -69.016953
-53.542883 -61.133004
1.096379 -76.062747
16.608038 -66.395324
-59.019013 -63.187928
-2.082602 -78.828982
2.256928 -75.534449
-58.227398 -58.343155
-46.107403 -66.949225
7.315065 -66.763156
-58.438476 -43.190435
-44.098566 -51.544541
-57.422186 -47.353783
