//Synthetic=Synthetic_01962_J100

J=100
MT=20
Vd=2
Vv=1

p: position coordinates = 
0 0
-62.895595 79.364364
-10.959209 51.016389
-13.456829 -85.986002
6.726163 -53.854588
-58.593227 87.380098
-80.897221 73.743972
64.424002 -11.658113
-84.008851 42.977868
12.211891 -88.120808
27.609996 113.247096
33.263486 -58.845478
0.252273 -70.608188
101.498394 15.73734
45.197834 -17.242633
-13.769667 -57.70637
-81.4615 -25.673548
-61.53358 -41.93425
-20.996431 56.270355
-7.044861 43.793349
-80.924697 56.074755
42.715613 -71.009034
-23.237503 94.012636
19.572573 -51.32753
-77.542103 82.362236
91.921038 -24.306607
15.080905 63.589352
6.118829 -54.263864
60.562703 -30.085779
44.75902 -20.632871
-100.066527 0.848975
-10.314508 -110.714516
-36.117044 -87.981302
33.766524 97.880893
-73.773128 67.490969
-57.231912 -50.564017
80.041583 -30.021094
-101.071072 -53.716927
77.762553 -58.246173
-51.487741 -6.716395
-70.332683 39.224076
94.478906 65.122412
-61.898402 -51.963559
-102.718327 -22.819509
104.613742 42.142623
-29.721473 -103.814171
-0.967123 56.711386
106.785099 -40.456236
44.045672 -16.664744
79.345537 49.200184
-42.255569 30.860071
6.673054 61.816027
47.784174 -69.316456
-76.357818 -14.9963
-84.989505 -30.570421
103.905156 -19.496537
-34.754526 -85.214439
-68.575308 1.338559
57.470167 69.09678
-36.437934 110.591157
-3.430221 -51.32473
59.169385 26.707041
34.463594 99.47399
-27.24037 29.058731
74.491347 -72.219173
39.37147 -64.821565
42.54829 69.768586
-25.014773 -86.709417
70.158014 -66.12889
8.838581 69.436263
-102.020876 51.794656
85.209587 4.200619
15.017276 -110.50516
30.303054 -41.793398
-101.588512 40.192371
-86.320943 -28.344388
-86.21476 39.511083
33.404974 50.632622
15.072129 89.47701
24.619358 -60.237797
69.301533 -22.342312
75.448982 -87.412891
-35.729683 77.133028
87.123563 -12.192356
36.41432 -81.433763
-54.893386 1.116382
38.762111 6.749263
-96.781471 19.116228
-96.345556 57.5047
-12.208692 81.627167
-86.916484 64.227331
-37.64702 76.784766
-11.018499 57.842161
-50.5815 52.517967
39.343953 -41.661864
-107.466063 -38.51368
16.66193 -54.971484
75.074842 65.769146
-21.259937 -66.062567
35.77789 -49.324805
-8.883295 -36.36542
