//Synthetic=Synthetic_01521_J50

J=50
MT=20
Vd=2
Vv=1

p: position coordinates = 
0 0
90.797064 -22.202306
77.484318 38.89848
85.098435 -24.36034
79.30483 -20.075185
73.153607 44.116539
64.154986 42.315014
87.504992 -25.874727
76.44651 -13.177323
88.227133 -8.493703
79.362354 -28.687745
71.889497 48.381797
91.744725 -28.018522
74.192495 44.55719
88.921747 -12.963772
70.457713 46.781955
78.04054 34.584603
94.537015 -7.181635
87.169998 -22.286281
88.409231 -13.59999
55.33868 42.616657
60.172416 62.247798
69.56362 50.211024
87.83103 -9.113882
73.98683 60.615761
85.912801 -21.604382
69.709247 45.305564
79.161268 -10.487059
63.979745 43.366985
67.60687 55.203966
65.876698 41.135703
80.166399 -23.322296
89.735091 -16.287288
76.012623 -10.040309
79.272461 44.195959
87.246472 -8.192687
64.734156 38.017199
85.223755 -16.031703
89.264604 -14.479788
60.237471 45.55579
89.759131 -30.265736
69.123131 48.221007
79.656431 -17.969241
73.511119 -19.54368
75.437215 50.867811
75.881447 -25.621518
87.371847 -27.152047
98.171713 -11.038383
66.849398 52.126472
82.08891 -18.712359
82.703274 -9.749261
