//Synthetic=Synthetic_00447_J80

J=80
MT=20
Vd=2
Vv=1

p: position coordinates = 
0 0
89.665436 28.424704
73.9724 37.545713
36.18646 100.799761
69.427845 34.07671
45.74784 92.64416
45.826647 100.856472
43.096915 102.168451
86.691054 51.840934
40.559249 98.210142
85.742968 40.517833
32.612515 101.656817
83.429562 42.497202
31.58392 90.250107
88.37284 29.984128
85.140194 35.06034
80.275697 20.703416
75.97356 48.452963
99.270846 37.068339
25.14316 84.381469
21.576342 84.918517
44.16339 91.849929
90.356505 33.082488
89.360098 30.234388
84.799313 38.373721
96.970253 21.10861
11.416168 99.607292
81.21846 35.121777
32.456114 92.717703
26.477663 92.294324
36.849396 102.265865
33.656036 99.123785
33.842596 73.754302
90.926351 26.398695
25.443521 100.531264
85.255186 48.115732
32.758115 100.187898
84.796501 25.545496
31.217768 83.746866
98.4181 30.656494
39.120173 90.135981
86.411208 15.703149
91.243851 39.461887
36.207343 106.745346
32.508518 81.453677
89.347569 36.634203
88.048978 32.306343
80.233652 48.912567
32.430949 95.593923
34.760219 78.060785
38.322363 94.930024
38.986643 97.092675
80.582267 13.305258
34.022458 96.463292
28.253164 94.455939
33.087121 105.595414
36.632609 101.434401
40.150316 89.918526
95.313689 35.307789
80.424701 27.277576
41.280991 94.260195
24.97013 70.639963
83.986958 33.253472
25.150414 105.379419
80.578961 43.237556
87.676237 44.287141
86.100286 41.599179
33.272838 85.731034
38.573397 96.444731
31.615098 85.357345
91.282727 33.00895
25.153679 87.648291
87.52866 27.212614
34.616921 99.190999
28.585107 95.193617
92.741408 31.979282
75.685964 31.144538
38.434096 98.015538
92.91598 27.684667
36.641802 102.003578
51.645002 90.127577
