//Synthetic=Synthetic_00923_J100

J=100
MT=20
Vd=2
Vv=1

p: position coordinates = 
0 0
37.411683 -74.025612
-24.510273 -78.298299
37.665497 -85.100132
43.217293 -84.91348
35.651188 -69.531741
34.350493 -74.527302
-30.424538 -80.668919
44.195548 -75.312887
-29.387999 -74.139392
26.093782 -78.778723
46.901723 -76.817043
-20.280062 -77.366571
-22.21893 -71.575225
35.669414 -55.825051
38.273293 -87.236772
-38.797656 -87.434799
47.435534 -68.720014
-19.734737 -78.554982
-27.542285 -75.727109
-29.875567 -76.403567
35.597286 -64.26682
-26.387501 -67.235652
38.841409 -69.738124
34.967925 -69.052239
36.877996 -61.863465
29.410502 -67.06875
36.928449 -61.683399
43.645759 -81.793097
44.041308 -83.783648
32.806111 -76.517346
-21.251899 -71.874142
40.137071 -71.267386
-34.055806 -87.971962
31.713412 -78.243925
39.715064 -72.065715
-21.632216 -86.596148
37.527648 -65.241542
32.510262 -77.574424
33.953767 -72.632851
28.413696 -57.077149
-22.008935 -78.603301
-14.542739 -87.567732
30.871979 -62.204004
-22.104577 -60.059145
33.682863 -77.759306
-25.366342 -84.120834
31.732251 -81.642395
38.443618 -90.018347
-25.783457 -82.848667
36.209754 -78.304009
-18.09138 -88.192694
-28.743765 -90.363032
35.699259 -84.013435
-23.05499 -69.337071
-25.618532 -74.719181
36.425688 -77.998842
-25.003328 -80.114425
-26.990754 -81.945567
34.894037 -86.365816
-31.930856 -87.267937
37.873531 -71.160529
42.275098 -76.422459
-10.760263 -91.042056
42.561398 -86.155219
-27.975401 -79.125374
46.164859 -82.383729
-26.257433 -62.471677
-26.309845 -92.927192
-25.629152 -75.527449
41.351942 -78.109085
-24.480406 -76.180006
47.296468 -70.176801
31.839967 -78.235822
-17.147611 -75.507378
26.162389 -78.566887
43.249229 -76.31414
-28.749105 -77.348536
44.30151 -80.484859
-27.570185 -87.24802
33.631272 -76.65294
-14.198526 -80.505936
49.125273 -66.00259
-24.801043 -71.430643
41.219729 -66.696358
33.660883 -71.175658
-26.860704 -83.543975
40.567532 -62.836138
41.503068 -62.896746
39.156085 -70.445108
-27.704006 -75.931416
-26.502939 -71.282983
-23.307535 -90.243697
-16.033526 -84.549017
-31.550764 -66.485678
43.699846 -88.662215
-33.000725 -89.537423
-22.663382 -78.806703
-19.908813 -85.050592
-29.429563 -88.525305
-29.858466 -70.087883
