//Synthetic=Synthetic_00637_J40

J=40
MT=1
Vd=5
Vv=1

p: position coordinates = 
0 0
-34.425072 -21.588765
1.36744 10.237756
-7.678505 20.634474
-35.559661 -18.264261
4.078779 -46.371169
29.234904 18.810473
32.41159 42.145299
-28.513032 36.301276
-13.317399 -37.451975
-7.954103 -13.988622
-26.801249 -5.912892
-4.118164 -8.588556
-2.477318 10.171178
-22.39668 -42.478458
11.958726 -18.870577
2.870357 15.08083
-40.375167 0.860912
-24.897338 36.248918
7.294273 23.238795
-33.617811 15.900872
-1.610779 -24.976448
-41.120704 24.521238
-5.358567 -33.472968
28.397131 -41.603895
30.168919 34.098998
33.883241 8.113847
21.689896 16.385521
34.05526 -27.356857
35.244021 30.184566
48.939803 34.984205
12.820036 -10.908701
26.512928 -13.657911
-34.919482 -24.029513
-11.625216 0.04552
-31.01968 12.89601
6.929526 -43.901205
-37.996059 8.536788
9.377488 18.940804
-49.189356 -41.269564
21.83696 8.779371
