//Synthetic=Synthetic_01857_J80

J=80
MT=20
Vd=2
Vv=1

p: position coordinates = 
0 0
-32.921515 17.50217
16.291737 27.708003
17.955807 26.066449
-25.81519 5.304409
27.695078 19.16394
4.95035 3.878741
-30.945613 40.846628
-3.506329 9.491139
24.197339 15.284928
32.340153 32.721486
-12.53458 71.571727
4.103662 -14.025254
-50.289052 18.71076
-45.42277 -2.17138
-25.873922 0.208232
29.477756 51.591359
-43.129846 55.201563
-43.882809 -12.114306
18.822252 29.688583
9.805136 19.613449
4.733842 47.281119
29.055082 -1.750728
-41.602693 22.191299
23.561137 71.182041
-13.873132 56.005583
-46.016837 -1.942658
30.077234 6.076691
-42.198516 21.24761
-44.28881 53.080285
17.320098 65.570216
16.184338 46.950379
5.336221 22.444252
8.345103 6.169153
-11.487917 65.406925
-11.294111 37.979857
17.881988 15.428721
26.539356 51.985024
29.504195 22.305123
16.496573 7.689495
-46.108316 23.84026
-7.054027 18.331353
-42.687002 44.270819
33.289493 41.788301
-14.643252 64.432053
3.767321 -6.156557
23.192502 -4.027389
9.750323 11.565548
-31.385013 57.59669
-45.770229 6.729095
-47.11089 57.208336
23.676271 48.665806
-10.061639 67.443854
-47.155884 13.960036
-34.998639 -11.624942
10.493924 -3.982344
-20.188085 42.499382
-33.174432 54.063506
38.969746 57.454052
-1.229643 29.759571
-15.951643 74.099256
12.17612 -3.151342
25.902822 15.110254
-37.236336 46.669619
-32.748525 36.509575
-3.470588 34.859758
-20.58453 29.102903
3.878704 24.682451
-35.820546 13.592827
24.956404 27.451172
10.077176 2.484297
9.232488 -18.29214
9.691491 -18.73892
17.990066 74.297991
-46.203381 -1.433461
42.083142 53.582797
-37.946211 53.714878
4.102539 22.595895
29.411866 53.981
-36.643256 37.256642
-51.903899 -1.571888
