//Synthetic=Synthetic_01956_J60

J=60
MT=20
Vd=2
Vv=1

p: position coordinates = 
0 0
-3.233347 4.228329
-16.112369 -62.79173
45.208748 -76.275905
45.386805 -72.455306
-1.869725 5.901529
52.328232 -56.652726
21.601269 -63.683587
63.120154 -14.798914
64.679608 -8.019872
21.691954 -32.580884
15.454998 -60.236427
60.510915 -50.236605
13.454412 -74.24908
-14.128506 -66.912871
29.865021 -77.371781
61.1238 -32.976258
-4.87623 2.5958
41.487904 -56.993633
-3.756923 -25.863993
-10.768568 2.190565
35.319336 -60.711654
53.640254 -21.612857
34.943051 -11.183356
46.655262 -6.491932
43.219075 -79.106701
26.246909 -4.060344
-1.159314 -21.593759
3.175648 -77.562008
62.017665 -54.170457
-13.594757 -69.854017
41.882156 1.473411
-18.808963 -42.332013
8.518331 -33.583067
23.496666 -61.980136
51.153784 -74.602439
40.069175 -9.008571
-9.522093 1.104353
6.049761 -36.117034
18.720702 -61.770571
9.442833 -36.037385
23.239959 1.178942
10.202709 -79.336822
55.552912 -6.903409
49.541874 -0.669591
-9.601478 -68.616567
39.655978 -87.095795
0.276107 -15.748546
-13.121572 -60.010522
-6.616561 -19.748648
42.779365 -56.55868
61.648203 -33.475361
17.29056 -0.574397
-19.377373 5.555362
50.783115 3.300117
29.703294 -92.088111
14.3623 -37.898566
-15.216789 2.416073
40.177315 -3.542963
11.734526 -72.044868
37.437386 -14.179652
