//Synthetic=Synthetic_01589_J80

J=80
MT=20
Vd=2
Vv=1

p: position coordinates = 
0 0
0.913209 13.86696
-16.288883 -26.102877
24.418298 -8.498996
63.985301 -42.900063
1.340129 21.687581
-13.435056 -62.423678
23.850184 -40.777195
47.003625 8.310437
52.406506 21.797129
-12.232343 0.694205
21.673047 -20.927286
-18.937859 -49.794815
22.493227 -29.843834
-24.702853 -24.89409
25.853641 1.40378
-18.876952 -63.200649
-20.393042 -11.027984
-6.177615 4.68839
59.459141 -15.350079
-13.591046 -17.412228
36.316686 12.439308
36.557643 -3.980779
-6.585803 -25.849909
-20.203147 -13.290149
-22.334257 -42.480594
17.099491 13.377593
39.699912 -5.795266
57.616439 -0.333931
48.921659 22.507926
18.706972 -29.587798
40.691696 -19.959264
-5.05333 -39.75891
42.149108 -53.508757
13.968309 4.268431
-1.183636 -29.533905
-8.771712 6.508878
20.530923 32.824718
15.402708 -20.869312
50.145566 25.500185
45.685435 21.150467
-19.942662 2.226147
35.517733 34.705435
-9.236523 -46.467608
36.584667 23.622201
57.150454 -45.570972
37.069957 1.071976
56.237171 -4.906539
-25.869375 -58.585726
-8.135177 -11.480724
23.070984 -0.211241
50.371305 -65.535871
11.647265 17.214507
31.88008 10.323726
22.24191 -17.739425
15.145138 0.890342
53.758676 -58.059546
-6.528426 27.408205
43.959262 -46.150131
12.650483 2.127528
28.786003 -49.092927
19.867828 -12.330836
-16.132736 21.940751
-6.356537 -3.408845
33.590696 -22.141324
42.776896 13.847096
59.014011 9.944076
58.275614 28.773213
-23.358669 -9.241326
43.965833 -34.23766
52.902381 -45.331699
20.533437 32.939865
42.548204 -17.122767
-15.509877 6.133091
51.123159 14.36108
-18.291441 -29.493626
46.558551 14.174335
14.288793 -24.899874
62.601974 -42.435147
25.6198 31.692072
10.776577 -17.378422
