//Synthetic=Synthetic_01164_J60

J=60
MT=20
Vd=2
Vv=1

p: position coordinates = 
0 0
14.644341 19.846923
3.340752 55.77583
-42.868539 2.34481
20.756035 9.113313
27.493621 -68.107407
27.090566 7.478346
-46.600251 5.476776
-52.438735 19.857668
19.903788 21.333737
44.43374 -64.788609
-37.524083 15.934273
24.383201 22.785748
-0.684426 31.533446
47.226614 18.432365
21.394141 32.896006
24.539266 -0.260439
-27.259094 19.439916
43.808777 -86.946699
-2.182561 43.705979
18.622213 -1.276526
-39.895052 22.012936
-42.618513 11.770533
31.288828 41.696169
-33.238379 -9.847559
40.789228 -72.719801
35.369977 -71.335204
46.717251 15.225046
52.594728 -68.504153
39.291353 11.6666
7.184808 32.446627
22.877606 3.239243
27.391618 11.509003
21.089164 33.340035
14.151972 22.095414
11.15961 27.355807
44.269997 -75.859486
33.214948 18.790634
9.212422 24.04863
19.120014 34.503172
35.645317 -75.756507
-33.944073 -3.267434
-28.739803 9.061303
36.58687 14.731982
-35.275943 12.266172
-40.073978 -0.204683
-37.56267 18.105043
53.052468 -5.664468
19.758378 4.050369
38.319398 34.122
-28.790743 -2.223284
32.903456 -73.699015
7.005396 32.343756
-46.894878 13.365378
-37.453758 0.757867
39.562059 -70.925406
6.374385 21.413291
57.670619 -75.295115
27.456357 40.698283
9.690457 19.249126
27.707318 -6.302235
