//Synthetic=Synthetic_01523_J60

J=60
MT=20
Vd=2
Vv=1

p: position coordinates = 
0 0
67.16985 -14.51515
23.917371 -45.562338
-36.81789 40.536911
69.746122 -5.61278
-29.512328 -36.195944
-27.969955 18.888503
-22.164176 16.997077
-19.924159 18.54269
66.198291 -8.828987
-49.528238 24.482104
20.533689 -56.868377
30.293246 -49.819129
-30.313841 -34.295135
8.915839 -60.45144
76.581226 -7.241305
19.067071 -53.435193
-43.495208 -48.533443
-20.243095 22.606575
76.503255 1.140905
76.394484 2.183101
-21.997799 22.852165
15.238559 -42.44171
-34.715297 -40.670245
-31.803039 -31.825671
77.224698 7.567972
80.443845 7.523325
71.849453 -8.56331
-43.623223 -47.398386
-29.884718 -36.383955
-39.05831 -33.991787
59.82984 -3.275016
71.944937 -2.920542
12.386389 -52.592409
-8.807608 25.123653
65.045695 4.307544
64.372083 -1.749555
63.862114 -8.088221
30.854066 -50.879735
-34.383209 10.67539
-26.084885 8.22712
-41.554782 -46.631426
21.219513 -56.043987
76.089349 -10.857555
-47.433446 -44.523636
-24.561632 18.856897
15.150697 -54.616671
-21.694295 24.150517
-31.760944 24.48119
-40.631234 -35.446014
8.56971 -54.35191
-26.2458 -32.140277
56.217721 -10.866864
-30.360216 12.314646
-17.997863 21.513442
-47.446779 -44.712728
-25.552998 21.651713
-7.376697 31.480912
-33.512903 23.299332
12.907132 -48.423401
61.161813 -4.381515
