//Synthetic=Synthetic_01528_J50

J=50
MT=1
Vd=5
Vv=1

p: position coordinates = 
0 0
-27.174696 -45.120092
16.373466 -28.585409
-2.401557 34.749698
-29.653095 11.708995
-31.129236 -8.125748
-22.624914 3.131069
44.445275 -14.668991
-4.251474 41.094078
-44.679271 -33.137334
-42.767837 34.973956
8.444451 29.641471
-44.160999 5.845453
5.60216 -55.878948
17.925821 42.368534
-12.573838 64.111607
53.928848 -10.877176
-53.66064 -12.656949
-19.196219 -27.239206
-32.846239 38.564391
3.532841 39.065662
-32.967919 -37.124974
38.78746 10.795966
-22.146236 -33.987338
42.685883 -36.032048
22.937026 -14.559108
-31.371174 10.99333
8.229276 -50.938992
26.800152 -38.728234
-27.339666 -50.0495
-16.719432 26.756094
8.553969 28.846029
19.09754 5.494518
-22.638896 28.124215
-18.756051 -5.676832
17.631639 27.658256
23.192932 -14.706339
-13.164989 18.901787
-40.156563 43.734488
-0.8226 55.474196
48.445412 -7.046352
23.005003 6.779324
13.741698 30.816415
13.599674 -55.49863
19.391267 -14.8078
-5.771448 47.463635
-12.609969 21.771917
-26.783696 -45.412012
-21.99012 45.599236
-31.724463 22.876553
24.180183 -39.646714
