//Synthetic=Synthetic_02002_J40

J=40
MT=1
Vd=5
Vv=1

p: position coordinates = 
0 0
43.061924 19.283283
-20.992295 42.814737
-7.680152 -19.283907
14.892908 -50.369892
-12.823509 -24.349937
20.051132 -33.946326
32.657224 -0.449866
9.028336 -28.493488
-9.300152 20.518028
-14.616279 3.901998
17.196845 24.00544
6.769675 -44.947127
13.287821 -26.678491
-33.400251 -23.872866
43.619517 9.910307
-17.818743 -20.607026
-1.197093 -36.709654
7.889423 40.974539
28.06097 7.975855
18.589552 -21.018066
13.614316 9.251555
0.935545 -33.438233
1.086813 36.928217
40.381347 -4.620393
-10.802373 46.92235
40.173477 -4.063086
-0.096476 -7.250487
18.788794 -37.101909
11.942501 -24.90589
19.048651 31.498783
-4.886633 22.771548
29.83097 -21.153826
-5.77711 7.523679
23.748024 22.462419
12.411928 28.220398
-9.440501 12.769486
-21.462255 -15.824341
-21.787281 -8.084844
-27.073754 -11.027294
38.866134 9.608552
