//Synthetic=Synthetic_00717_J60

J=60
MT=1
Vd=5
Vv=1

p: position coordinates = 
0 0
42.419899 -25.785373
43.745041 54.564084
30.582527 -5.045498
36.793805 -19.878333
50.010218 -4.897009
-1.175754 8.28503
15.719284 0.015232
-1.99955 -19.810289
-47.764182 39.668077
-52.547835 -11.903538
-27.998293 27.781316
-23.197313 32.891509
-7.893268 25.105152
22.058909 53.224198
35.466441 24.264474
20.091741 30.471434
28.887055 31.68331
32.060005 38.069857
13.257875 -6.594553
-45.761219 -29.592598
46.077209 52.694167
30.261086 -5.114667
-7.731711 21.300103
-40.115792 -47.858856
39.908017 -20.383767
35.671387 -30.175312
26.384036 12.117045
-16.845491 4.269636
25.227611 42.395818
50.982105 -5.305497
30.414579 -5.928624
-9.331731 11.595504
7.989822 43.846787
54.09463 -9.304635
21.860701 -46.420439
-9.964834 12.974416
4.896548 8.696454
17.401846 -12.201144
15.067112 31.201858
-16.689619 9.36235
2.087484 -42.04782
37.837887 18.514397
20.483368 -12.92518
6.629319 48.10424
3.209724 -24.429418
-7.18964 24.715383
-35.708594 -9.260355
-11.137245 28.552946
22.44616 0.223325
30.027138 -33.184007
20.815039 -10.019795
21.554813 41.297921
-0.04998 12.55062
38.661582 21.891769
-37.55078 -4.501227
-52.742486 -7.764518
1.017687 -22.233525
-12.815982 38.733709
19.423765 -0.054142
27.51273 -33.355805
