//Synthetic=Synthetic_01665_J40

J=40
MT=1
Vd=5
Vv=1

p: position coordinates = 
0 0
17.642322 13.531113
15.141433 11.845118
20.433367 18.903082
-16.433474 -11.709255
23.782767 18.356074
17.244799 19.02618
-13.795714 -10.675789
10.463453 23.645975
-16.469239 -7.510376
-16.694688 -7.587486
2.660808 24.951002
10.355279 19.416024
-12.044496 -5.631291
-32.698843 -4.704812
-16.750706 -1.000958
-31.558932 -10.912271
-6.897363 -14.206739
-10.847447 -13.620939
-6.824044 -12.968236
25.235477 24.88156
-14.015596 -18.493134
-12.995265 -19.453423
-14.550469 -18.219451
-9.44974 -11.151922
18.395865 9.944342
12.395554 24.053544
11.716591 30.059819
18.603275 19.802804
-11.246442 1.735546
4.891088 26.387643
-2.093242 -13.280339
13.139992 24.29684
-20.217677 -7.917772
-42.312401 -16.973513
3.396916 30.072639
14.889844 9.718969
18.381063 13.506718
25.075492 20.183142
-11.034878 -15.101623
-25.234551 -5.482429
