//Synthetic=Synthetic_00854_J40

J=40
MT=1
Vd=5
Vv=1

p: position coordinates = 
0 0
-7.946039 42.093217
-29.090438 11.861187
-16.741996 -0.42389
32.758595 -25.125837
5.857525 -15.998218
-16.732723 -34.037871
15.080323 5.778155
28.067423 41.214315
15.796957 -25.983866
30.278197 54.484602
-31.520492 -45.412034
-14.166977 -10.028237
-24.894447 -8.954971
-7.158509 -19.840024
-14.928041 36.186746
-30.443023 -23.079017
-2.089363 8.041011
21.422676 -30.774696
29.975758 -24.10428
-14.144784 -32.168627
-49.802417 38.421469
8.201197 -23.162409
2.362871 -44.488511
-9.896812 28.358232
-52.45031 30.621231
-17.816862 -33.350533
-39.142997 -11.230963
34.96836 -6.901462
-11.763066 9.482491
-50.194219 10.953073
-19.475475 38.726116
14.764734 -14.391384
-5.929195 -23.960084
-53.174817 19.347085
-23.297659 -48.620602
29.108803 40.953257
18.781907 5.178911
-39.077451 25.785151
-36.481555 15.293409
20.474229 -14.482894
