//Synthetic=Synthetic_01264_J40

J=40
MT=1
Vd=5
Vv=1

p: position coordinates = 
0 0
-59.789336 16.055965
-23.732846 -17.247779
-33.787582 0.468412
-8.318596 43.435874
7.490641 -37.786005
4.280878 -43.650532
-28.346938 2.765168
-2.945868 55.060949
-11.680249 -10.793246
40.395952 2.765834
19.008707 -43.739653
19.78 -45.963603
-8.718744 48.011278
-57.480674 -8.928877
4.357536 -31.226708
-41.034501 -15.803274
-30.896375 -23.654244
10.996402 -7.376525
-11.142129 -34.301426
14.076893 -22.301644
-48.354004 2.943517
-26.283327 41.089276
31.485783 -7.641363
21.876772 58.285238
-47.00469 21.975433
24.951185 34.485317
57.102769 2.184543
20.176187 -18.779583
-3.870059 45.898865
-35.339675 -4.735219
29.760322 -3.006475
-35.022969 -19.13494
5.739887 49.434309
-0.000222 -47.267506
-63.231579 20.285364
-19.917833 -19.249926
17.149753 61.380657
-8.391594 -41.536609
-50.128258 12.642994
-49.734083 -2.497987
