//Synthetic=Synthetic_01871_J80

J=80
MT=20
Vd=2
Vv=1

p: position coordinates = 
0 0
-13.238692 33.868788
72.445908 38.828241
-49.537622 -16.029208
-69.434567 -49.380856
25.090784 20.431783
-9.442405 34.46857
31.054451 16.698229
-44.451124 37.874931
-13.638219 37.887842
47.638195 -62.290079
-37.783586 2.057243
-32.474037 27.650541
71.780442 -2.796968
49.848899 38.209985
-13.700717 55.540939
-5.524317 -42.316521
-2.120376 -30.493938
-34.715851 -51.336569
33.674066 13.513899
-16.742071 52.300523
-61.290856 42.002409
61.56764 -3.025347
-13.467302 63.537926
59.782059 -33.633157
65.155072 50.505746
-58.057557 48.552035
40.221951 13.01901
-21.268255 76.59024
-36.729172 -16.142223
-61.067568 -37.124174
-43.620821 51.743777
63.529918 34.370244
-15.740095 -21.497936
-20.570056 -53.657432
-37.418334 -5.471066
73.622127 -13.854544
-28.482387 27.999439
-79.938773 0.186186
-42.810724 -24.762005
3.626333 -81.249248
29.264306 25.85145
-52.140006 -31.034712
38.944925 20.68731
-21.85343 -48.38375
58.329566 -41.066637
-72.740759 -23.630272
20.205161 -33.489228
-34.575176 19.241742
76.530264 -17.155693
80.739991 25.17465
69.215813 -30.32944
-58.936819 46.62882
1.21445 -69.422311
78.072017 -16.981358
63.73755 56.422414
46.891086 46.014172
20.639727 69.180996
-12.427335 70.068313
-13.619858 -38.257255
7.716692 66.959342
24.205871 -37.869623
21.479085 -69.137753
-20.973493 33.352306
57.033457 48.513462
-20.674885 25.885671
-38.12827 -3.775814
-30.641082 -26.665299
27.568938 29.018944
3.431589 49.871744
17.182357 48.432563
-44.507162 -62.550216
56.140617 -46.285932
7.624243 72.245495
-27.798452 -27.036377
-54.326864 -12.478926
-27.274256 24.612471
64.46 22.785602
-85.601048 -14.803751
52.171811 54.255529
-19.027473 -29.048278
