//Synthetic=Synthetic_01089_J30

J=30
MT=20
Vd=2
Vv=1

p: position coordinates = 
0 0
62.984113 58.193467
76.347557 -18.687613
85.581597 -6.710434
88.892897 -19.508171
66.195219 54.198658
80.401865 -11.704854
81.39521 -1.083518
62.9241 64.747943
49.702399 66.420797
77.660533 -8.313479
74.066657 -0.85532
51.681959 56.266338
68.978403 55.528571
90.656967 -6.615143
86.77798 -3.913929
73.921645 -6.480564
67.21762 48.501238
72.328698 57.737125
63.941526 57.30293
59.091956 55.775784
59.817488 60.460737
60.901104 54.201887
84.686009 -4.584742
87.768796 -0.82647
62.799811 56.492776
57.833782 60.010917
68.313772 43.443409
69.356534 44.015592
73.204288 -15.555452
56.193403 52.924208
