//Synthetic=Synthetic_00002_J60

J=60
MT=20
Vd=2
Vv=1

p: position coordinates = 
0 0
-28.082205 28.041665
7.171502 30.559258
1.642229 18.716318
-8.935121 35.967606
-0.316888 -12.006715
22.163022 0.386904
-70.752313 -9.315009
0.970089 -0.110744
-1.339599 -16.492392
-7.558062 -55.204983
-22.773941 18.218524
-3.240834 3.266445
-59.184054 24.212996
-2.977488 27.761598
-17.388767 42.405741
7.994723 12.993442
-1.750906 -28.91645
3.477071 -0.526969
-19.885641 -19.894784
-24.883 16.281589
-35.825032 -36.735009
-12.880645 22.288357
-0.671894 -16.244763
-4.522448 -2.487118
-45.335682 -27.79739
-78.805052 -15.450658
-60.242926 -16.430254
-57.564097 26.778866
-31.160349 23.954321
-3.403162 -25.527328
-40.127072 8.55872
-26.71342 -19.867989
-2.872437 -2.84612
-32.087605 21.415837
-54.868755 -11.496726
-44.147454 48.375022
-15.334647 40.195503
-44.009364 -15.630147
-30.755531 40.304155
-58.508838 -17.057252
-4.085188 16.260603
-42.973425 6.24069
-61.581558 -16.905719
-38.281268 52.621255
-28.212883 22.096525
-43.178635 47.249256
9.915623 11.227
-0.504869 34.431774
-0.359427 -3.802549
7.293459 3.866202
0.549616 29.617589
-21.115347 22.304281
-51.491201 -20.479999
-78.737146 -7.774191
-48.913148 24.566499
-22.832125 5.169671
-44.492062 54.314381
-26.091531 -16.611738
-5.260551 30.701252
-8.486834 -53.843231
