//Synthetic=Synthetic_00217_J80

J=80
MT=20
Vd=2
Vv=1

p: position coordinates = 
0 0
27.795629 90.791421
-46.554898 65.707667
8.678397 23.746364
-48.868699 74.140018
30.169118 24.081061
70.095167 0.47185
-62.319125 70.336078
58.823334 13.466784
35.936151 33.447761
34.067588 76.721335
-66.687843 82.944264
-52.056533 92.272101
78.311245 16.322582
-27.602537 63.425713
-35.033004 65.351448
68.411376 9.195065
22.113453 86.914849
-40.430776 85.974817
24.703762 92.317751
71.025314 11.672326
80.437387 13.099695
19.766981 73.730293
62.781745 18.038044
20.872631 83.920546
-51.902267 69.354893
50.09473 -0.551337
63.657015 22.11618
-59.696937 97.386516
10.241835 72.545607
38.430852 81.933549
83.460853 13.347563
30.567804 77.655954
-53.070652 67.115505
60.383166 11.267642
29.94513 7.188126
20.989794 81.590748
81.399282 12.828861
6.449804 86.886639
-57.886311 64.66786
54.279318 10.940072
59.19747 11.789884
19.626361 12.914254
-55.496295 73.017152
25.970022 83.948736
-43.578219 59.993706
30.102395 19.115367
30.057849 21.03324
67.10938 3.851081
49.383 -1.656188
67.213505 -3.405534
28.248447 79.578707
66.366878 -10.227293
-48.245168 64.445992
-59.643266 82.17961
25.459026 87.733226
27.309799 77.201502
-60.098316 85.079287
38.439212 14.872038
20.586932 100.721907
70.856843 9.269915
26.600401 85.28719
47.325748 4.531993
30.424733 31.296124
28.896654 82.264637
33.856884 6.099629
-49.710233 54.105758
31.840708 37.474538
-52.529948 78.475343
63.057025 17.734617
31.385179 75.261006
-53.370335 69.133863
-57.575163 63.69323
27.274004 14.142205
37.009734 59.499255
26.771578 70.643835
65.331736 13.010492
19.536548 88.039151
21.562736 88.370376
65.104468 -1.302876
38.145948 21.96826
