//Synthetic=Synthetic_00745_J80

J=80
MT=20
Vd=2
Vv=1

p: position coordinates = 
0 0
36.419297 -35.204374
-47.779684 38.634523
-14.036116 15.227432
7.286678 0.46066
-21.212107 25.672399
9.453542 38.3842
-28.937239 43.100264
-31.371478 11.557431
29.167844 27.417209
-10.804816 35.892092
-26.987195 -22.539353
-26.139064 33.066167
-49.843202 -16.423938
14.260293 10.804497
16.292892 -48.752085
-4.359705 -44.324343
28.77088 36.191057
9.635262 10.307918
-2.471883 -32.292965
-19.029026 46.885773
39.47766 12.259433
35.74776 -61.288807
-19.526969 -28.231466
35.264673 -0.698683
19.883095 -43.051331
-8.66008 -33.261662
11.293124 42.926458
-26.362389 33.81408
30.092884 -24.563669
-31.766111 -47.296498
26.453621 13.670084
7.895855 -27.672465
47.784745 46.921286
1.817861 43.795589
29.240595 -1.870305
11.811276 -9.19325
-49.805209 36.385837
4.312854 25.228087
-38.447329 -14.035733
19.284191 9.330692
-15.933016 20.262072
-15.031882 35.084331
-27.090352 -33.744874
-35.190552 -20.494954
-40.142154 -20.120042
-20.745853 17.570526
-32.775094 -52.558693
-41.623494 -52.700072
19.559771 -6.441027
-26.429999 -41.957216
42.50457 -41.330172
-7.961414 3.745624
-7.53184 -11.971789
16.147599 -19.035537
-20.889485 11.385375
-15.497215 45.550034
26.0377 -29.524869
-27.349757 -14.971707
22.65595 -44.507002
-36.232736 -14.233028
24.892402 42.910638
3.565653 -13.12048
-42.376387 -36.87739
-10.513611 -34.263367
7.374116 13.586434
45.054567 7.031657
22.857176 4.20568
-5.072487 7.977228
-39.332131 27.679591
28.767275 -35.107576
-15.76542 -59.719789
37.750491 1.787437
0.997421 -5.840324
15.767628 -5.172362
12.661361 11.863492
41.92312 -16.293973
25.946203 -4.308035
2.824588 28.993542
-46.689236 -7.623904
-30.69397 -35.469772
