//Synthetic=Synthetic_00998_J80

J=80
MT=20
Vd=2
Vv=1

p: position coordinates = 
0 0
17.072875 14.026122
-22.672982 26.225738
-25.044217 7.825366
14.708425 -24.874661
-25.111341 -30.316781
35.672183 38.611013
8.848564 6.711383
41.926433 33.417691
3.168315 -0.595382
59.853433 6.673413
32.161724 29.82533
-28.159618 -0.813173
70.22696 31.876091
31.31556 -10.726525
0.120189 49.318896
57.483709 8.295174
-19.133759 35.528539
17.061302 -33.214254
-8.361741 -18.982153
37.882364 -2.095252
-20.927464 -12.012922
-7.979465 -18.62775
67.740183 6.50416
-24.518285 27.516551
11.812575 35.914201
-13.909745 29.323139
20.834298 1.271299
36.767381 -29.512175
45.276133 4.825619
1.667622 48.709746
-12.084054 46.509675
9.363685 34.917411
51.924967 -25.035946
-16.687354 14.451501
29.786484 14.182383
65.434089 31.730891
35.030644 -18.397458
-6.867615 23.592674
62.123643 -9.675836
42.564919 -10.342251
48.806844 -18.804069
6.675127 11.06093
6.096085 16.982086
-24.293868 -11.787991
61.933209 33.223619
58.262951 -1.945742
-16.610307 -28.606292
40.748291 19.984085
24.409138 -41.922328
52.083898 0.138272
-34.264305 -11.105332
66.273073 -0.407927
-10.354366 25.272004
22.411071 -0.164614
-3.776652 25.883441
58.992016 -21.157746
47.156918 12.487406
47.765291 12.572231
46.029999 8.489918
56.411079 -10.165023
14.684974 -16.46191
-32.805794 8.36433
58.466554 15.311305
-26.336998 -7.937903
-2.228809 7.204408
23.336432 36.423865
58.210273 -15.815971
-16.50261 -24.521984
-13.005725 31.503678
-8.884163 41.053756
-20.693505 35.651609
18.839606 11.952033
30.426405 34.69162
48.429351 10.555132
19.914908 14.4408
42.294318 -10.002097
23.470072 13.555448
42.78432 -42.089284
8.292483 6.386303
-4.499572 17.007959
