//Synthetic=Synthetic_00870_J40

J=40
MT=1
Vd=5
Vv=1

p: position coordinates = 
0 0
-3.084738 25.798471
-12.698819 11.878622
-14.240294 18.427427
-11.089196 25.446776
-20.349917 21.511355
-14.149797 19.907394
-15.767112 24.792396
-10.106753 24.052692
-23.730675 11.413664
-12.4893 18.03311
-11.846239 25.87954
-14.889792 19.507595
-26.670059 12.272729
-25.440249 26.669062
-17.98755 18.157766
-20.696635 15.665199
-25.79708 -5.000835
-17.875244 32.004388
-17.720399 22.994387
-21.032099 22.652281
-16.886643 21.027116
-15.614729 -16.627624
-26.800712 -1.158222
-17.932665 25.195077
-14.81084 28.725293
-34.388084 2.923745
-12.570283 20.239597
-18.686713 21.188547
-12.934849 28.412062
-14.239414 24.669127
-24.194824 -4.27859
-21.203767 26.577023
-10.139191 19.000244
-21.33232 16.760316
-11.590865 16.965335
-13.396163 5.704525
-25.693092 17.174613
-15.864368 20.388258
-22.910264 -9.351066
-22.79932 20.454019
