//Synthetic=Synthetic_00893_J80

J=80
MT=20
Vd=2
Vv=1

p: position coordinates = 
0 0
55.341469 -39.756367
-24.858651 -65.029071
52.941978 -15.226897
21.561636 77.56982
-44.299185 53.036913
28.369736 -47.292499
67.23891 32.181989
37.83119 68.841418
14.374624 -74.861024
78.873038 -4.813027
11.522194 56.582341
74.384975 -4.877548
-55.30199 50.604643
28.671877 -27.094972
78.597363 -21.406237
-75.438773 -42.39708
-24.950528 27.226451
25.870414 -52.246359
-42.312669 65.194293
35.819052 -4.658636
2.270031 -39.698793
61.888293 -31.459805
18.479917 39.922372
60.007118 -5.876234
69.444978 -6.833383
-25.464744 73.247917
-50.495877 -46.027557
6.294026 71.666615
54.58339 45.066821
-67.436487 36.709713
-57.338831 -37.586029
32.47514 76.305128
-17.015114 -66.087761
50.642451 8.035251
-22.110847 -39.226526
11.86191 66.473619
-15.766625 -45.045487
-80.396298 -0.861189
-31.606394 45.682086
-59.188976 54.552715
-11.797839 34.290813
-68.407592 50.516291
27.673368 19.453259
5.315243 -31.539421
23.696795 37.011826
32.227427 3.17349
7.706307 -51.962753
33.997302 -20.05114
-74.509732 41.600626
47.948599 -14.402219
-60.32042 -10.935602
85.184729 -20.940895
31.151896 -0.301535
59.49374 24.792961
-58.963455 -17.86144
63.86964 -42.807377
51.333228 -40.334021
77.338522 3.363531
-14.191355 -28.618539
15.182103 -22.684789
-37.496042 62.551804
-86.673007 14.713207
-38.654559 62.548056
-81.004343 -21.311939
-66.347023 36.521156
-63.252242 31.701004
-10.309685 45.032839
41.487562 -26.271864
15.235046 -45.158003
22.075846 -36.691518
-83.795596 -6.818172
16.802937 33.053926
11.66149 -34.660921
-41.31709 -12.041184
-70.667365 44.408083
-60.393175 17.934576
-18.462615 -48.699091
38.136164 -37.604941
-42.720626 -10.853679
-5.988092 -69.102129
