//Synthetic=Synthetic_01056_J80

J=80
MT=20
Vd=2
Vv=1

p: position coordinates = 
0 0
-36.712489 15.393854
-52.46966 -73.905543
31.568625 -10.082
6.744047 31.448543
-78.586625 24.108928
-56.531859 70.732082
22.300752 35.661652
30.666008 26.296254
70.945788 7.411165
-70.114145 -29.769646
38.489018 -16.607099
49.367009 -20.603055
-65.815026 -12.957858
-52.374763 -67.402827
12.649917 38.724096
-29.340189 34.773275
24.047477 32.910756
-27.918304 64.380786
-1.164598 -48.775398
43.998007 78.886215
-1.567468 -87.241614
28.479891 84.981202
81.396451 -40.362215
-10.321362 -77.639609
-42.750168 25.077236
61.766123 -45.216312
70.488072 -45.322917
-85.248387 -16.278035
34.836656 41.950392
-60.198042 50.832594
44.257092 -19.041447
-19.708059 86.233544
59.890539 -49.940792
-27.701423 35.353298
62.473169 -39.764406
-5.532853 -25.137653
16.74123 25.995558
-40.110635 55.175808
-54.702177 -70.987711
-15.3898 -38.72623
-16.862752 84.286864
14.336201 -31.100854
19.821687 -67.269403
0.050219 72.239181
-19.757997 39.865873
-84.15165 -1.875741
26.93034 81.30212
-12.924311 -32.572931
20.036807 -38.159825
-34.45622 -29.724366
-46.958062 -35.623451
-14.605602 30.136602
71.264479 43.417778
46.338959 32.949602
-8.879634 79.734651
-43.506246 -8.618367
32.77591 -48.427832
48.91581 -24.542755
42.453447 -41.237156
35.082261 -12.26141
-41.312785 70.763858
-61.39124 5.683056
50.658064 9.521375
-36.033454 -21.555593
-10.612851 64.216026
36.086923 -29.254448
41.880424 51.87193
-65.995651 -9.836504
-24.570994 -31.393719
64.947991 2.232185
-45.870876 -1.694939
-42.775026 -71.957668
-77.183312 -45.315943
-75.86829 -27.981179
67.27484 -9.166135
-21.576845 -56.289498
-66.557078 -32.147969
-46.348663 -49.328932
77.980132 -17.44426
24.858816 -42.45791
