//Synthetic=Synthetic_01272_J30

J=30
MT=20
Vd=2
Vv=1

p: position coordinates = 
0 0
-65.79042 51.058534
-53.547205 34.62798
-61.904897 1.929144
-17.716571 10.898532
-28.822902 56.685009
-62.443216 75.549846
-33.70826 -45.439743
-48.805185 59.867812
-20.587365 -64.004438
-41.767682 -51.823219
-41.849735 31.492038
-31.172504 -20.445111
-3.347976 24.077039
-42.546393 50.424146
-7.935901 -12.534003
-44.830916 -53.138013
-95.405357 29.345157
7.639834 6.797955
-73.667758 -10.59259
-22.778263 -4.889989
-29.910615 82.073106
-15.426755 46.283154
-81.54527 -4.973644
-52.699256 -25.636976
-24.696387 -31.721528
-48.233282 -18.779325
-92.559236 22.952146
-54.405438 69.971577
-14.590698 48.001899
-70.906302 24.365581
