//Synthetic=Synthetic_01767_J60

J=60
MT=20
Vd=2
Vv=1

p: position coordinates = 
0 0
-22.162699 14.651054
-43.506004 -73.976109
-30.762473 -40.85547
7.236267 22.219669
39.117457 -5.719107
-76.876372 -17.840394
21.842294 15.204275
12.642353 36.487787
-2.544147 11.610783
-16.289571 18.911263
14.843314 37.42689
-37.783668 -14.00979
7.906781 15.541274
-24.489038 14.107282
4.055166 1.451204
-40.116424 -12.419777
-24.25298 -52.927529
29.00266 1.870171
-9.636163 -43.866208
-47.895169 13.01063
-36.622012 -29.780482
-19.968272 -45.582163
-23.982031 -10.294914
-0.439068 6.310888
-20.421553 -47.454227
-6.279558 -54.114706
-4.830371 -27.180877
4.745938 16.710906
-72.184518 -16.209209
10.589207 18.949587
-57.945943 -7.288026
-42.252062 -12.378078
-35.531007 -55.951461
-65.905853 -31.530395
22.832428 -5.05852
-39.979767 12.386706
2.256593 -1.01063
-53.26221 11.445581
-50.685373 -55.253716
8.854382 33.339131
-14.433572 -43.578334
-75.503681 -18.508556
-29.702457 -11.5835
-78.024298 -7.441426
13.428575 32.319965
-61.624982 -31.552213
37.345722 -31.183129
-54.23837 -48.684778
-73.177449 -14.39718
-38.464076 -8.718049
-55.840615 -11.633484
-49.49759 7.330946
-41.697682 -13.868492
34.870649 -34.034824
-6.630658 11.749274
-30.4498 1.10682
-27.601284 -7.812124
0.998113 3.242823
-74.875924 -21.25386
-12.194646 9.347322
