//Synthetic=Synthetic_00602_J50

J=50
MT=20
Vd=2
Vv=1

p: position coordinates = 
0 0
-0.70957 -23.572604
80.872299 6.751089
72.698034 11.750654
55.794669 22.477286
56.482785 -56.149011
-6.123558 -4.604346
17.375907 16.344508
45.106669 -77.375479
39.890145 -65.480993
87.096341 -3.70398
37.64308 -11.706452
26.502865 -12.245924
65.425506 -16.358359
32.528548 -16.843404
81.822194 11.63005
-0.034145 -2.638964
-6.90623 -25.974298
38.010655 -50.885852
79.640221 -32.794765
45.297253 -91.25652
99.268542 -31.005692
54.559542 -29.2788
56.491825 51.037217
75.694375 4.049107
40.873773 -25.322418
54.041874 -14.715533
-8.360055 -31.66515
82.830265 -45.997066
59.205759 -21.887637
63.507812 -13.148076
55.63034 23.119898
9.400521 -29.251851
15.935559 26.612799
89.595428 -33.649493
8.030645 26.819738
102.005184 -2.969912
57.15511 -8.630417
38.114067 -33.807274
37.480516 -43.515736
58.487635 10.047922
72.01798 8.366672
41.109107 37.259157
23.721632 -46.375286
22.054814 -50.272484
9.948572 -48.587972
67.272006 -32.609991
34.164726 -20.121637
93.542542 -4.321574
3.596717 1.321894
27.716671 -3.528
