//Synthetic=Synthetic_00011_J50

J=50
MT=1
Vd=5
Vv=1

p: position coordinates = 
0 0
-36.291285 58.084371
-35.380961 1.974775
12.693569 13.712447
38.741489 0.870831
47.173044 -23.023176
-17.245987 -12.400093
-14.352661 39.341644
50.587274 -6.261497
-0.584346 -55.161467
45.826387 10.227323
38.309473 39.035893
-31.874244 25.694225
29.538522 44.091466
18.071519 -7.643393
-24.894893 -0.758122
18.834253 13.52488
-24.570582 -0.101777
-18.89994 -5.586225
-3.232548 36.317145
-41.857108 -13.903656
-7.583047 -32.985884
33.692465 -55.081241
-6.526899 -36.351746
48.225031 25.817701
29.965945 33.48676
-34.339563 33.081185
-41.323201 26.401305
52.342003 -18.999622
-11.118831 21.066594
-18.588776 -10.847109
7.182598 -14.184602
-18.232807 28.355836
-7.605722 24.257797
-54.498395 -29.564798
-32.082028 58.557031
-39.802225 37.333854
-29.733784 39.212019
-7.658765 1.260466
-11.694006 -49.948802
13.110137 9.362792
-49.004243 16.68838
-43.468556 10.331124
-19.263628 9.870611
8.812495 -15.970099
-3.524318 -30.26639
33.423302 23.934838
21.235839 22.802795
-10.181699 3.571729
-58.277853 -15.372944
-63.543499 -33.583667
