//Synthetic=Synthetic_01946_J30

J=30
MT=20
Vd=2
Vv=1

p: position coordinates = 
0 0
-25.451135 8.962077
-29.569614 14.422847
-40.171057 10.831152
-27.402672 12.425453
30.158277 18.19469
-31.992215 21.623145
-37.592518 17.913546
-31.619355 13.552564
-34.12015 5.984537
-39.907652 10.829466
10.697142 -21.289566
24.473464 19.848032
4.52436 -19.548295
13.944278 -20.84235
-39.383032 7.528391
11.982272 -20.842065
31.836855 19.583581
8.833672 -19.56708
-31.553817 15.978923
-35.28835 8.099076
19.32809 25.620765
28.685081 23.402939
26.35686 14.243635
21.334683 18.111013
22.239348 27.11392
21.008645 26.613695
24.736654 27.929329
16.685663 -23.492982
22.297085 -17.787385
19.278912 20.448872
