//Synthetic=Synthetic_01990_J100

J=100
MT=20
Vd=2
Vv=1

p: position coordinates = 
0 0
-44.325137 80.155854
36.813 -16.773654
-52.555474 6.092844
78.038566 28.445137
-70.841869 -39.971312
-67.866539 -35.098801
-61.89866 -35.097131
-46.886681 -11.529038
30.180293 -31.705959
53.527237 33.586124
-47.235433 58.456931
71.124326 34.01868
62.015108 39.822784
-40.340298 -3.432433
49.327732 -12.762615
68.024204 43.185995
-63.825323 -12.883857
-47.313991 -43.022804
54.280894 -28.849463
43.898022 -25.452355
39.268287 -28.686139
-73.1341 -40.748757
50.069994 -26.701579
-53.773205 -27.276531
-70.077649 -29.528388
71.569291 39.621924
63.738418 43.014826
-49.711254 81.136646
-53.656842 -29.290935
-67.118115 -37.48402
68.837087 19.855688
-66.177924 -28.935761
-68.664331 -36.02272
-60.416617 -21.405268
-62.266069 -18.213744
30.333375 -22.170018
-77.526882 -36.4901
60.095311 38.324416
50.705554 -17.117965
-43.783727 70.622136
-50.537359 -25.864325
-44.05676 57.316526
60.898577 29.697346
34.013184 -12.671306
42.259549 -12.386694
-42.757546 76.188679
-62.700228 -37.235431
49.6477 -20.135018
48.99792 -31.14895
33.169404 -21.132875
-42.240069 87.217259
60.13937 -17.645892
30.784898 -25.162963
66.628013 27.149909
-54.387657 72.612589
62.573084 26.225353
-69.526525 -34.741138
30.891796 -30.225297
-76.09097 -31.985232
67.74015 41.637304
52.886282 -43.297055
-44.04578 80.34949
-65.340069 0.727033
60.403788 29.077055
31.319389 -35.457199
-51.251155 -35.306589
55.934515 -29.084361
34.100468 -16.024731
63.936502 35.266402
-39.686433 71.025128
66.00141 19.23536
44.183945 -25.266955
-63.899209 -45.4728
-52.547851 80.523348
-31.74005 86.665331
-46.372992 -7.917202
56.347038 -38.073111
38.908072 -24.877246
-62.836285 -26.767085
-55.082701 -5.927237
70.578256 22.203289
41.381414 -41.240119
77.500492 29.637335
66.52138 39.430353
53.968416 -30.703986
-44.726931 5.270953
66.080406 21.664863
-45.960447 -16.702174
56.591121 -31.022403
-40.087203 74.589145
-52.555192 -31.138689
-59.464501 -26.074408
52.897561 -22.085163
-50.091216 68.891893
57.847394 44.509942
41.546652 -19.960222
-34.747624 63.055298
47.60694 -35.4505
-76.739816 -34.608722
-31.868576 64.085093
