//Synthetic=Synthetic_00758_J50

J=50
MT=20
Vd=2
Vv=1

p: position coordinates = 
0 0
-10.521591 23.983623
4.076012 2.858663
42.594505 -21.692912
82.629972 37.91209
61.364839 61.770536
65.965206 48.454292
29.828088 44.461903
12.148386 63.461695
61.317132 47.083939
77.934874 37.985039
63.679594 44.959421
59.253571 68.2956
27.694114 -8.042968
25.258239 52.304983
8.37707 31.535698
27.488895 7.658919
28.91493 68.356589
11.904916 52.952042
28.280011 9.767318
33.396606 24.89809
16.212105 4.811039
41.433064 64.536672
11.033853 51.189149
-8.486384 43.448415
54.042913 57.950393
18.994369 24.719958
51.639348 57.388738
62.457603 15.732382
9.857387 69.187772
44.594726 31.297303
-0.229104 56.519398
53.971382 8.370828
23.854573 44.142633
-0.139722 20.114056
17.870924 93.924553
53.254244 54.36172
35.594151 52.687256
24.377773 -12.577594
63.308544 48.475941
4.251803 -0.262865
2.565214 31.262163
-3.699748 2.320763
58.220793 17.821091
47.547909 30.940665
-5.101736 31.627529
16.645827 38.847908
49.74689 17.49125
32.274923 22.391661
30.517889 63.297034
54.503849 27.975209
