//Synthetic=Synthetic_00231_J100

J=100
MT=20
Vd=2
Vv=1

p: position coordinates = 
0 0
37.779652 -71.394131
39.511566 -74.146785
38.53608 -78.669659
44.248508 -94.682331
-49.44413 -92.702751
-41.373582 -93.715465
43.210568 -95.262563
-54.015871 -83.482874
23.281041 -89.751329
34.581357 -81.995482
-45.202446 -90.346881
46.968196 -78.217875
-56.002498 -83.970308
28.722654 -82.720161
-58.216669 -71.768259
-40.860889 -78.499722
38.954794 -94.16719
-49.697446 -88.674783
-48.240974 -88.571065
27.089226 -84.036286
38.594818 -74.812893
-49.296468 -75.919347
36.596068 -81.379581
-50.091007 -70.561702
32.373341 -91.896066
25.381585 -86.299367
39.554143 -80.20026
43.605159 -82.348739
-40.017042 -83.225003
19.980745 -90.660367
-38.449551 -73.1552
-34.833731 -70.038544
29.116801 -76.927847
-42.09055 -67.264745
-44.956477 -72.375391
-36.848219 -79.767958
-31.712462 -77.542254
-37.275113 -84.172381
-33.1131 -83.348667
30.040977 -93.466382
37.633502 -94.770248
-34.474624 -90.305916
-44.604478 -61.047276
43.332658 -80.595326
-51.717787 -87.385257
39.91704 -87.824944
39.089371 -76.663861
46.677916 -89.161639
40.565922 -94.033474
27.103021 -79.651761
-32.672922 -84.679909
-39.292565 -70.729933
-42.93741 -80.773059
-42.914524 -88.416881
38.921728 -96.676548
-54.494881 -87.536846
-42.644366 -91.055576
-41.063709 -89.29484
-47.559905 -75.312294
25.431766 -78.869096
-48.548531 -85.063172
-47.096483 -89.711006
-37.290867 -73.068967
51.367109 -97.431834
-39.133747 -67.64979
-42.423315 -93.487675
25.561301 -87.785052
32.770644 -61.827718
-32.760401 -76.127575
-47.671767 -69.145222
36.070419 -80.83961
29.594456 -84.111752
27.614435 -85.075382
44.294862 -81.667034
-53.234324 -85.471549
-54.026726 -83.815618
-38.264745 -82.327293
-30.813569 -67.00367
-41.991984 -81.691337
30.295312 -83.119746
-56.072765 -94.290846
31.567553 -61.622143
-42.062842 -75.491794
35.782892 -69.728679
20.39911 -80.459826
31.154646 -82.657716
-47.095726 -80.295522
-56.239836 -82.437667
-49.000539 -86.010344
35.731852 -85.861598
26.381734 -92.869776
-38.651936 -94.650851
25.445524 -75.188027
31.558757 -88.900389
-52.513711 -76.333706
-42.296645 -71.406665
-32.627713 -79.328858
-45.513063 -72.790905
14.835157 -85.099147
39.76671 -86.018513
