//Synthetic=Synthetic_00667_J80

J=80
MT=20
Vd=2
Vv=1

p: position coordinates = 
0 0
21.22797 21.410928
43.509673 -22.462415
-29.759399 10.387841
0.233766 27.497453
26.111849 -27.992612
-34.289791 38.421293
24.571865 28.063328
-56.872982 13.677418
-31.736462 -31.613325
35.473987 -17.605697
1.845033 7.142005
-49.134131 -38.218975
13.414363 11.460062
-19.278677 27.799289
-20.958601 -7.683974
42.839644 -10.722091
2.207647 -32.462325
18.132947 5.642831
-69.823082 23.504699
24.490108 -10.160281
7.585751 -14.128868
-42.864422 16.757586
2.361758 25.079354
10.233706 8.137889
-44.046937 -54.338807
-9.686086 -23.296846
4.453948 -35.15914
-19.767139 33.007223
22.13911 -41.653763
29.100247 -13.823746
-36.957137 -28.772807
11.075159 -44.18209
-47.039821 -29.0713
10.982023 22.525155
-37.007722 10.447167
36.883588 -2.746151
-22.878461 31.129242
-18.406796 -30.002
-69.614192 18.1851
-0.904825 -29.184655
-25.344063 -28.219956
-28.602802 -15.169257
-45.052795 32.710871
11.339237 -27.991664
-25.868252 41.622087
-67.104357 6.377231
-55.060359 20.977543
0.366828 42.137659
-20.25921 28.632125
15.380958 4.125178
-49.054985 -2.952955
-55.461875 -25.566504
-36.556436 -48.355321
-10.950708 -1.303335
16.628061 18.149448
-29.795928 -6.306777
-13.532598 2.082948
-22.315733 -40.681648
23.135661 20.386715
-38.961578 -55.328851
-2.42345 43.208221
-3.949714 22.265708
-12.373188 -23.663564
-18.518016 0.10665
-14.79015 -22.658249
7.105623 31.016088
-32.842238 -57.325
4.240604 28.752824
-25.741582 -22.357084
4.667543 16.550439
9.252969 -20.753997
-24.149842 -3.493308
-20.540162 35.827606
-58.644286 31.486691
-30.575167 -54.307351
-20.709481 -18.82253
-14.054216 -6.841843
7.335985 59.997525
28.019051 -28.267442
7.226332 29.52022
