//Synthetic=Synthetic_01963_J40

J=40
MT=1
Vd=5
Vv=1

p: position coordinates = 
0 0
53.559807 -40.211408
-11.864328 -32.568585
-42.566201 22.497577
44.305658 -8.862421
-13.15772 -29.062453
-9.261905 12.848144
50.246874 -11.154142
15.739733 30.460254
-16.817492 -56.470539
-29.291516 -10.578007
49.842042 -17.435377
-28.93748 12.390782
-8.9359 44.354368
-7.493601 -35.357322
-28.364341 23.222555
-50.894376 21.079759
-41.282847 7.781135
18.862624 58.376726
-38.778026 7.752724
-1.909145 44.421751
-10.529786 29.528824
17.043121 45.921349
-28.681835 -9.202318
38.327943 49.569176
41.710572 -17.838398
11.453231 53.606984
-50.702897 5.368144
50.101029 -5.704112
37.319512 53.672741
48.647436 7.868837
-15.410025 -4.907525
47.554204 -39.451622
12.309519 24.439483
-13.54046 28.714973
-52.681086 -1.633388
33.352626 42.250801
-5.897278 34.721106
31.237044 -37.07371
6.83377 37.382985
27.985292 39.632903
