//Synthetic=Synthetic_02063_J30

J=30
MT=20
Vd=2
Vv=1

p: position coordinates = 
0 0
1.835647 92.913543
6.266788 85.980745
14.230001 90.549415
-5.88472 77.45159
-15.788186 83.575405
4.843373 93.136707
-70.204195 54.27914
-67.853078 46.808466
-9.231791 86.446218
6.015907 77.984916
-60.863807 65.05957
2.069153 91.079431
-78.784572 58.043443
-73.596416 45.558237
-82.684845 63.435154
5.674567 80.261163
-73.920427 60.387596
-2.668756 83.601572
-0.557066 84.442782
11.842586 70.511658
-10.789366 83.828814
-10.627582 90.038427
-2.581067 85.574009
-70.255702 54.214225
-86.582655 58.009253
-67.542921 40.043877
-9.346154 84.882171
2.82447 85.990656
-2.81361 91.413828
-64.935414 46.736154
