//Synthetic=Synthetic_00398_J100

J=100
MT=20
Vd=2
Vv=1

p: position coordinates = 
0 0
-5.763507 44.568371
-57.463879 -4.229857
-11.374956 27.270914
0.126281 40.339857
-66.589796 -28.176238
18.300269 33.305627
-42.494432 -8.76212
-62.806888 -7.518393
13.634312 30.295241
-12.613698 41.406107
-50.063099 -16.885903
-47.887331 -24.811465
-54.623395 -19.151864
-12.649312 45.842788
10.321164 33.823374
-69.165777 0.017701
-58.225422 -14.948848
-47.637618 -7.043868
-14.513681 30.907344
-3.665831 38.485934
-53.560155 -23.629263
-10.993332 42.144083
5.270991 45.125131
19.61348 28.801803
-22.059159 46.453894
-21.205747 33.523297
-8.008549 44.610946
8.355185 31.285135
-8.980487 49.983617
-67.352317 -9.59508
-17.626644 49.571947
-10.563393 58.538432
-55.145365 -11.334561
-0.778746 42.447724
-58.313486 -15.94918
-17.213442 46.384786
-12.323866 55.817076
3.866187 31.231865
2.940984 31.642314
-11.929663 50.796681
-45.410769 -6.688063
13.116754 39.298737
-13.251769 43.767398
-17.391106 42.637067
-2.666551 47.516616
4.007515 28.702935
-55.892818 0.864627
-58.937576 -1.569825
-64.751946 5.011134
-22.865671 42.159879
13.104276 40.031537
-59.156549 -14.734643
2.94037 29.533967
11.391907 30.258227
-6.835534 35.399923
11.264767 44.294901
-10.701349 41.967734
-49.793407 -11.43179
-57.281432 -8.561917
-9.192772 41.141841
-15.1014 30.029978
-7.153237 41.038878
0.628102 32.371719
-56.136794 -5.490677
-18.099853 39.21338
-57.785558 -15.295733
6.073854 46.377292
-54.878406 1.127081
-1.964603 46.781612
-57.313546 -20.588369
-15.230884 49.437691
-58.849648 -11.513145
-14.604467 37.229642
-56.728126 -4.622918
-10.984407 39.50947
-0.953597 36.317595
-47.656621 2.125001
-52.170514 -15.361972
0.688327 42.908215
-59.934085 2.964954
-25.25079 51.713256
-17.032879 52.256824
7.119532 37.079444
-6.238003 51.767407
10.497649 41.142845
-58.571374 -9.99425
-11.581147 41.966092
-60.051116 -12.890785
-6.904005 46.562202
3.654063 41.127815
1.029989 34.960761
-43.276695 -15.843513
-16.719204 46.223801
-61.564972 -4.381521
-18.788234 33.379698
-10.689426 48.712532
-53.459299 -25.153836
9.158225 46.02391
-74.951133 1.227039
-4.025169 46.786803
