//Synthetic=Synthetic_00611_J40

J=40
MT=1
Vd=5
Vv=1

p: position coordinates = 
0 0
-13.552045 -13.322558
-17.969448 6.650078
-21.213788 -16.833926
-29.623825 -3.625463
-20.393822 -7.092817
-30.615457 -15.382241
-26.661546 -17.247265
-21.350502 -20.558918
-15.189313 -15.724165
-27.284918 -10.368526
-20.604033 3.013926
-25.46907 -11.435027
-23.882096 -7.076212
-23.882838 -21.381411
-17.547527 -10.555494
-24.109157 -16.436692
-11.642054 -17.284973
-5.67805 -18.154858
-33.499983 2.852849
-18.851698 11.534015
-25.421957 -13.85459
-23.15171 -3.455397
-24.901308 -17.659324
-24.040361 -15.781976
-22.184622 -22.789104
-24.694168 -10.725548
-21.575211 -7.73905
-23.955781 0.888448
-31.438232 -5.509684
-28.415822 -16.199398
-14.664272 -18.185727
-21.650888 -24.451335
-32.791246 3.586062
-33.135391 -14.594753
-23.12761 5.33871
-18.328301 -4.21256
-30.303996 -1.534909
-27.311668 -9.935556
-17.675255 -2.600222
-20.893449 -11.882803
