//Synthetic=Synthetic_00718_J30

J=30
MT=1
Vd=5
Vv=1

p: position coordinates = 
0 0
-38.593463 -12.438529
-3.022127 16.674131
-16.97322 39.848496
-11.183837 30.799622
-6.888998 15.179789
-11.298589 -52.824375
5.472244 -2.548085
-10.124219 15.892454
26.824474 -25.12542
-26.939101 20.588339
18.253868 -21.339667
-16.502264 9.747047
-48.414348 23.733096
29.777659 -13.331427
-3.507733 -34.871213
-23.516453 -19.312941
0.990711 -49.552408
55.709505 -2.38126
-5.148953 -6.098785
-37.207166 -2.944222
-1.807132 -16.817761
-16.108119 -43.378968
22.62196 44.413655
34.635595 18.387901
-17.299138 -1.708728
-17.522709 -56.932079
6.686029 8.737032
-20.850553 34.388465
18.013923 50.511784
20.414613 25.236552
