//Synthetic=Synthetic_01738_J40

J=40
MT=1
Vd=5
Vv=1

p: position coordinates = 
0 0
19.145857 13.044385
36.566463 8.605546
-20.930932 -19.056881
16.984405 2.702152
47.761049 -2.373206
17.160944 38.114196
-16.988557 24.032871
20.871537 22.851316
20.441618 18.242985
55.117186 -29.732387
4.500954 -39.591858
-52.167085 23.037643
39.549535 5.481498
-45.425618 2.344533
41.861004 -8.072634
13.159605 17.131762
1.507328 -3.58958
47.995797 -29.855598
-29.850641 -21.683522
42.153071 -13.31712
-26.288168 -22.959598
-36.077257 -3.693911
6.648339 -28.427357
0.443365 38.762708
-18.174464 18.139528
-44.287656 23.158816
-17.812788 14.930203
46.032842 -22.504358
0.238922 0.289663
28.280988 33.13101
-20.49718 6.117937
-12.397006 35.775959
-24.056585 -46.125793
-4.117373 -25.234412
-31.727502 14.675997
39.300378 -12.301719
45.771444 24.223552
4.77571 -15.134873
36.517644 4.342095
-24.88107 17.619373
