//Synthetic=Synthetic_01108_J30

J=30
MT=20
Vd=2
Vv=1

p: position coordinates = 
0 0
30.100825 -26.270956
-28.466507 -9.432038
-25.02302 -30.868516
-18.556368 -8.909436
17.927735 -31.600678
42.74473 10.999255
-23.026805 -23.303214
-20.763001 18.609313
-15.6368 -2.261372
-19.628292 -26.353375
-9.569507 -35.941484
15.858869 37.696163
19.321946 52.604857
55.353392 -8.272615
-2.35926 1.174989
23.919436 -31.744563
-43.181539 18.7102
-25.261636 -16.951175
19.813558 42.506303
6.435148 57.676516
21.575062 -19.783856
-41.097618 7.894193
4.554781 1.961367
27.946081 7.854453
-23.100997 40.172019
51.71763 -11.461758
58.789778 16.057681
21.585802 28.003963
9.156815 27.992489
24.867332 -31.524424
