//Synthetic=Synthetic_00659_J40

J=40
MT=1
Vd=5
Vv=1

p: position coordinates = 
0 0
-41.177711 -18.225339
56.923455 -29.384884
17.677586 66.257812
-43.987555 -32.104037
-31.674468 1.260493
-15.524621 -40.619441
-7.329212 -59.86349
51.051545 3.539383
28.464821 -8.526916
52.716196 18.041182
28.155486 41.373018
-3.65784 -44.391486
-36.231111 33.020511
12.199043 -28.327488
51.981532 -10.037702
-7.79077 -66.782754
41.197574 -17.938143
13.133153 -25.816412
-24.967039 60.555725
36.579892 46.758187
9.000568 31.114371
31.230791 5.083207
24.743794 40.70849
62.00028 -7.351794
54.542441 10.379085
11.388854 37.264038
50.795457 -1.877592
-32.673764 32.235137
59.282946 -8.592362
-14.913883 22.691118
-11.685817 63.644317
16.611929 18.083641
20.911298 -24.333972
17.426977 53.925495
25.621436 51.331829
-62.134327 -5.633889
-2.1723 55.847156
14.444577 56.914397
-2.248953 60.897136
29.501223 58.179821
