//Synthetic=Synthetic_01885_J30

J=30
MT=20
Vd=2
Vv=1

p: position coordinates = 
0 0
-20.969501 -73.118689
45.74869 -68.239238
51.96021 -69.80971
38.446751 -87.130575
44.040617 -75.794203
36.965074 -74.853096
-15.07168 -102.484333
-12.955122 -90.356143
33.51485 -66.097382
-19.210759 -92.799487
-23.24638 -99.945943
-20.273221 -92.691373
50.295949 -85.342259
-18.934457 -74.139125
43.508611 -70.52333
41.050017 -72.04521
44.441138 -89.901787
-15.920471 -87.335205
-32.712764 -93.17311
-22.359674 -92.55512
-20.22073 -87.997179
-14.546954 -86.572298
-25.458829 -98.706562
48.676946 -90.334525
-16.048905 -94.71158
-17.255758 -81.960314
-16.637766 -93.242559
56.626019 -83.190554
-18.828985 -100.669419
53.074037 -73.588812
