//Synthetic=Synthetic_01412_J20

J=20
MT=20
Vd=2
Vv=1

p: position coordinates = 
0 0
-15.40368 61.570262
-25.688692 15.737312
-67.545505 10.179866
-33.991658 46.026953
-53.262688 12.843757
-26.667105 20.38602
-21.543175 55.723328
-79.16946 38.975385
-12.012302 3.573263
-83.122779 67.654329
-79.422216 -18.68436
-83.320147 37.275382
-64.310383 64.156048
-62.335537 0.930784
-39.267105 60.171291
-56.483807 16.352289
-70.002706 12.670152
-74.786496 33.905809
-53.78876 15.486849
-46.914137 59.272209
