//Synthetic=Synthetic_01682_J30

J=30
MT=20
Vd=2
Vv=1

p: position coordinates = 
0 0
74.231683 31.805003
37.860599 -5.316376
-21.260839 -54.738659
-6.218931 -50.867718
-34.679081 19.6932
-42.698908 9.050734
-62.076075 -33.461506
-10.180866 43.098711
14.466849 -62.150445
-5.648129 -58.007241
-37.051275 -12.274457
22.22595 43.61698
55.716131 -39.669304
-72.25074 32.895254
-27.872205 14.963292
-25.434982 14.374496
64.119121 -40.856145
39.957563 3.519613
-18.730226 36.608185
33.390861 54.987764
-27.191202 -65.15628
-13.213116 65.444434
38.275743 -7.996753
-73.686346 -21.581241
34.921443 -5.080862
15.943563 -36.020584
-65.904262 -0.381349
-37.061725 47.253707
-70.320282 -4.971399
33.385932 30.814833
