//Synthetic=Synthetic_01227_J40

J=40
MT=1
Vd=5
Vv=1

p: position coordinates = 
0 0
-19.137277 -34.596638
1.610753 -30.875632
-48.648821 10.188357
40.532212 -48.424008
9.177669 44.001468
50.269805 35.343716
-37.121793 -29.609118
-23.853047 -4.945366
-32.772462 31.694119
50.194543 -10.822603
48.819123 -22.512492
-30.564082 -9.631216
-42.432706 1.142702
-19.776978 7.875092
42.142705 34.720592
-31.949426 11.196711
38.335043 -21.921443
43.936586 48.749881
-13.844297 -14.398888
-11.008171 32.489579
51.458811 -23.799354
-23.011215 33.078786
-17.472701 -46.235622
-49.982685 34.958363
17.568659 13.678116
45.186942 9.271892
0.215234 2.001997
19.257891 -12.941389
-35.702049 34.32189
13.879925 18.997677
11.373444 -5.757158
38.18433 -28.25751
40.318358 46.26446
23.136563 -16.83761
37.746342 -19.857496
-56.285453 6.781722
20.435141 29.488908
-42.883899 -29.137745
54.48168 -37.706296
-0.657999 1.858711
