//Synthetic=Synthetic_01066_J80

J=80
MT=20
Vd=2
Vv=1

p: position coordinates = 
0 0
45.138543 50.090735
53.463634 15.90605
96.369931 12.465058
43.804129 36.024856
62.350806 80.14056
78.65424 -5.26777
59.158601 20.053678
64.014059 36.07392
66.50887 44.753744
18.209553 1.921712
87.436514 -3.723969
28.719713 52.55699
61.53051 8.684273
79.383775 62.978156
18.427774 68.028549
65.886784 51.039505
56.026282 -1.942583
81.418356 9.776367
80.291417 69.262599
21.958097 42.051951
82.022557 -0.727931
27.233294 34.539847
39.773487 16.491315
19.908928 10.252288
41.032142 14.128794
40.225885 42.186613
31.822337 74.380083
14.501474 22.00424
46.544764 29.767255
44.163341 12.791002
56.231263 13.328736
-2.404812 4.303033
9.211053 89.045414
85.140539 61.119021
57.119261 79.08328
3.602517 0.761131
42.820773 60.030265
55.512385 79.264898
47.050495 48.737426
-3.230545 98.949304
50.780727 25.911322
82.56435 49.106038
92.087713 12.910682
-0.979589 52.942047
83.413092 67.732527
98.129458 41.931825
48.744609 78.705073
30.917525 26.407985
43.130434 38.936053
91.974452 46.199018
79.243115 92.585075
0.164529 10.36331
80.659044 31.287131
-1.829538 46.606667
42.82835 21.078397
81.240403 -7.273558
50.658305 15.996753
65.181031 57.469039
22.034477 72.622233
61.551941 84.466791
61.608097 -1.609068
12.882846 -6.682747
17.343744 -4.535372
99.279776 85.667962
41.528224 83.713028
26.213477 70.920807
55.368123 77.465799
65.776347 1.032178
74.745962 84.481274
54.287586 26.692025
28.841475 -2.125796
33.177191 87.036891
60.227833 79.449761
83.986534 -3.928713
33.769168 22.724149
64.839475 25.725252
0.439677 33.870498
2.114212 56.568711
11.219591 67.98967
71.526019 58.063569
