//Synthetic=Synthetic_01300_J20

J=20
MT=20
Vd=2
Vv=1

p: position coordinates = 
0 0
-15.964369 -39.050969
-9.953142 -38.954791
-18.193959 -28.422716
-6.311779 -33.664674
-20.147636 -28.596474
-30.65389 -33.247402
-10.256068 -21.853174
-15.810567 -24.3402
-23.614985 -29.712318
-23.259919 -38.155068
-18.60305 -35.559866
0.994001 -31.440689
-10.27275 -27.504902
-12.47773 -32.938174
-10.396246 -36.169351
-16.700794 -24.71469
-10.987663 -31.970839
-4.908848 -37.773786
-11.936345 -45.868283
-29.554794 -27.897159
