//Synthetic=Synthetic_00099_J80

J=80
MT=20
Vd=2
Vv=1

p: position coordinates = 
0 0
-53.212305 -39.865627
55.889984 61.7717
-84.988378 -6.705627
25.724342 79.158048
75.934503 49.225892
-81.670636 10.559585
26.45794 -36.086787
-2.971154 59.787446
52.219087 43.467406
85.28986 25.813669
88.745218 31.047253
38.321178 27.208943
-29.162899 -31.713543
-83.014501 -48.267606
-17.965855 -86.839668
-23.028667 90.197344
60.907169 0.237905
90.394432 -36.96721
51.987888 27.795419
-38.769307 3.207723
96.57587 -0.451057
-74.924438 -0.561105
73.824941 66.685128
46.665575 -14.363158
-23.026423 -78.775057
91.969951 26.70908
14.535121 -77.288534
-64.479568 -54.838655
60.886871 61.608477
-55.616035 -8.244281
37.059157 75.239148
-5.864278 72.52334
-29.58887 -64.370023
60.666701 69.48443
-33.082048 4.520066
62.02763 -43.688417
-90.681962 -2.831199
-67.795192 -40.933515
39.704088 -3.831965
2.292012 -84.446938
5.279966 -85.37079
-20.247806 54.494894
58.23362 -64.803611
51.920719 10.723741
-15.023633 81.53629
-44.054814 -32.074436
-58.090854 -77.400228
77.407527 -30.473399
-79.796813 -27.592442
-75.395412 -44.369854
52.691749 -62.848037
-64.894942 -36.734834
85.004056 -19.907409
-94.278706 33.953131
39.222725 -11.823075
56.001031 64.032055
-78.66859 -12.336875
9.384839 -87.162433
-11.065701 -30.165261
54.698107 -14.446613
53.522031 73.534918
57.485024 -40.114577
21.40849 -26.760345
77.508591 48.942633
-23.974733 38.646831
80.604103 19.880017
34.114552 -1.879998
-68.892791 -45.939827
-83.43717 31.604398
-31.222834 -75.54141
-81.355866 -31.421969
49.173485 -21.199925
11.292107 -37.10234
63.059611 14.209238
-66.81769 -20.211653
-50.606774 10.382157
-70.408736 -56.948052
-82.325966 -41.649582
-76.605432 2.256347
1.092457 -43.071404
