//Synthetic=Synthetic_01789_J20

J=20
MT=20
Vd=2
Vv=1

p: position coordinates = 
0 0
-54.401212 -57.089261
-1.825731 -71.050776
-2.573848 -77.882988
-4.9325 -92.435345
-5.240885 -85.444689
-51.851644 -54.789579
-57.045027 -50.496267
-56.421 -59.193432
-55.802036 -58.244943
2.671511 -90.225833
-1.393697 -78.854725
-51.320039 -57.876078
-9.262296 -84.157232
-7.835711 -74.352431
-46.212276 -60.338901
-5.976783 -84.609188
3.755901 -69.780324
2.550464 -80.345557
-46.744985 -49.935683
-8.181674 -72.950447
