//Synthetic=Synthetic_01508_J80

J=80
MT=20
Vd=2
Vv=1

p: position coordinates = 
0 0
49.52687 -60.801849
47.277474 -57.913562
-1.334919 -44.998379
35.651764 -52.935731
0.785498 -50.791079
41.695712 -63.622267
9.112129 -55.562788
38.511435 -52.123568
47.952205 -50.745207
3.175835 -49.931363
-0.717222 -58.914681
-3.567622 -47.193086
36.073751 -52.099798
5.719626 -66.707025
6.083138 -53.837903
46.516325 -57.879424
38.875959 -29.265031
8.084344 -64.516164
46.513907 -63.976336
50.624221 -56.125339
42.439825 -41.99962
-1.899459 -49.118089
4.169135 -56.000273
38.751724 -39.224899
43.404695 -53.15603
51.305529 -43.370793
55.220287 -47.134928
37.217287 -40.041559
-1.526718 -56.200299
4.365637 -37.338504
36.300197 -48.606614
49.786852 -52.726452
48.748551 -61.121418
10.782895 -44.791398
1.481058 -51.682921
19.319725 -45.135179
47.044878 -50.468743
-0.044183 -51.492312
7.371162 -56.623031
47.859038 -47.993022
5.756434 -51.602825
8.484474 -59.557578
46.516503 -48.271365
11.820106 -57.679126
4.034692 -52.811168
3.841549 -48.322472
17.65601 -40.094448
10.342262 -42.162981
55.598566 -47.776975
40.817713 -41.746983
4.098554 -56.807504
45.214226 -48.949426
4.636686 -45.2829
43.102219 -42.082827
64.394272 -52.183194
44.30136 -37.278676
5.13486 -61.245001
9.112338 -59.407457
64.549235 -51.732194
10.302693 -35.108903
6.474955 -60.280027
40.371404 -47.832464
11.643905 -56.390665
10.77282 -49.183795
9.310516 -66.923926
12.980583 -40.761744
13.11079 -51.193394
7.504299 -57.462906
3.269632 -38.24738
43.678025 -36.360549
45.55587 -41.696371
46.79631 -52.016081
51.855148 -35.628403
8.559955 -68.65358
11.703989 -48.181626
3.963708 -59.641227
-1.992779 -53.088145
38.888564 -49.694688
7.289973 -46.493935
38.107669 -53.612585
