//Synthetic=Synthetic_01788_J100

J=100
MT=20
Vd=2
Vv=1

p: position coordinates = 
0 0
3.712931 65.759931
6.005172 69.181453
-10.917622 74.310681
30.416292 -18.648593
17.95127 -9.916249
32.573446 -10.500347
20.661462 -4.181084
22.90133 -1.49306
-16.385475 36.132879
15.893752 2.162053
-13.421366 -11.491423
16.799987 3.588126
28.245103 -14.658304
-17.129459 53.597424
-1.171515 74.941965
13.652218 -14.360718
-15.814208 35.31426
2.335697 80.150451
22.189665 -8.25862
29.094073 -7.391612
-25.027584 39.707623
9.663572 78.309895
0.717225 67.333247
-23.780414 -7.596851
-23.336909 32.668607
-16.867069 47.30618
-20.36208 42.424419
-27.295146 -25.160006
12.518504 -9.714322
10.234749 64.362297
-4.847756 55.710599
3.011034 75.554707
42.655871 -10.991675
34.059153 -1.99086
-15.208363 38.815004
41.499282 -0.351651
-31.491068 41.871741
20.502373 -0.807924
-24.821475 -17.571717
13.313066 -1.895095
21.237489 -6.467509
-17.626226 -0.792353
-25.27924 39.219109
-24.807778 -5.558386
-24.697488 -6.597496
-23.152343 48.347565
-24.010152 -22.780562
-19.612162 47.664997
-22.930667 39.011238
-13.441268 49.387896
-27.160707 -22.378969
24.527188 -5.049357
-18.691452 -14.753055
10.692257 74.51777
-24.013069 -16.679408
-21.752177 53.910587
-4.175122 49.535436
-13.537801 -4.443248
35.595238 -12.448865
39.445578 -10.772559
32.500167 1.273971
-9.334984 65.38058
38.214431 -12.000944
-18.645521 45.204338
19.698253 -1.427377
23.785727 -14.992315
14.045236 -6.038307
35.706731 -14.28842
-15.585349 34.170781
-20.612727 -14.474447
-1.818657 65.965045
-28.169692 35.510204
4.252428 65.028798
-17.48933 44.111575
38.757869 -2.693518
26.852458 -22.166729
12.306866 62.79453
1.379122 69.277597
38.170299 -20.429698
-29.343835 37.295788
-19.347579 -13.350861
-16.865649 50.835913
-9.280118 -17.915374
17.097263 -2.556975
-2.457013 69.403037
-4.281521 64.413081
0.882492 68.653743
15.557498 -6.575659
43.553827 -3.475451
-22.884089 54.462944
6.062994 67.709115
19.867302 62.761359
-19.889845 -13.75888
-11.850062 -7.861462
46.338324 -14.537278
33.182495 -5.386563
-3.680094 66.191398
-13.914514 48.545228
-16.929266 -9.534222
42.19408 1.870472
