//Synthetic=Synthetic_00649_J40

J=40
MT=1
Vd=5
Vv=1

p: position coordinates = 
0 0
-53.611872 5.436129
-0.028566 -40.760307
-55.691234 7.597253
-5.588174 -4.760287
-16.348521 44.244581
15.245182 -5.25583
-23.720671 23.690818
-0.265209 9.154763
-14.26893 39.211384
29.615427 30.552626
-36.595695 28.410369
-24.685684 21.758528
32.695471 -27.096122
-48.319447 -8.748491
-19.702826 -17.036289
53.212056 -3.801554
10.894819 -51.291693
-34.253824 21.408905
-3.508662 43.957625
6.097935 -51.625356
-1.643609 17.122965
10.680277 40.848627
25.039318 2.806259
-5.167684 -64.639716
18.424737 22.817841
-54.442342 -12.096812
5.138992 46.327195
59.420247 1.539706
-28.372686 -21.612636
-26.003332 -24.750311
33.329416 18.696125
19.712162 15.619509
7.382711 38.229178
20.582147 17.994464
-42.823323 20.481863
-12.867212 -5.921785
12.321731 -12.364466
44.336604 -6.209236
-4.963049 2.619005
11.068384 -3.842142
