//Synthetic=Synthetic_01699_J60

J=60
MT=20
Vd=2
Vv=1

p: position coordinates = 
0 0
-15.985982 36.03519
16.909361 29.507325
-36.21343 78.384439
-6.234018 73.930614
-24.64546 -30.465821
17.042294 56.557869
8.370794 65.208375
-26.729333 39.781137
-24.122374 77.633625
-19.438672 4.273795
-79.483498 33.794853
-14.83992 60.032064
-59.267188 53.403894
-49.863328 59.646646
-23.310997 99.938152
-63.553272 26.036162
-14.165441 82.629895
2.544242 59.057789
10.982906 85.655875
-18.401579 27.050885
-24.190889 90.112116
-11.439457 21.118641
-62.681959 52.947149
-45.251682 42.288779
-50.090945 28.067142
-51.236195 45.296076
23.082347 28.597658
25.964197 63.521731
-26.955683 -26.388137
-32.893356 -19.004482
-18.912793 -8.614406
-15.125225 52.294175
-23.655025 34.528146
-27.600929 -22.133534
-27.950689 38.914172
-1.767882 40.948608
-52.91873 84.429755
-25.802836 -27.27348
-46.829352 44.141636
-40.100875 -21.351236
22.608652 14.906533
2.887819 72.112772
-15.551353 45.071032
8.525402 71.078297
-9.47198 48.39406
-48.418224 35.031604
-26.469354 15.298468
-4.137497 60.461727
-3.30805 55.550394
-22.622575 11.294848
-57.174337 64.60117
-67.402392 25.14661
-48.523875 35.980943
-20.83002 22.698157
-22.541264 93.1762
-2.867827 59.090002
-1.893525 57.527881
24.485712 27.981938
-5.814365 61.487202
-18.733073 43.163744
