//Synthetic=Synthetic_01550_J80

J=80
MT=20
Vd=2
Vv=1

p: position coordinates = 
0 0
-55.513492 35.0786
15.241428 61.236041
0.504874 98.772648
-44.93296 20.435912
57.434692 90.885016
-34.805365 64.494814
-33.496428 51.000073
-27.294528 10.357654
21.356725 28.745761
2.542988 -3.006738
-27.714424 56.123765
-39.699457 56.80584
23.965108 46.730585
-62.025456 40.666641
-7.784039 42.035807
-21.194308 127.00083
14.575595 89.64833
1.311702 99.05071
-25.735159 77.480571
-35.838485 49.176963
7.985754 53.130283
38.118513 74.386584
-17.957697 10.279116
16.763342 9.871694
33.109925 41.467143
-38.522511 53.259299
-37.718908 56.521231
-37.401682 16.436532
23.535944 69.778538
-7.422589 120.219031
-29.126179 30.512459
-23.341782 65.080635
-37.456723 38.823023
15.363415 75.875831
-59.729238 33.255326
-49.621454 40.649756
-37.280114 60.640122
2.57573 71.271688
55.483922 57.029992
26.478438 7.784578
-12.427384 68.774123
-11.327179 51.851833
17.363736 8.465512
-28.761824 111.871351
5.173722 3.066458
-21.680766 65.774677
9.104615 36.830535
-17.11397 52.012795
32.868671 57.924509
-40.028496 27.117092
20.205502 98.790797
-29.237282 103.507963
3.39918 63.790795
-28.649706 15.89442
0.852302 -3.026757
53.912745 81.819888
27.686984 63.621578
-11.969489 25.745231
4.228385 70.992291
5.784231 71.452483
-8.208825 10.251506
-31.326 98.014839
-16.60774 52.424505
14.225236 106.658788
27.458259 35.110553
10.063466 82.035334
49.568787 72.22883
-15.249262 65.360312
0.646631 50.16048
26.862781 66.685914
-6.654113 72.360225
-49.457003 34.079764
-19.032711 53.044603
7.049182 75.835226
10.383434 25.887415
-25.939687 119.653107
6.982808 64.570409
11.693508 91.197571
37.789834 35.918485
35.413078 49.166804
