//Synthetic=Synthetic_01345_J80

J=80
MT=20
Vd=2
Vv=1

p: position coordinates = 
0 0
-1.827383 -24.741111
9.689496 -7.442113
5.556529 -59.946111
35.162216 -35.645655
40.971208 -26.887652
52.226836 -91.202619
5.711225 -40.849331
-21.519661 -39.443734
47.184782 -8.018134
-19.576921 -62.433083
22.145102 -36.792746
38.09409 -37.288537
40.1202 -12.275886
53.090476 -17.212899
22.153622 -30.686045
30.035736 -28.575474
23.334053 -11.060813
44.840132 -26.366355
-4.724388 -54.514063
9.481495 6.727577
67.493619 -24.400684
-23.060416 -16.883061
-2.371162 -54.545453
40.163745 -38.99042
17.488511 -55.104236
9.78273 -42.552645
56.117675 -9.535566
36.621571 -27.914708
-15.516632 -44.538234
-1.584565 4.001405
30.168563 -74.381842
41.267212 -19.913556
-16.170716 -43.860647
38.04314 -6.024846
9.425684 -43.155461
38.966322 -45.027318
53.722165 -61.903391
39.999526 -12.673036
34.614233 -84.315591
36.693597 -6.518229
-21.064614 -39.635346
22.713517 -50.326306
-5.125056 -13.189401
23.892583 -61.280021
41.900883 -39.133551
28.4544 -4.722949
36.574642 -25.82962
-20.22442 -47.590817
-20.893989 -66.459414
53.274249 -19.444961
18.2543 -35.128757
6.750666 -52.525575
-11.308114 -35.413052
10.406897 -61.446996
54.824637 -8.108991
19.460003 -49.520774
8.015474 -74.728131
36.018028 -86.419599
18.461455 -61.498724
16.407151 -53.133423
21.041235 -30.442302
30.008342 -2.118656
44.826872 -79.285565
-9.655817 -18.333307
42.784952 -31.655148
2.605148 -4.764742
0.200593 -11.881438
54.955582 -28.526615
26.412319 -0.349973
-24.639808 -64.030839
25.334389 -87.56585
18.359121 -5.555573
59.417223 -37.140298
53.267602 -60.805704
64.78473 -43.956335
-12.460205 -34.718822
65.303234 -10.546131
50.247615 -86.216489
30.271772 -50.596087
13.774799 -0.134834
