//Synthetic=Synthetic_01126_J100

J=100
MT=20
Vd=2
Vv=1

p: position coordinates = 
0 0
45.714877 18.263234
10.754782 -18.853387
16.92341 10.323789
24.289015 -56.38928
49.983358 -27.113425
26.542933 -21.551766
6.520265 -55.19658
45.85066 27.059584
18.725836 -0.382192
80.047588 -15.01331
6.428562 -11.665598
37.795095 6.018007
57.718847 -36.617178
14.348941 -1.101861
-25.776174 12.715296
67.464153 -5.511639
23.175826 29.111538
37.586649 26.718154
60.720021 1.341821
28.70055 28.449271
-4.994573 -28.760866
57.479514 -19.172295
9.517939 -46.412842
28.771966 -8.673498
12.00089 35.652599
47.117128 -54.820757
20.785713 -65.801696
61.726585 50.250484
15.385675 -1.94387
29.463382 -12.597413
2.57673 -22.420083
-19.928096 15.173042
22.126446 -34.554708
40.855086 24.015494
46.012358 -19.540026
22.360849 -22.369489
23.261103 -29.458192
15.670537 -55.254144
8.630786 -14.22223
9.856382 -33.001966
13.001699 -41.432428
22.450142 15.66289
54.856222 -2.108746
18.955967 -2.278208
52.604506 -15.539985
19.59653 -7.695463
52.098092 -39.965511
10.390897 -16.468375
-0.650139 -23.657942
45.593071 -11.197293
60.872228 -6.47793
77.488834 6.965577
2.97661 26.566973
27.406795 -38.230364
56.8273 38.656522
30.903778 4.144165
38.317869 -39.988318
40.942262 39.924284
75.759011 -8.31097
28.823157 -0.551166
-23.819748 6.470452
75.695332 -19.661928
70.795526 -29.090445
8.350737 -43.697361
21.580263 -56.268943
25.953737 -7.206971
38.28708 8.010664
32.788578 -55.485796
53.068857 53.590735
76.008451 -8.959204
68.998288 27.066095
60.071552 8.019537
47.617676 -23.391233
-4.630731 18.640802
55.713421 -27.766609
14.073735 0.275777
22.319345 -59.434555
-25.264764 8.847256
33.933185 -26.156559
-1.277578 -3.608424
6.800432 -27.175995
30.072108 -36.078033
24.97339 7.687571
47.895912 23.918529
28.605798 -42.476988
13.491256 -16.817235
32.945947 -1.945658
62.075141 21.815903
-1.059075 -48.33355
57.879257 20.840563
58.820409 21.795715
65.396132 -17.965354
24.139868 30.16909
31.895582 -13.069562
51.793741 47.842806
31.322619 36.858746
89.461653 -25.344765
30.194762 27.562758
41.47543 24.772874
-8.821529 -21.443747
