//Synthetic=Synthetic_01711_J100

J=100
MT=20
Vd=2
Vv=1

p: position coordinates = 
0 0
-1.778836 -50.978132
1.342819 65.948743
-7.472799 -42.467996
0.631735 54.672777
-3.695279 -54.751164
5.332778 -44.651596
9.883095 44.558388
12.33518 49.479469
9.540245 40.868832
9.875478 -64.8426
-0.63402 54.234511
-0.103068 -58.568508
-5.435308 66.18349
10.612667 42.987796
-4.244075 56.200316
2.433202 48.072651
-2.2419 -51.284696
8.954272 54.09901
6.300248 55.702928
8.036477 60.926739
19.189732 62.163714
5.523738 53.085712
13.725313 59.479746
7.649631 -54.035695
-5.088796 -42.871078
13.666646 58.747439
13.055472 51.976747
2.953982 45.832137
-6.341013 -62.634358
-12.432567 -48.836637
17.699859 49.686577
-6.507064 60.39825
7.033581 -63.066507
-0.515714 -49.916723
-15.056326 -60.59734
-0.370424 -49.621468
17.153678 42.93303
3.382463 68.426586
0.495419 -69.526917
7.886213 51.925224
9.708535 -48.498068
-15.574057 52.989847
1.636365 60.060108
2.438361 -63.254329
1.260173 48.73317
1.884589 43.967001
-5.106638 43.186666
1.945405 -54.31732
23.968722 60.78936
-5.755723 55.041558
5.417682 55.804055
-6.976032 67.390582
-3.692414 53.764519
7.516488 42.037977
16.627149 33.671264
2.728869 67.313405
-11.357255 49.202161
-4.120179 57.362377
-4.798823 59.815902
6.009765 -50.684893
9.085816 53.040895
11.812285 -52.689568
-3.991791 -44.873849
22.038247 48.635596
5.661122 -58.372253
18.751837 60.176648
-2.509033 55.082543
3.557716 43.95017
0.797525 53.742519
-14.70014 58.004031
-15.197894 49.398387
12.024218 -69.161077
5.3097 62.204154
3.711292 58.532871
4.661377 -56.370608
11.734297 56.032604
0.346489 -63.754165
-11.640869 59.967313
-3.755092 52.376289
6.577963 60.572357
15.536287 51.704174
-3.101265 -57.968009
2.284324 55.551442
5.294856 59.875553
-4.606165 -53.752647
5.915135 44.351603
-9.690535 58.046693
-3.676601 -41.28325
-7.378964 61.870395
-5.888219 -64.888802
-14.991698 36.692038
-13.746993 56.85045
1.540885 -60.287271
2.831192 37.100521
3.77059 -56.782872
3.240693 50.949058
3.038212 -44.34193
-7.648109 -56.011718
-10.846821 59.853814
5.088369 63.68893
