//Synthetic=Synthetic_01082_J50

J=50
MT=20
Vd=2
Vv=1

p: position coordinates = 
0 0
-82.238001 28.637057
-28.524957 88.84482
-63.075388 19.866462
-68.771944 19.389372
-39.016388 85.891029
-30.438448 77.037416
-59.265339 33.237086
-72.392543 31.104117
-24.513518 71.281454
-68.690516 31.029315
-24.914961 81.709165
-25.542271 86.345495
-29.115304 76.218912
-27.343039 74.002189
-23.062493 69.188603
-33.669373 73.705278
-67.612424 26.656287
-18.237444 63.263581
-67.744728 36.167156
-27.05269 82.706217
-20.107962 85.39924
-69.826033 27.661449
-66.62051 36.730171
-68.081542 33.061289
-76.762013 29.603264
-75.485061 26.659737
-71.45847 37.629268
-65.292644 20.463727
-22.027029 69.582119
-27.6665 89.619799
-21.011603 79.629804
-28.951034 76.488654
-23.278686 70.63161
-15.984348 81.240799
-23.213936 74.620881
-20.467896 78.116459
-77.789586 28.44944
-79.22845 24.811574
-75.191761 39.296527
-77.928752 33.414646
-75.008976 32.807616
-15.83041 81.297233
-76.101589 29.739645
-73.999581 31.761153
-77.888118 44.244152
-79.241268 33.862803
-70.556473 45.634255
-79.049293 29.828201
-65.015237 32.490475
-38.904581 73.402348
