//Synthetic=Synthetic_01928_J50

J=50
MT=20
Vd=2
Vv=1

p: position coordinates = 
0 0
72.770659 37.625474
36.820841 91.695476
84.226532 25.080922
36.894498 79.246949
85.431761 35.489981
75.80498 32.302353
74.65634 26.430961
62.40475 28.958966
35.68817 98.252083
79.01746 26.506667
44.02427 82.976543
31.744272 81.868299
25.099625 83.452079
80.546938 14.982359
39.591352 96.001415
78.546158 30.87049
34.04467 80.110887
73.929217 31.078073
18.070801 79.681649
83.806592 34.764163
73.46141 27.573841
41.586361 93.678919
24.666212 95.160376
32.373381 87.790187
36.715832 88.636164
85.446209 33.289916
78.860407 36.15753
80.568807 25.534224
78.643256 22.053891
41.657453 79.968175
29.046873 79.34499
44.718533 97.45195
40.260546 91.904729
79.342792 35.353672
31.474642 91.768833
43.429342 84.173696
64.342329 31.251291
68.047131 19.234878
41.495961 84.697367
68.636905 33.851759
28.949829 92.193959
93.48651 23.917841
35.196493 96.580419
80.73541 29.099935
36.693011 92.396403
32.269611 95.91729
79.907214 23.035814
39.198349 87.151868
84.078888 31.02463
50.408626 82.89944
