//Synthetic=Synthetic_01058_J60

J=60
MT=20
Vd=2
Vv=1

p: position coordinates = 
0 0
-46.201943 -26.988932
-69.500397 -43.835171
-69.585809 35.318085
-64.087614 -38.514774
-66.317316 -25.693866
-56.369101 -54.821073
-70.053283 -42.460463
-71.389728 -39.082542
-62.973461 48.254516
-64.796827 31.077194
-44.920925 -40.06951
-68.561488 -32.603751
-65.689698 46.78457
-60.36681 -44.271469
-74.252982 25.299564
-68.846344 -40.350127
-68.693366 -34.604585
-61.497048 43.531434
-57.980595 -39.82
-66.562291 -47.816777
-59.217708 29.953373
-77.230676 -35.25721
-59.061686 -36.70435
-66.305734 37.343823
-72.612796 32.273845
-64.872582 29.423092
-71.833235 37.974176
-68.411214 32.945667
-74.925071 -41.958249
-59.865701 -42.091309
-72.003502 31.103653
-62.604912 -44.064126
-74.778782 -38.132178
-69.958334 -49.394567
-62.891103 -46.701051
-69.941366 -29.883044
-69.442449 -35.732659
-62.508214 -39.41692
-64.634423 30.828422
-64.731735 26.270882
-68.351387 -40.521202
-49.818902 -41.458191
-60.589773 -39.907532
-48.908878 -36.0154
-61.615427 -40.022426
-64.176293 31.219128
-72.41643 -36.518377
-63.055413 -31.070908
-59.928986 -36.406374
-61.231134 -46.654411
-68.159349 31.758261
-58.681625 -50.939266
-82.269415 33.042944
-71.556214 29.319788
-64.215487 30.008833
-60.280846 -47.046109
-60.767288 -36.635791
-64.687854 28.662025
-62.062533 -39.46273
-65.147763 -44.072429
