//Synthetic=Synthetic_01972_J40

J=40
MT=1
Vd=5
Vv=1

p: position coordinates = 
0 0
48.661791 12.780372
35.842092 17.625647
-6.403194 30.422869
-31.419614 25.756988
35.534586 -14.454333
-24.993352 43.355093
34.770797 -6.829126
-1.291072 48.185313
15.713444 34.029712
32.693818 -2.029608
7.566617 -60.223282
-5.977299 -40.655317
-48.605588 -6.995431
-27.104329 -2.262088
6.811765 15.552811
-3.518028 -4.271566
40.034559 -20.533509
13.594714 -56.610427
-28.775891 -36.40562
3.655738 3.369632
9.392804 14.977896
-28.593547 -14.629745
-42.619045 -10.686995
39.410171 18.786008
-4.74156 4.938407
-40.95067 -31.094636
28.824478 35.90725
-42.437437 5.579637
51.142818 11.462635
-14.923843 35.39928
-6.628952 46.1222
11.813804 -9.46857
24.78409 -15.579052
24.065921 -53.278676
20.286812 25.549641
-57.615326 -11.168512
-22.613872 -6.238293
-8.883073 -39.345926
-7.317037 16.979595
-16.207711 -20.837586
