//Synthetic=Synthetic_01748_J40

J=40
MT=1
Vd=5
Vv=1

p: position coordinates = 
0 0
34.174538 17.30298
32.965157 10.959855
-17.754713 55.376529
18.737219 -23.13579
23.956234 -54.932421
-11.402066 26.497518
-11.820576 26.999864
26.625878 8.297788
-46.380403 -16.443285
11.392902 54.6479
-11.985873 -49.325257
-41.550835 -0.281877
44.959054 34.850109
31.039107 -16.073762
-53.376103 34.34511
37.714063 6.060333
34.739343 16.456027
37.781508 -40.235893
34.566917 42.486791
41.765983 -0.710248
7.606923 -28.603796
52.408191 -39.816019
-21.028225 49.107318
7.140006 -25.120642
-1.555405 61.33387
48.387225 -29.424045
-29.439869 17.602456
-0.561682 -62.242644
39.597003 47.901058
1.060178 -36.497923
18.686118 -47.090707
-4.928625 50.382622
13.919276 -35.944992
-31.533471 -23.051329
-33.329954 40.445784
-52.512589 11.306293
8.692265 38.081296
-47.64424 39.090171
-0.901096 -36.29817
-43.618453 49.007826
