//Synthetic=Synthetic_00763_J50

J=50
MT=20
Vd=2
Vv=1

p: position coordinates = 
0 0
-32.698662 75.563614
-76.703408 12.904302
-31.083801 65.431703
-70.834689 22.037574
-37.00589 64.682084
-73.379707 12.739748
-34.74169 60.03707
-72.021092 25.427461
-42.058741 69.846435
-44.589951 64.862337
-45.667968 62.311898
-30.298786 70.614496
-82.86187 9.563404
-76.013117 21.477568
-38.633941 67.470108
-38.182653 67.62617
-78.631183 22.046717
-36.125386 51.43609
-46.674128 61.598921
-60.330697 9.598025
-24.674457 65.225235
-74.944726 20.630138
-75.091564 15.128462
-42.491187 58.931934
-82.217408 18.738631
-39.122703 74.50313
-75.87061 18.527978
-68.620053 13.203118
-39.130536 74.186951
-46.007079 68.191559
-70.984209 18.901303
-79.950189 4.876666
-50.642631 66.371841
-76.968706 33.223014
-33.560814 52.549071
-40.381503 68.874605
-67.88933 17.754818
-46.377421 64.586798
-81.290181 24.551584
-39.87203 66.087002
-72.263974 7.575694
-45.811124 69.401699
-65.468038 13.641024
-74.562939 11.593441
-75.903887 20.895534
-82.353094 15.040957
-77.514728 12.07026
-71.785492 22.261074
-69.406884 23.375649
-66.629857 15.098795
