//Synthetic=Synthetic_01283_J50

J=50
MT=20
Vd=2
Vv=1

p: position coordinates = 
0 0
57.741484 37.489004
64.959196 35.871045
-25.268641 66.472417
-12.400566 30.510839
73.578519 36.500347
19.357075 61.775152
-35.416033 50.147826
-30.973487 -29.836297
-35.691211 -31.463387
-32.451801 65.854592
20.519821 63.680569
61.734708 32.582194
67.480295 59.999218
63.116717 32.637187
-29.87569 69.911096
19.644365 75.907727
-29.646508 -4.768188
16.08036 71.357381
70.21086 34.751684
-26.479895 20.724305
76.411056 33.276113
-10.812682 26.003205
62.143352 33.722388
-22.430723 -16.037864
-1.746492 27.139443
-20.20861 67.268257
-33.701467 59.365663
-41.655814 27.782692
71.892019 39.798726
11.114995 70.185041
-14.322852 28.808625
-28.741763 64.310461
-5.925388 70.726806
-21.579562 -14.903692
9.394864 65.101491
-34.428642 -19.748379
62.024409 27.980943
-19.76488 -18.09568
-33.744463 63.44493
-25.475709 28.680493
-12.75539 -24.893344
-34.807028 30.580626
-17.124315 30.282696
-25.023425 37.850084
-25.552352 -33.081927
-32.783217 -8.58735
-33.439846 63.966678
-27.23111 55.968253
-28.449464 -30.178439
12.448809 62.479246
