//Synthetic=Synthetic_01250_J100

J=100
MT=20
Vd=2
Vv=1

p: position coordinates = 
0 0
-8.955494 -42.465593
-15.760755 -45.844658
-14.719846 -1.18076
-0.119865 -63.80109
20.525791 1.077785
28.546458 -81.704459
-10.788077 -42.519664
-23.204066 -53.390181
27.945167 -29.008733
-13.537757 -0.087739
-24.098616 -46.123117
28.75956 -63.564472
13.081501 -6.064891
17.587519 -84.124391
2.290378 -58.458783
-1.876451 1.84003
29.971447 -20.677325
0.174225 -59.879045
-30.929105 -18.275581
21.466328 -54.029941
22.015378 11.435026
-5.546525 -29.967271
-14.115155 0.476029
11.928234 9.682948
-28.25902 -71.751479
-9.871632 1.006309
8.212252 -20.288299
59.225019 -46.818693
3.399527 -59.577119
0.996425 -93.605757
-18.530322 -23.618358
-35.884709 -20.89229
32.156977 -17.904783
-22.247764 -22.873032
-41.17732 -26.121208
41.249994 -63.60746
-30.05701 -23.220069
-35.642753 -10.770862
0.152952 11.379479
6.076923 -26.998291
-35.942158 -25.029368
-32.803177 -19.368483
20.236551 -37.302779
-12.441475 -35.049797
5.886251 -58.955432
-45.480914 -31.828703
-19.110744 -77.786575
47.719802 -61.396569
37.49003 -21.513213
-26.823173 -34.379787
-28.83505 -15.718376
-5.101418 -59.421172
-9.642522 -39.536202
7.965528 -51.825281
38.593403 -29.958455
34.485037 -22.082515
9.482513 -50.68648
0.63467 -23.521626
-2.245208 -47.162091
17.14543 -60.575834
33.946343 -35.979075
9.342627 -48.060515
-1.307692 -57.017484
48.215891 -48.467605
39.151448 -18.296444
6.712374 -73.103811
-16.532567 -86.592715
-5.568328 -60.920676
5.718607 -42.333721
40.782663 -61.497357
24.208434 -21.966229
13.898146 -24.773711
10.87265 -46.129882
14.693731 -26.823377
8.159376 -65.133394
-2.352034 9.09671
1.299422 -39.188499
-17.862535 -90.232316
-4.6024 13.903202
-8.999158 -12.917355
50.529837 -47.807994
-21.774215 -75.576087
-26.819245 -24.783702
30.27627 -49.71122
13.832044 -34.571151
19.845585 -53.576703
12.039441 7.903922
29.870239 -35.57881
-4.907893 -90.216046
52.266382 -51.936674
-21.67236 -23.156564
36.509899 -62.738481
-25.729818 -56.3471
-8.498729 -13.442668
19.900099 -74.301862
-18.925586 -32.342088
25.893337 -42.960369
-47.418473 -17.007119
29.492528 -54.762975
-13.368362 -44.257654
