//Synthetic=Synthetic_00793_J30

J=30
MT=1
Vd=5
Vv=1

p: position coordinates = 
0 0
-29.438116 -24.690215
-2.622648 -27.548407
12.500513 -13.497965
-12.776867 30.191378
-2.346626 5.685419
45.113279 -10.349118
45.07679 -5.175223
-34.312091 15.119293
-32.598845 7.201823
-35.786664 12.796079
-36.452534 -26.104532
5.133124 -20.225252
5.67389 15.287664
27.761381 -25.59835
34.1467 -7.91829
8.341712 -42.972088
18.606753 8.962859
33.219502 -6.787128
1.133554 31.290918
24.457311 -25.859273
-16.811276 8.350426
48.107472 -2.916078
16.987637 -8.878236
7.051152 -13.742138
14.754787 22.741385
-23.701063 -17.297837
10.514669 -11.378802
-18.862115 14.262464
-19.259523 18.718289
-15.998719 -11.235899
