//Synthetic=Synthetic_01061_J60

J=60
MT=20
Vd=2
Vv=1

p: position coordinates = 
0 0
73.098919 40.179057
83.484058 -28.553041
79.999394 -20.331442
71.295796 -28.307099
83.600371 -35.932003
82.144364 -25.311619
69.096018 35.711
79.008428 47.255011
68.304978 -26.509467
69.601411 35.28255
72.50166 -20.986921
71.948969 40.875232
80.940901 -34.231698
78.722037 30.371702
78.005844 -18.31964
83.776212 -19.247369
81.855872 36.542681
76.272918 -26.501932
65.749832 -43.180684
72.803309 -25.369768
84.973898 -29.21846
69.379157 49.224754
73.039596 33.624298
74.225735 -33.245894
75.046407 39.782069
70.152108 -28.175904
81.414341 -19.781129
76.66453 40.623728
77.877254 37.315316
71.059237 40.25615
81.321861 -17.586917
75.108529 -30.938281
80.256138 -22.586221
87.960832 -22.470533
73.706504 -24.620922
71.221037 -30.668906
81.499699 -26.654665
70.790747 -28.284167
85.880971 -23.810216
75.233667 -22.34119
71.989798 30.194976
82.206032 -32.617903
72.666027 30.909236
74.413953 48.148902
73.574774 -30.708058
78.45624 -22.892316
72.400042 -22.071661
83.483886 -16.654344
81.270522 -37.86213
81.454417 27.44861
85.042741 -24.036238
79.984579 34.910588
64.962531 39.669227
84.324237 -28.017689
76.010876 -23.212784
72.971803 29.471406
71.297683 40.709326
79.074349 36.91404
77.598895 -22.928907
79.048726 -24.2999
