//Synthetic=Synthetic_01661_J50

J=50
MT=1
Vd=5
Vv=1

p: position coordinates = 
0 0
-8.872143 -10.697229
23.645916 13.669701
22.881919 26.439186
-36.416681 -41.041962
-5.137043 15.90778
-2.339758 4.507868
-20.352945 8.057028
1.568924 -38.417811
-21.434528 21.231082
-15.04166 29.29957
4.434621 4.70853
34.098729 -30.803167
-17.806942 -30.252314
-22.26587 22.024571
-28.83852 -44.20663
20.45992 -25.908283
-37.782142 -51.657774
-8.344419 44.468581
-2.417199 -49.280471
28.575321 20.429441
-43.182793 34.327515
5.731736 4.972166
-42.614918 9.47515
21.177896 -39.168865
-5.465103 -3.737478
-11.548679 -37.49356
24.300191 20.91747
-20.638471 -45.875626
-5.825719 -25.504318
-26.174619 -50.494988
34.687582 -3.024538
34.18366 -13.46432
26.684374 -6.090254
-7.677653 -3.168979
41.683168 14.870713
33.671008 56.358392
-15.120455 5.959292
4.396333 36.715113
6.350539 14.73186
-34.391144 -46.207875
-21.755431 -26.517015
44.085901 -11.017838
-27.619778 44.952209
-13.152275 29.812877
15.281171 -39.748054
-23.567556 -23.016741
-33.391012 26.039363
23.228675 -7.952058
12.128325 5.201702
-25.291332 25.220667
