//Synthetic=Synthetic_02052_J60

J=60
MT=1
Vd=5
Vv=1

p: position coordinates = 
0 0
-65.194002 -8.868859
-22.117159 -18.092897
28.70713 46.868506
24.854286 -32.482744
-35.032676 -36.722467
-8.080147 -48.28288
21.810113 -51.378504
32.944183 8.097629
31.439073 29.369693
-57.880632 -10.469465
48.143218 17.634082
-58.602312 -4.623211
41.320751 21.538824
-29.645568 37.382335
8.719184 57.318673
-63.442987 -27.537917
33.665697 -7.958371
-69.767564 -9.457708
36.971964 -10.095018
-8.523669 28.979263
33.275685 40.540518
62.35899 11.204023
-48.379186 45.151128
18.385547 -30.141847
-27.165364 9.678395
27.487655 -18.962323
26.073567 54.416358
-13.636857 -16.588822
5.544688 30.740613
10.795883 48.132392
-48.287887 2.379024
20.895279 46.940572
-28.199275 -11.67935
-21.913195 -14.944722
-27.189774 23.252092
28.820975 9.680876
25.231622 30.303712
5.078644 40.486183
-3.274207 -29.206194
1.066396 -19.075006
47.844081 43.603779
-7.328425 39.554175
-29.278512 3.93132
30.619233 -11.644865
-40.257658 17.56731
-32.245112 -16.426712
28.848009 56.828418
4.772608 32.138794
22.153662 -35.377279
-60.393441 -15.08074
-43.482216 46.431784
62.045777 4.337704
-13.453959 56.504572
-18.234542 -27.18063
28.469778 -3.611763
11.049984 31.100704
-60.307973 5.611799
-25.422683 23.08535
37.213288 20.569253
-46.190615 -33.405557
