//Synthetic=Synthetic_01196_J40

J=40
MT=1
Vd=5
Vv=1

p: position coordinates = 
0 0
-20.271163 20.146845
12.637448 -22.319299
13.475651 -26.264501
-2.777744 -11.10889
16.020171 38.394337
34.80915 -15.486646
21.743857 -44.691004
10.241217 -58.621062
-25.222054 -29.134744
-1.9198 -63.595158
20.325408 9.953555
35.488466 13.500571
30.334048 -4.663114
-2.228043 -15.157259
-37.274514 -18.5092
38.265467 5.649707
-13.787413 -38.776225
-4.18209 -40.648212
-20.589465 -22.674806
-33.125521 17.290735
-1.118167 -5.190558
-11.830275 -10.602763
21.521712 -15.642317
-28.985623 15.321722
-33.258805 -20.715408
13.270539 44.600099
-25.512374 -15.285051
13.414785 -14.687976
-3.682423 2.519155
-11.194149 23.793739
-38.576701 7.338975
-39.592409 -2.306159
11.433302 44.5199
24.784047 -30.281964
20.491176 8.161304
0.146991 -23.754204
-35.146474 11.623259
-3.26452 -19.299953
28.935367 -19.055224
36.48261 -20.231292
