//Synthetic=Synthetic_01966_J60

J=60
MT=20
Vd=2
Vv=1

p: position coordinates = 
0 0
71.652501 -71.934457
-77.866388 -19.5824
-0.379922 -90.562359
80.271673 51.117545
45.321838 56.161994
-36.318704 56.56826
59.428348 51.632667
89.779457 21.322873
67.683299 24.333503
12.437628 -81.319011
-77.613621 8.616861
96.116698 -17.838145
15.984648 80.649125
20.362938 -96.682423
73.2521 54.773303
47.018553 80.206682
21.388572 32.749495
3.109518 -65.148102
-63.836257 80.172437
-30.444295 -55.617789
43.016315 -15.176727
31.380628 99.642746
26.863395 -40.406391
-38.877438 56.583504
-12.973937 83.764552
-13.639713 -96.932237
-42.259867 -25.65791
33.708514 24.427595
-34.881258 23.020232
1.888546 50.79922
6.95302 -68.033914
-58.426913 -29.602286
-41.844904 30.670344
-49.847493 23.436241
41.478977 -64.474293
-42.114004 -58.50518
-20.428478 -42.281707
72.635762 8.151398
-8.018244 -48.759089
6.125883 -54.079149
-91.963269 -35.249244
16.289144 -76.025385
79.196605 -1.764974
-38.089438 11.208041
16.312896 -81.789701
80.412775 51.197101
62.440347 -81.462802
-41.506873 -31.675337
10.316855 -71.236314
75.768764 50.339588
-30.540748 -25.045559
-16.0537 63.363411
70.926362 -34.4306
-28.610258 57.688854
-29.783408 -75.391959
24.8281 30.916407
-19.807176 103.851544
-42.130735 -59.403955
38.14413 42.68041
-84.694014 -46.81227
