//Synthetic=Synthetic_01347_J100

J=100
MT=20
Vd=2
Vv=1

p: position coordinates = 
0 0
-16.579973 59.145803
-21.345581 -40.400037
-20.062755 39.214001
-10.740865 -27.618734
-37.721178 30.464977
-6.149023 -36.24423
21.516372 5.032705
-40.762413 15.751053
-8.149567 -32.578125
3.516343 38.776312
-11.61678 51.989953
-34.375965 25.999158
1.284781 -39.352887
-6.389064 -37.279752
22.625939 37.330716
-6.42056 45.158148
6.015466 32.726808
26.649726 -1.377321
-11.458527 -26.963248
-30.667722 36.607724
0.416418 52.07962
28.830525 3.988198
-26.378595 48.022992
-24.098235 -40.502721
5.206993 34.459666
8.716653 29.738467
-7.022976 39.464468
17.757396 41.183509
-35.957377 34.179738
10.597984 -7.969813
15.15825 -2.986598
-37.328133 32.309693
-14.617198 27.756842
-8.13793 51.212268
-21.298103 -32.330846
-16.604249 47.670655
-30.887461 42.972803
-41.850801 22.721482
-29.493212 30.190998
26.520619 -11.518404
9.379129 32.192333
29.651569 0.943172
-30.156351 -38.460584
-18.194472 -35.492954
-36.489314 39.400154
-23.256912 40.18295
16.936862 20.413255
-25.539293 34.981005
3.449093 26.052232
-17.056433 52.538503
3.500717 33.216815
-3.363288 -39.497352
16.892288 -10.850266
-25.180232 39.378041
12.912925 42.859201
22.602032 -3.419558
21.376464 -13.256314
25.289831 -0.548365
-21.683367 34.494508
-24.790497 -32.936152
-23.456084 27.076849
3.440391 30.87649
-17.789204 40.685802
-15.032017 -37.77845
-41.732686 43.171294
7.732402 -17.335346
10.588332 30.729787
32.251813 -13.017646
-32.570042 32.089611
-26.945486 47.012867
-27.555057 39.030763
-45.179737 28.572993
-31.118329 62.561205
-13.607126 -42.551371
4.759997 30.07999
-16.548848 35.528208
10.718261 24.921246
-31.586459 45.646518
26.879691 -7.270435
-30.094752 29.774289
18.573169 -7.068484
13.620926 27.703221
-11.610026 50.78212
4.748446 37.306303
-23.713885 -41.779488
-18.577624 -51.642973
-17.160173 -40.193439
-27.520483 44.504963
5.789559 37.374003
-9.57799 -38.823843
-34.938035 7.5882
-13.337871 37.285731
-17.327881 48.303346
-13.006218 -47.851801
-32.731149 -34.793012
-7.091464 -44.42435
-17.746232 -40.942358
-37.96738 32.292652
-25.475808 29.984612
21.213225 28.280878
