//Synthetic=Synthetic_01444_J40

J=40
MT=1
Vd=5
Vv=1

p: position coordinates = 
0 0
22.572715 9.313061
5.308535 -11.687209
30.650182 -13.744915
38.385522 -16.809006
-17.290215 -25.53558
-36.542049 -27.544631
30.890035 30.702263
-51.565886 -30.426705
1.510946 -12.707755
-18.883938 5.352575
-0.507063 -20.883846
-45.977937 -4.036468
59.191959 -5.977528
-37.514639 38.122124
41.590342 -1.304757
-19.42328 -57.955285
-6.046569 -28.723174
-47.184851 18.986428
-53.853312 9.570137
35.585309 6.897918
13.452829 51.328851
-11.432556 50.666237
-40.540398 0.226216
42.290117 -2.13291
36.92564 30.992098
35.065932 58.560354
5.819933 5.824755
-0.224461 39.484216
-32.698461 28.664145
-55.841007 -10.356943
12.954794 50.824202
8.915044 37.319925
-64.523833 22.331579
-40.339589 -55.876648
-49.464666 32.820374
-55.292279 31.11787
-36.309956 41.925125
15.219768 37.426937
14.942171 31.59722
40.282133 49.453069
