//Synthetic=Synthetic_00456_J50

J=50
MT=20
Vd=2
Vv=1

p: position coordinates = 
0 0
36.158495 -58.732249
68.567679 -18.355012
41.209392 -54.161163
62.414498 -18.814267
29.988497 -62.060808
69.510868 -17.590485
37.424985 -66.382101
70.833024 -16.593244
42.549139 -65.226504
72.418045 -9.677585
28.652611 -65.249934
70.918699 -15.614332
35.028415 -65.05454
31.03079 -57.328241
30.654247 -60.198942
73.746393 -17.083396
26.575756 -57.665397
30.148184 -58.451138
37.565385 -64.319957
54.328621 -15.18287
34.696066 -61.480115
28.218159 -59.577061
42.639152 -64.019863
31.486491 -58.74895
66.889919 -24.680383
40.60714 -60.183563
25.740026 -71.88014
31.570102 -64.09915
80.886628 -13.403523
28.610691 -63.149421
28.788215 -59.638229
36.823649 -70.736787
75.273972 -24.131738
68.265046 -24.694036
81.985299 -18.055429
34.386956 -64.96528
38.238166 -59.735084
34.437815 -61.265367
27.705574 -59.583747
67.196532 -7.630072
34.138594 -54.824841
39.512396 -65.273138
38.310854 -66.636484
35.242308 -62.732162
25.388587 -45.940723
67.883025 -24.803565
38.872967 -63.546228
60.53515 -20.797004
56.536889 -14.800302
70.298156 -12.841385
