//Synthetic=Synthetic_01021_J80

J=80
MT=20
Vd=2
Vv=1

p: position coordinates = 
0 0
-45.265337 37.999324
-19.014783 -11.357232
-31.540827 37.03218
-36.155518 31.716433
-9.493833 16.797506
6.23493 33.040042
-34.909432 36.855316
7.196693 30.590524
-22.376719 5.136083
-7.4495 -3.141086
-2.346404 42.358641
-40.927194 23.752297
-38.893671 10.830417
-20.096597 -3.662195
18.315786 8.784219
-11.536046 44.844696
-18.039132 65.757966
-43.74036 35.390264
8.668936 8.379778
-20.003476 16.769127
9.304376 3.517108
-48.961213 -5.364114
-9.969137 53.678878
-41.576013 20.313738
-9.668139 -26.931943
-31.423947 33.31822
-35.336631 37.629387
1.300994 27.472764
3.038011 0.539867
-33.786292 55.209573
-29.839157 -5.411874
0.232877 52.792404
-29.041716 -23.454723
25.438993 23.13009
-35.167671 57.501821
-25.205023 51.554963
-1.159143 -32.4025
0.502888 -5.256308
-32.547939 69.147526
-26.399553 31.118805
-10.075986 -5.030695
-28.674416 25.083082
-55.442722 30.137769
11.762258 37.405059
-27.273962 31.472449
9.029385 34.933548
-3.703637 -14.885332
-30.224976 62.308684
5.057017 34.022548
-15.312469 -16.065529
-40.996509 36.082874
-52.275286 -7.507302
-12.395138 7.789918
-43.406969 37.224538
8.109911 43.556647
4.061422 50.172183
16.869649 44.691771
-12.331514 -22.871112
-16.562844 11.844398
-18.343625 4.332736
-14.462686 49.289414
-40.628016 22.713738
14.249163 -2.680508
-60.419706 15.570632
-24.544719 41.33487
-17.940828 6.283865
-1.430735 8.806188
-1.139163 30.081551
-45.999163 15.163899
-26.43769 -16.072776
-21.682013 45.22654
4.168192 16.140357
-40.087117 -16.539488
31.139002 36.090251
23.313554 13.009866
-25.431732 29.411189
13.832985 37.804918
11.529277 5.197901
1.557163 31.430203
-7.514761 34.008991
