//Synthetic=Synthetic_01834_J30

J=30
MT=20
Vd=2
Vv=1

p: position coordinates = 
0 0
-70.775091 43.201846
29.929395 18.673435
18.739847 24.53188
-47.967669 51.769392
-25.137195 -81.687733
-11.31047 -61.33162
-68.697911 -9.325267
-4.810503 -73.329915
-73.563908 34.129301
-44.126048 6.905873
37.042455 25.285125
-39.022245 37.117808
-19.050142 -40.018864
-31.792202 -79.561713
13.99249 64.734515
81.911344 -15.826686
43.096954 -41.146359
64.625052 29.022422
4.240769 66.979167
14.467103 -76.820376
28.913165 31.535542
-5.534798 -84.952496
-46.773465 63.510167
30.106948 -30.61325
78.444888 -3.299991
62.082559 24.410079
63.508274 -55.389552
-26.618977 77.189458
-19.368563 33.692214
-10.578019 -57.545486
