//Synthetic=Synthetic_01964_J30

J=30
MT=20
Vd=2
Vv=1

p: position coordinates = 
0 0
-49.017315 47.727315
-59.368918 51.010374
3.064261 51.820628
-68.477096 -25.760726
-18.46493 31.932106
76.650789 -16.670416
-16.293086 65.903905
51.066725 -33.587276
-37.915741 -59.387927
-31.384033 66.261822
61.304902 44.210634
76.728648 -8.089436
-54.898156 -34.550689
-22.340269 35.656374
51.950788 -42.458246
-33.968858 46.819646
18.624613 -31.267554
45.585583 -49.262792
74.206936 29.016344
-44.64534 49.265644
67.392558 33.545304
67.055045 11.303549
63.950258 -38.835932
-67.646814 30.576761
38.959769 1.432455
-1.511021 -60.294063
-46.502743 4.762077
35.727336 49.087533
-51.11394 44.805336
39.740306 24.995903
