//Synthetic=Synthetic_01828_J40

J=40
MT=1
Vd=5
Vv=1

p: position coordinates = 
0 0
-31.509438 3.741163
30.648047 -28.57581
-55.593149 13.403645
7.579122 -19.959588
-20.552134 -15.720837
-48.815888 25.249332
-49.620876 -1.880592
-52.370402 -19.330364
16.794739 17.333104
-6.116492 24.450028
54.564981 -9.127929
35.681702 -33.872565
43.80905 22.749283
62.274241 1.301317
2.772472 -7.961225
-11.263531 -67.47369
4.348869 38.741021
-23.206693 -42.809174
-67.630065 5.292112
1.374987 -67.026621
48.009933 6.52677
25.383306 -31.837529
-7.051914 45.100903
12.306839 53.713366
13.51424 11.075688
-33.77332 40.079251
35.998536 -21.816941
-25.25417 -40.429185
11.022891 -67.265853
20.336509 54.902794
-31.254423 11.663575
28.262611 38.093526
-4.970817 -0.566564
-34.89517 -6.076794
30.870234 20.627605
-44.254733 -34.316964
-10.612084 54.729294
36.324234 -15.080944
47.900506 4.272251
4.340384 4.23319
