//Synthetic=Synthetic_01707_J40

J=40
MT=1
Vd=5
Vv=1

p: position coordinates = 
0 0
-32.164227 -5.531441
-26.910089 52.902776
24.533049 17.892348
9.190876 43.34031
21.170826 -50.769544
-49.963941 -22.386636
-6.691186 -48.615301
14.241901 -20.688108
18.947152 16.406096
44.219038 26.044856
8.264986 -25.235514
15.944723 -25.074431
3.645431 -1.068349
16.837968 12.693278
7.380078 20.701175
45.779234 9.884448
41.359681 -6.013665
5.659715 41.062581
-27.588234 -25.902119
31.894884 41.615028
-11.89261 42.027435
0.043836 46.528828
23.76481 15.641653
-23.1149 -17.713917
-8.064181 41.85913
-26.778408 43.851794
-1.749423 -5.230987
12.969446 34.562469
-15.38598 8.170558
37.089455 -14.073275
-34.607562 9.570454
-40.565682 10.702858
-11.211385 37.424978
-29.797655 55.921005
17.252016 -37.51915
20.29781 -18.774803
-26.733743 -23.932351
31.410346 -20.110824
-5.837811 -38.774892
22.141692 -42.536898
