//Synthetic=Synthetic_01675_J60

J=60
MT=20
Vd=2
Vv=1

p: position coordinates = 
0 0
21.03988 87.441119
46.245661 -41.137585
75.054096 0.306678
43.705838 -28.059054
12.036124 85.326
55.618246 -4.222116
57.65787 -22.878101
-4.158919 -31.535662
62.405986 -18.755766
52.084281 -14.38034
12.113106 -24.747874
57.517122 -22.478113
30.949334 -32.707372
4.755188 -17.677552
59.102259 2.333043
79.827072 -15.951142
61.455331 2.534482
80.415472 -12.583679
15.450886 85.229546
83.27587 -18.002974
3.377237 -16.967986
19.720204 77.156249
23.636236 95.083717
17.963228 90.187673
-1.083945 -13.063389
62.844638 -0.047833
8.261916 -26.742423
35.169048 80.228809
67.024865 -17.122709
22.466519 -24.341477
43.952362 -33.000902
3.469862 -19.427764
9.900144 -10.113508
62.128139 -2.773179
61.545689 -20.227257
9.901859 -11.749208
15.529404 89.284101
72.190194 -5.046075
68.233501 1.205745
60.376734 -15.319226
19.093563 77.365497
10.314972 74.82102
1.868531 -34.98429
67.773455 1.212358
71.514149 13.943046
61.596414 -12.059198
69.059682 -9.217637
13.663151 -18.10714
18.643478 69.873281
39.643394 -23.91595
22.428692 84.416843
83.921269 -17.636068
40.481317 -3.933295
15.090454 78.123906
87.486543 -11.129934
15.519147 -27.33196
74.582539 -5.229541
14.454945 81.547219
24.003486 80.243482
14.287615 82.808595
