//Synthetic=Synthetic_00216_J40

J=40
MT=1
Vd=5
Vv=1

p: position coordinates = 
0 0
-5.986465 -10.818768
3.551273 -17.699531
43.772217 34.139884
16.825549 46.467194
-9.532994 3.325627
5.549436 -44.000012
-48.198422 -32.693266
15.677262 -53.838407
22.787853 33.045781
-35.520197 21.91503
17.698541 7.381925
52.613348 23.47267
-23.80418 17.31481
11.345088 31.45467
48.047945 11.76477
-19.617431 -38.325406
43.5152 7.718997
8.367636 49.411923
-44.006771 -16.402852
49.841453 4.811249
22.128765 -60.076198
-50.679204 -23.262799
-8.655836 11.196533
-21.670573 41.661078
27.336801 -25.92976
29.529546 -8.211458
-31.387703 44.853738
40.80544 -18.009147
18.760992 -15.953099
33.751453 28.310903
22.655525 37.889151
-7.281878 56.441106
30.581376 -13.254933
-32.636327 19.891448
-9.386889 -20.697886
-0.265763 10.117118
6.289593 5.2923
-71.219989 -20.022678
-7.737798 48.873281
4.762406 -21.806466
