//Synthetic=Synthetic_00839_J100

J=100
MT=20
Vd=2
Vv=1

p: position coordinates = 
0 0
85.362024 28.65646
84.544274 30.177846
27.423446 84.37107
50.130892 75.463741
44.420649 78.526654
75.255353 17.409762
33.371186 86.924294
40.894184 93.516044
42.030071 87.450132
30.815527 85.164412
37.96881 73.769597
36.782142 80.699926
83.092446 24.48902
74.079739 22.219223
43.892054 87.566733
26.57362 88.355752
73.76288 30.870278
45.664545 79.34166
81.131925 23.004413
84.950391 24.236597
45.350835 82.516859
36.140693 96.057401
41.193773 77.274283
72.456519 26.036875
38.154362 62.875786
32.919332 79.535634
42.905464 80.032297
91.664185 21.660073
79.194694 24.725659
83.730494 31.481978
47.192038 84.288444
29.619244 65.795582
45.179813 74.297399
44.167243 77.463362
77.728701 38.301608
79.897269 32.938465
36.08263 77.93155
33.877439 78.91398
40.776662 82.659485
47.689735 81.962252
75.409829 28.401082
31.202251 71.829886
95.853931 27.586909
74.944793 22.634429
36.161449 77.011956
40.83825 77.317256
53.340329 78.697202
43.300782 82.032813
34.082131 82.981055
29.852993 71.783022
48.229656 78.903973
31.251449 85.224402
81.84456 29.880803
90.608786 33.067564
77.948926 25.257352
36.162003 81.284629
82.23977 8.269725
30.464569 76.673036
36.888685 82.821414
79.966648 30.922903
28.173662 86.742803
72.755883 40.568896
32.308676 70.213208
36.340115 77.312007
76.325608 11.067259
26.854132 82.05847
71.522567 13.687636
28.392005 87.783288
75.385064 19.935285
37.98203 73.27486
31.567443 83.531924
66.611315 16.925051
30.259879 86.504283
81.686905 24.886226
28.051873 76.465414
32.212725 81.818012
35.39005 91.677206
92.011024 14.60874
77.71755 35.822011
40.624792 73.766924
85.295034 19.449551
31.157199 86.631614
87.496649 28.606426
76.501679 39.317487
35.39717 76.045968
84.892092 23.749624
50.312606 86.275088
22.783115 69.274473
82.16992 30.273819
85.151109 30.412385
38.306049 78.462756
32.836063 75.40692
81.703566 34.081498
83.281233 33.195112
87.440963 34.238978
37.990177 75.713252
74.723321 34.517027
28.957125 74.753342
40.599752 79.026085
94.721207 27.369602
