//Synthetic=Synthetic_01294_J40

J=40
MT=1
Vd=5
Vv=1

p: position coordinates = 
0 0
38.036129 -43.269998
-47.725869 -59.074338
50.902197 0.054292
57.142505 3.799162
-47.495942 -6.79729
-4.658696 27.778026
37.225688 7.670407
-18.038382 5.717837
1.877815 -13.815515
-22.681597 -1.397351
46.439182 23.806056
-30.652845 -35.559394
-1.043824 33.344101
11.954356 -12.633356
6.137696 -25.202003
-54.197488 -38.067378
14.485286 18.292141
53.845764 -22.125753
-8.831731 25.460979
-16.572227 1.235197
40.010587 25.220625
2.000361 -34.830461
-56.584991 22.447078
-16.830592 37.692578
62.140779 -25.854187
41.776211 9.60552
11.536914 -45.068465
-18.957717 18.344135
46.96295 35.018295
-4.235272 41.998313
1.823206 1.623968
-56.555452 33.377965
37.71061 -39.316235
-48.894201 21.122475
20.894598 37.693107
13.990457 -3.617812
58.233191 -4.749396
-45.595834 -38.075889
14.258695 39.775137
36.452313 42.334101
