//Synthetic=Synthetic_01771_J80

J=80
MT=20
Vd=2
Vv=1

p: position coordinates = 
0 0
-32.206941 -58.260101
36.055567 -37.005389
27.632916 29.431361
13.489302 4.852673
44.669416 18.152596
-39.749276 -17.520408
55.974298 34.254013
-9.671378 24.80286
18.229625 -55.938886
29.891862 -56.205008
54.153224 -19.680324
2.817197 -55.294379
45.014821 24.915941
27.530705 -44.506459
-41.039339 27.430703
14.816899 -59.624481
3.064021 1.271553
10.269335 -12.043661
37.619143 -31.967995
-10.509663 -37.659653
14.217255 -4.71078
24.241677 33.395759
18.989058 -8.86357
-26.806241 28.449574
5.583989 25.475719
1.013178 -49.965731
33.759359 33.067318
52.675038 -16.322108
18.639446 -33.595547
-40.951023 4.174137
27.704687 10.02983
26.698762 -16.575189
49.871581 27.176936
-6.625791 -29.635785
46.070398 -45.907678
21.167971 -51.621871
-2.894534 -21.393269
-7.837949 -66.686739
28.699169 -35.783393
-23.975476 -37.947934
31.608531 20.320379
-25.87513 22.754989
11.489342 -2.007655
61.70026 -51.609427
18.674637 1.707409
-37.098969 -38.971499
-12.653513 -63.641649
11.123391 -50.577922
34.337633 -51.742304
15.26852 -64.072621
-35.166166 9.492378
53.788363 21.109203
28.18953 -52.073106
18.791083 6.449122
-0.150787 31.380829
-39.100882 17.484905
-20.75546 -25.010981
-12.694997 -59.565609
28.670774 40.0399
-6.764709 21.072971
25.089288 -11.63881
7.874166 -36.26994
7.076054 15.938451
0.714661 -1.939958
-38.030892 -52.977812
-26.446973 -3.326703
-35.455424 -28.720561
16.147074 -11.017605
-0.659912 -40.141864
59.899488 -43.259957
24.304675 25.500256
23.784383 19.887107
24.218809 -63.549161
-7.284516 -66.369205
-11.950863 -20.961525
23.581386 16.26649
48.302859 -1.394122
7.403944 -59.675815
24.671976 -15.198169
36.447333 -17.899903
