//Synthetic=Synthetic_01429_J50

J=50
MT=20
Vd=2
Vv=1

p: position coordinates = 
0 0
5.99914 -0.737586
4.144475 7.88215
28.239143 -8.354497
52.859957 52.57126
5.837989 34.59544
24.994003 26.49999
36.892635 -16.273687
-31.942297 23.531511
-10.006339 17.598872
34.987725 54.293189
-22.92543 39.650904
-15.424888 24.505255
24.988376 56.283101
-47.97775 30.136349
47.789 17.699958
10.202414 -17.719216
64.054919 26.698423
58.343332 22.698498
43.660818 10.320867
24.151552 -12.163038
-9.291373 31.683967
-16.542973 11.765705
4.412222 17.223304
57.085148 22.99824
-5.456253 10.308546
54.26012 56.114535
21.503928 -25.15046
-20.346327 48.461724
10.200153 -1.379025
-10.585799 52.665563
94.241011 26.669654
13.526158 -1.722794
-4.836618 20.457189
8.592556 18.945682
20.219052 55.399648
54.900572 2.292161
46.51791 14.60655
47.050662 33.926523
65.099409 38.309435
58.126344 2.276402
42.489797 -11.920854
-15.806431 37.183255
82.643635 29.899539
41.232002 50.941986
-0.625375 17.168684
25.364561 -3.22837
27.042894 25.407285
52.627122 28.725678
54.167404 5.252284
38.500814 5.974257
