//Synthetic=Synthetic_01977_J60

J=60
MT=1
Vd=5
Vv=1

p: position coordinates = 
0 0
27.17424 -31.347126
-34.066769 42.990098
18.640855 -49.793511
-0.556196 -36.809017
-19.85579 20.770048
8.519618 -33.101381
-2.754715 17.176777
17.847743 6.128393
12.899115 16.167876
11.517355 34.396407
22.120594 2.961239
4.778357 -40.710328
-30.405001 -52.680685
39.88964 0.039172
10.946401 54.226819
-40.872315 29.07144
-15.147034 -26.217178
40.477525 35.89923
15.400975 -17.588149
-2.661837 -40.332846
-2.49227 15.613292
26.581211 -8.829479
32.428027 -37.749357
30.121315 -36.287434
32.626165 -11.691364
19.761024 3.595544
-2.93052 48.640246
-25.748384 -42.113898
-49.052993 -46.537302
28.584413 -28.53641
53.92723 20.056481
25.365587 42.421593
-55.405809 -8.531699
-27.976497 -48.462511
19.626087 57.959035
16.079797 -22.185664
17.129941 -18.712299
6.564528 16.266493
44.484235 32.819653
42.094617 33.512465
-33.192198 47.842117
8.029363 -35.960592
20.959363 0.348529
35.074009 -62.933204
-23.904912 47.31042
37.769118 41.959343
35.5912 -54.056141
29.409044 -42.816774
40.922917 40.339757
-48.160398 -36.599313
47.333191 -8.846066
31.219662 -33.142301
14.810509 7.995954
-35.113028 46.775744
27.044058 37.467395
-16.408638 -32.279487
-61.044744 -11.355637
32.761613 -44.924338
-29.392688 -40.92128
-9.726962 46.56872
