//Synthetic=Synthetic_00237_J80

J=80
MT=20
Vd=2
Vv=1

p: position coordinates = 
0 0
70.914461 -57.693957
58.446309 -53.971413
93.846632 1.110379
65.745318 11.429105
97.083845 11.593509
92.137287 15.10559
74.514326 -55.902514
51.628827 -42.364017
76.740156 7.792184
56.143353 -42.225475
67.496648 -45.133033
84.689391 -0.068475
73.536421 11.410508
89.577336 4.714798
93.428481 -5.990478
83.325536 10.340297
66.34185 -43.351682
63.197559 -52.63428
69.867256 -55.92438
57.634613 -39.24986
71.822212 -51.385777
76.680444 10.566054
84.213221 9.227588
87.008598 5.819853
91.297837 2.196546
62.857024 -48.709381
65.435963 -58.516735
69.025242 -44.194672
99.265299 1.729674
73.85139 -45.55204
63.445494 -46.536452
69.065989 -56.954061
55.059861 -40.770873
53.493198 -50.354591
92.683762 6.818373
60.979225 -49.553223
61.886133 -46.364158
92.231825 5.604195
74.081266 12.097627
87.142007 12.59882
65.74671 -61.533307
59.605608 -47.011992
62.916232 -54.225689
70.027639 -63.043824
70.113944 -64.147668
87.85862 13.603413
86.19627 0.03223
95.344681 11.484805
82.37501 6.926951
72.389525 8.995286
60.343165 -54.309037
96.656793 7.59068
58.581519 -43.832999
90.171496 -2.111156
56.649161 -52.70918
93.318172 4.559914
56.132398 -56.528609
63.174754 -52.806536
68.965813 -54.350463
80.996212 12.847069
63.693202 -45.723061
72.132303 -52.798918
91.505432 8.846374
76.422448 -47.779808
78.817608 4.919555
94.800417 7.87726
56.543551 -47.896108
78.470193 3.830298
52.792309 -46.558268
72.460215 -60.973814
58.674157 -48.537549
82.235857 9.847633
80.477033 10.351255
78.327882 5.705051
84.267094 4.148032
57.904057 -50.226968
81.093871 -55.562698
87.645245 -8.137717
72.028541 -43.238223
86.437953 7.659441
