//Synthetic=Synthetic_00882_J100

J=100
MT=20
Vd=2
Vv=1

p: position coordinates = 
0 0
-62.012131 41.500598
-68.215847 -6.220045
-63.271542 46.027303
-82.048031 4.995543
-79.730021 -4.782745
-88.118241 1.832786
-84.456816 3.918292
-54.726369 49.559233
-82.220558 -10.160474
-58.946422 53.427593
-81.943112 -11.29856
-71.590678 8.565385
-50.698497 43.0661
-56.490007 46.980213
-54.609085 49.806166
-79.495321 7.405991
-48.040638 54.40524
-73.480876 7.797235
-56.850034 51.923268
-85.208902 0.620433
-72.22939 11.485449
-80.184987 5.428939
-69.738814 -11.383286
-84.761073 -5.865134
-47.573334 44.814718
-87.977717 1.106212
-47.464904 52.735349
-60.750759 52.161277
-57.648499 62.676074
-73.418591 0.191175
-46.753042 48.608965
-79.65434 6.560419
-56.371579 59.90624
-74.917049 -0.918389
-78.637383 1.008868
-58.012642 58.375138
-87.319799 -7.815339
-65.9937 42.609113
-51.954881 57.270964
-54.201897 52.071496
-61.395188 50.130531
-49.930559 49.348647
-83.652612 0.911695
-59.923349 56.41469
-75.151482 6.06354
-83.844437 -2.897105
-78.702744 4.50087
-54.904462 45.960441
-86.907024 -9.555495
-88.105434 -2.402499
-79.22888 -4.1557
-62.603549 34.187877
-51.069897 52.773172
-57.112892 53.286838
-72.257406 1.667707
-87.922239 2.895436
-46.048799 48.455364
-60.151054 57.617077
-83.574139 2.592635
-77.025561 -2.427109
-61.217202 55.832933
-39.09984 54.91318
-57.008631 51.121777
-52.277564 47.638988
-82.490591 8.778428
-57.683209 51.521976
-74.215814 -6.860628
-68.738789 -16.366965
-58.483576 -4.355355
-83.932676 -7.920758
-76.429617 1.51353
-40.056222 49.118248
-79.22104 2.812339
-55.641616 55.90266
-58.942796 61.496031
-63.722932 50.653629
-40.364644 45.704513
-52.68992 45.687594
-88.225028 -5.580038
-54.721331 54.328147
-67.159592 53.443727
-84.689714 -2.003133
-86.163997 -4.503925
-81.243403 -2.685122
-86.027274 -4.918131
-82.543626 0.757311
-45.84064 51.683978
-67.740236 -10.788842
-72.146239 2.450415
-67.369742 -1.571875
-61.926645 40.465946
-84.892649 -10.229089
-79.2242 -2.753933
-71.903689 -3.411834
-53.733207 55.823268
-89.943537 -8.858633
-76.949775 -1.526629
-78.207884 -8.126581
-68.742077 -2.48229
-63.168114 50.18995
