//Synthetic=Synthetic_00984_J50

J=50
MT=20
Vd=2
Vv=1

p: position coordinates = 
0 0
86.331178 -6.3955
95.364164 -4.493684
97.118707 -2.639367
71.989276 -62.157493
78.91273 -75.535762
100.146425 2.159993
102.205948 6.980112
92.632276 0.356865
68.873286 -80.506632
106.163371 -5.431553
72.023297 -56.864892
46.192407 -78.492837
69.708531 -73.052307
83.438109 -65.035184
102.946149 -9.258868
79.988788 -66.179264
77.23769 -82.274786
80.338621 -59.449893
109.669841 8.232331
94.994409 -7.647127
96.016528 3.030127
66.111298 -65.260016
99.160725 0.747688
77.701832 -63.313903
58.487968 -68.624942
73.394164 -67.361953
75.209094 -64.137204
66.833547 -69.781034
112.46344 17.48719
63.865564 -61.599695
79.810225 -65.600953
96.751817 -0.284215
70.677769 -69.907522
110.588949 -9.737752
75.615685 -71.055573
75.33487 -55.073101
66.380407 -67.981409
64.892289 -73.51954
62.120113 -66.381734
61.453845 -71.22526
97.307058 0.522018
97.078714 17.793374
79.22232 -64.413205
110.025136 11.44684
81.077151 -73.506281
105.655935 -1.529481
63.649338 -58.849338
107.609335 1.747961
107.092818 -2.486564
86.995585 -61.555992
