//Synthetic=Synthetic_00878_J50

J=50
MT=20
Vd=2
Vv=1

p: position coordinates = 
0 0
74.907129 -18.189437
58.703999 -27.767076
67.421857 -26.037262
56.73848 -21.058068
68.797998 -11.194398
79.349571 -17.65118
73.520247 -6.180326
61.157105 41.878039
77.162745 -26.334079
63.864001 39.361142
69.085276 -25.131077
65.19281 -18.272635
55.308839 50.900071
48.833717 44.844015
61.114173 62.762385
64.237101 48.723317
63.270634 34.495459
61.543722 -9.477544
81.533595 -20.853245
74.991237 -6.456307
49.690747 57.363878
81.611142 -13.600441
54.724107 49.924766
63.345596 51.19076
72.400635 -9.046929
70.714165 -27.539674
76.082978 -11.691124
70.62624 -22.987308
79.890828 -22.589563
49.666317 30.146583
52.966755 52.880974
62.692988 -19.641463
61.245708 52.084381
66.003232 -20.495099
60.887319 48.397472
42.258848 38.651646
46.562375 46.220491
69.570891 38.103109
82.31949 -23.018587
53.339927 41.913276
74.022855 -16.42763
67.166396 47.747172
76.808134 -19.86664
79.7256 -28.560779
77.977665 -25.596853
68.409746 -7.870659
64.177354 36.781361
60.715894 38.520901
57.167569 51.055252
73.490002 41.278195
