//Synthetic=Synthetic_00118_J80

J=80
MT=20
Vd=2
Vv=1

p: position coordinates = 
0 0
-38.84402 -40.633758
65.228858 -2.301181
-17.325737 -6.810319
-57.204838 15.211508
-5.214409 43.515629
8.313595 -38.997248
-18.578054 26.310211
5.390176 26.393449
-2.701719 58.20496
-23.523764 -31.492811
31.252868 12.57472
7.304303 -36.661452
-29.13255 -17.482075
-34.405485 -50.68569
56.361591 32.029744
48.660861 -10.670066
-33.695322 33.108224
29.280377 14.88594
-16.601947 51.678131
-34.320588 33.132623
-17.3246 -46.149882
36.943708 28.338139
-31.779734 11.473215
-29.292242 27.327516
39.65955 39.596073
-29.172156 -10.031714
64.047479 -18.623987
-1.816531 -56.120116
26.892533 18.940994
32.531761 8.518844
43.310362 35.705099
17.215068 20.173867
2.885591 -25.127429
32.994101 -36.898115
-59.458485 6.106077
-20.763914 -45.270467
19.957594 17.566078
-32.005114 49.651223
12.512214 27.543845
-59.006122 6.482605
24.639359 54.501092
-67.225464 13.778404
47.622058 -39.889873
8.525828 48.750908
48.197368 35.514636
33.339564 12.014998
-54.438738 0.065557
-26.916908 33.028477
40.341746 -13.746898
27.123139 53.673915
15.976476 -50.442197
31.143266 5.875357
7.405106 25.374184
55.724819 12.817731
-45.659119 -17.116324
-38.210795 44.831793
-41.034625 24.507973
-52.027059 11.3274
59.078428 -20.6299
-15.204761 -24.98542
-0.426651 -24.381534
27.19292 -46.957692
-36.468276 30.173491
-30.923153 45.016683
25.576688 29.255818
64.654728 21.98944
31.617432 4.131269
18.791706 -23.243079
-26.398616 -13.912278
11.664 -54.336359
-38.575239 43.713134
31.897476 -40.908079
37.234644 39.80342
11.438367 -47.066947
-24.219197 -45.343726
25.317207 -8.859275
-18.294176 24.277352
1.693727 -27.987238
65.861147 -10.962808
29.951835 -1.839263
