//Synthetic=Synthetic_00843_J30

J=30
MT=20
Vd=2
Vv=1

p: position coordinates = 
0 0
-31.078187 20.590719
49.448595 -32.894429
-22.081952 14.987186
49.823945 -15.925832
54.146507 -33.066312
41.707729 -26.977567
0.409254 -62.555744
20.350573 -46.088718
-20.442932 11.766641
-23.377907 31.028631
11.958618 -42.300965
-24.513339 32.147874
-21.18299 28.279464
21.825636 -42.840257
-19.558549 13.645348
-19.993453 22.878811
-8.414529 32.20096
48.458806 -29.861733
-22.311829 25.055526
-23.154646 19.300439
52.294757 -26.467022
-16.785921 13.575826
31.707426 -34.324867
16.273815 -48.980782
31.355246 -31.538153
48.769314 -18.526433
11.61366 -44.386737
60.449389 -10.777873
60.710518 -7.229669
-18.101251 27.551936
