//Synthetic=Synthetic_02050_J60

J=60
MT=20
Vd=2
Vv=1

p: position coordinates = 
0 0
-19.112837 -27.638731
33.541069 -46.929074
41.400901 -38.998811
-23.633822 -29.429436
20.18289 27.062006
-8.388873 -55.825408
44.528921 -23.298085
-18.480351 -28.551256
16.371406 44.065507
37.90594 45.25504
-11.273917 -57.229434
7.654105 13.5836
36.394095 32.984708
40.714641 -33.349561
-14.555382 -25.135504
-43.774771 26.875377
48.417487 15.721301
36.740708 30.855126
13.01802 35.910287
62.792041 -24.160046
41.88725 40.255774
52.395772 11.662695
41.17935 42.048845
45.68261 10.424769
40.873996 -21.440623
0.418875 7.932204
4.305845 9.900665
-10.720354 -53.09199
-7.84725 7.016628
8.589143 -8.079263
-43.474423 30.71258
41.144838 -45.299932
38.557022 45.514755
61.284354 -0.713095
52.476605 23.715353
38.860698 -37.579857
18.215817 -54.523419
9.148358 42.240283
7.390357 12.270562
0.715282 14.729123
16.086542 -37.908856
40.625544 -14.750511
31.683956 -46.74907
9.573713 15.159539
34.080908 31.938618
10.11105 35.692007
48.873718 26.632584
45.283016 -18.167728
-18.493194 38.342327
19.522672 -46.574119
38.980439 14.403789
48.636383 15.693248
19.371115 36.778811
14.886552 -6.201072
-1.370367 19.350091
-6.990769 18.218871
-10.230536 -22.271412
15.175294 -1.477144
42.656824 47.16406
71.945763 -26.934016
