//Synthetic=Synthetic_01615_J20

J=20
MT=20
Vd=2
Vv=1

p: position coordinates = 
0 0
-11.317621 -62.602502
-12.965293 -68.014402
52.295526 -68.884976
-0.906074 -96.951323
58.149244 -47.644508
4.808969 -82.3398
65.884311 -70.1541
-2.579975 -94.268827
67.162844 -50.575266
50.502311 -62.206524
-4.651595 -94.611113
57.885398 -49.997109
61.085917 -57.882943
56.094678 -64.350222
68.243179 -51.220546
-8.498942 -86.773607
61.513267 -62.217363
69.356673 -54.795044
6.448348 -88.950265
69.455372 -60.510194
