//Synthetic=Synthetic_01057_J100

J=100
MT=20
Vd=2
Vv=1

p: position coordinates = 
0 0
59.008722 -13.188822
-89.397004 -18.948637
-59.873895 -61.015317
35.613453 18.308467
17.462169 50.188399
-41.677891 76.45983
63.526131 -7.738993
-0.585926 -99.555559
20.566411 -88.383676
-19.343267 49.19609
21.534727 64.687423
-56.904718 78.258531
-39.417488 84.799988
27.498297 -38.348991
37.110654 60.416217
80.312577 48.659111
88.98423 -25.507835
14.937557 58.85539
49.845386 -57.238804
76.293879 -30.711437
82.117613 20.078128
49.474377 66.155356
-66.079854 11.375235
58.144657 -44.809641
-7.748637 49.702669
25.211244 88.673711
-19.634989 38.054791
-0.311175 -99.557006
-52.137528 73.045951
-30.729955 -34.871071
78.791072 25.625117
64.685924 12.138107
-5.199494 -72.952061
-22.97909 -57.725674
84.689112 22.584984
52.02639 55.881483
-67.127981 -41.556854
-61.157954 -47.886363
-61.826578 49.67705
34.018717 -18.376763
-69.338774 46.57079
-4.799993 -33.785005
32.770567 66.451172
43.197105 -74.187176
23.357349 23.887727
-59.746316 -45.735987
-47.947411 -29.856169
-45.350258 -11.576518
75.606455 -44.66542
-59.409791 -76.050023
41.754357 -21.307088
-74.689637 -56.989651
21.217126 36.152033
-25.038733 -72.010597
49.157525 7.471866
-13.445091 -45.593026
28.128436 94.796195
25.090452 -29.894503
-38.890797 8.048869
57.040353 -11.160861
-33.266565 -24.206465
-50.101107 83.521803
22.624849 -81.868381
21.231531 52.761977
32.434688 30.553306
-25.743572 -32.846932
-71.278503 -47.240736
44.287239 -23.30322
63.565538 64.540634
-19.426239 -59.040099
11.606453 -48.773679
-50.503216 -83.238074
-16.128557 41.964492
35.057946 -26.399308
61.866277 -66.148413
44.570428 -17.090114
-48.998119 10.136446
-38.776615 86.783353
-52.634259 49.725443
9.646081 37.061649
33.526768 -50.75405
77.632012 -40.086276
-47.181423 -50.954868
-52.236059 47.136103
-87.941624 29.434629
29.475685 -62.772275
-81.177458 11.186645
-42.344248 -46.004784
31.448147 58.352123
43.693008 10.561271
-33.508214 -80.190676
8.826724 45.490547
-22.990114 -16.194505
17.543503 47.447646
4.532838 -51.317497
31.327473 -27.101043
-20.404318 58.206156
-62.755377 35.357333
55.214931 12.030069
25.269665 34.940351
