//Synthetic=Synthetic_01457_J100

J=100
MT=20
Vd=2
Vv=1

p: position coordinates = 
0 0
-4.532552 20.522073
-17.818928 79.230978
22.190491 4.087772
20.874513 24.051023
11.048344 30.38676
21.461683 33.992758
18.392013 13.104826
-25.374068 59.236179
4.978248 34.758235
27.555871 9.777848
0.817642 34.301079
8.271545 24.31621
-15.432937 71.790792
-15.293569 70.728792
-3.969924 72.86157
5.935453 16.975969
17.189198 28.710094
-22.972388 0.892278
17.316403 13.234574
-41.901355 -15.3245
27.0178 3.339081
-29.062022 0.282547
-0.790706 30.896909
13.62615 29.698086
11.394566 18.172113
-5.905967 72.25626
25.121896 1.600404
-23.267562 85.867919
33.995135 11.428619
26.205353 7.755764
-17.120637 83.655281
-32.333971 -17.451932
5.961619 32.908719
-11.671935 83.171319
-31.136379 -9.797416
-9.701477 68.971799
20.814867 13.966922
25.342924 7.96694
-44.793947 -12.617569
15.155979 8.800497
-44.832621 -12.32825
-20.959771 77.222798
19.102534 11.611922
-34.777973 -11.026092
8.171853 16.947064
6.326985 36.793266
3.22701 72.024817
32.36304 10.637869
-6.491999 70.413179
24.585873 16.339625
-23.065915 5.798492
-6.233393 56.304111
22.359238 17.339906
-1.508513 66.892915
13.432145 23.456936
16.299816 28.382859
-8.670464 30.335237
28.742029 12.113601
-27.356773 81.051353
25.021781 16.939621
13.442538 9.263917
-16.523733 63.800981
-17.772957 82.023948
12.306007 25.801607
-33.547686 1.421978
14.051483 28.701423
11.568003 26.06907
-19.025783 81.078939
-9.461125 87.349259
9.46191 20.851147
-44.618992 -2.052996
33.162449 17.369511
-24.295052 76.537717
-1.656558 74.548187
-30.476188 8.417563
-20.379692 76.129511
25.91109 14.28309
18.725967 8.853369
13.576825 33.981193
4.130093 34.83118
-45.118525 -5.100441
23.133087 16.616902
17.095465 28.036133
6.312698 14.871989
7.262408 37.26898
13.349982 18.141143
24.562209 10.367697
17.475472 35.234429
4.924418 39.833322
-8.549109 93.196979
9.270248 27.865955
-25.486039 0.774194
-9.421593 75.234698
28.125101 1.665815
-44.062025 -7.858304
-12.070698 61.613423
-26.739869 -21.449384
-31.981312 -2.656309
21.205349 7.549098
6.207446 40.044831
