//Synthetic=Synthetic_00598_J50

J=50
MT=20
Vd=2
Vv=1

p: position coordinates = 
0 0
-30.777869 3.400263
8.604224 49.359726
-30.625158 67.502204
-42.279401 23.369487
-12.397049 -14.245921
-67.873464 4.521298
-49.295442 -9.51247
-14.279828 54.997217
-64.256088 9.988172
-33.827317 23.250734
-76.964632 15.904804
-34.312598 18.26776
-58.837634 10.532202
-19.95638 27.978594
-9.13465 45.858132
-24.611719 57.230412
-50.262273 -2.62473
16.223478 48.904975
-6.52956 22.734755
-2.273864 -43.252919
-11.579667 33.127113
-63.846233 -16.357548
-12.69921 61.714307
-1.691871 58.647668
-74.229089 7.25183
11.578341 54.318805
-14.254533 -20.193753
-20.045159 -13.036666
-71.016173 26.430053
22.343199 24.327391
-3.900693 10.757192
-16.992659 -7.633752
-54.648104 46.172743
-73.909859 -13.567373
10.299684 -6.042906
-14.514484 14.683179
-27.830161 44.225782
-70.286586 28.632367
-57.473518 -5.785494
-74.393114 -9.331332
-26.128205 0.423588
-24.479817 -28.775477
-21.844122 33.200047
-9.34794 -40.00036
-37.898656 11.355442
2.503116 25.199998
-6.768035 52.620104
-2.964267 46.692975
-9.422699 47.894966
-49.588927 12.831684
