//Synthetic=Synthetic_01384_J50

J=50
MT=20
Vd=2
Vv=1

p: position coordinates = 
0 0
-13.553875 2.734153
-8.935127 39.09869
40.44199 -9.370039
26.052974 -15.696582
47.82131 -39.349253
78.999436 2.848734
76.003676 13.852819
48.632217 -7.405017
47.854418 -10.62794
79.442352 5.309921
42.786163 -35.083859
35.919273 -47.109333
60.554327 10.560733
27.531773 9.931381
68.289623 -25.347751
25.122703 -31.682301
7.932142 -62.173075
79.507625 -2.915394
54.49123 27.205845
6.395523 19.678533
76.679142 36.165366
50.209048 23.672317
-13.11268 38.971643
18.192262 -14.269027
38.041861 25.383431
7.469524 10.729512
7.312429 22.995931
35.113143 -46.064945
17.443869 -46.747396
43.083993 6.570308
49.517187 3.650807
26.838895 13.220222
72.68286 10.352457
-3.799359 -54.768589
25.40986 -45.615669
12.002741 -13.664238
25.855667 -40.936918
16.679865 22.607694
18.596637 -15.908919
59.395834 -56.826212
64.405096 38.80731
80.193471 20.219087
6.937846 -51.521544
-12.108341 -39.796835
34.06844 -24.757664
13.492294 34.573094
63.946957 30.018593
22.318454 -29.861573
25.669915 -45.004342
7.787925 -35.601868
