//Synthetic=Synthetic_00519_J50

J=50
MT=1
Vd=5
Vv=1

p: position coordinates = 
0 0
14.88657 -8.373669
-33.493994 -29.35475
-13.940853 -25.904769
20.598793 -1.096583
18.577165 16.943388
31.841886 -13.124803
20.836104 -24.993825
23.006203 -2.464398
-31.266703 -16.206424
39.220579 -29.727774
-8.827711 -23.849585
-10.711299 -9.35485
12.862882 -13.333202
-5.869272 -36.886916
-2.214671 8.609418
6.228484 7.931737
28.807835 -20.522551
-9.294284 -37.686098
-0.375527 -10.443801
-6.083935 -7.230752
-27.092273 5.605654
36.698202 11.768195
-33.220847 19.778886
10.643936 5.601108
4.42257 -34.818518
0.957263 -12.261394
0.641642 -24.327292
-16.649377 4.466301
12.248606 -21.732312
-32.926123 -24.226071
11.402861 30.019739
27.753401 9.353238
-3.50055 -29.328709
-4.987526 -29.342954
1.237156 -34.00929
-7.310595 -25.801474
-18.612793 -23.645662
16.764737 -31.141511
35.112923 17.365399
-37.422558 -24.009953
-29.402256 24.8584
-0.041621 13.329951
-7.128557 -28.068319
0.29079 28.541651
38.120832 -22.517589
-16.365975 -1.626948
-29.439423 24.041929
-32.17701 -22.66115
2.321764 20.596121
32.065423 16.926761
