//Synthetic=Synthetic_01895_J60

J=60
MT=20
Vd=2
Vv=1

p: position coordinates = 
0 0
-107.777826 12.892475
-96.460655 10.910507
-59.004301 87.506503
-92.179676 10.05385
-102.244677 10.414007
-64.424383 78.176198
-57.848453 75.373738
-61.586256 74.378237
-90.430851 19.825022
-85.015642 12.972052
-103.348067 19.761058
-100.372554 6.39048
-100.48424 12.507642
-54.793202 72.956586
-49.057173 82.754464
-40.207582 83.413192
-52.193255 85.838892
-53.565406 78.093253
-98.165633 15.157045
-96.927706 2.230224
-81.881833 5.757102
-98.840791 13.450713
-41.82936 75.848255
-58.460772 91.34672
-50.5877 67.407734
-45.599937 76.069913
-69.837778 59.568522
-92.727028 15.258178
-93.402303 14.537245
-53.316124 94.386025
-101.735496 4.55364
-95.073138 18.654285
-39.800065 70.180565
-65.555798 76.068123
-90.355906 -3.227255
-64.881534 64.421867
-60.226628 83.762661
-94.037968 11.704471
-92.327733 17.34431
-68.588146 84.339318
-61.911083 73.384926
-99.683766 15.137514
-83.236545 4.916233
-62.054005 76.505963
-104.15448 20.333716
-106.049541 10.092405
-94.207707 6.828453
-95.12665 11.506639
-93.79732 12.903665
-51.031155 86.853951
-101.706183 9.333625
-105.065383 4.43524
-49.973144 77.824046
-82.13751 10.959728
-84.792838 13.205766
-92.346429 12.784339
-53.837234 72.026002
-55.090562 75.412059
-49.800997 83.817058
-98.886056 14.806685
