//Synthetic=Synthetic_01631_J50

J=50
MT=20
Vd=2
Vv=1

p: position coordinates = 
0 0
47.373697 -61.619551
86.344334 -9.677874
39.292979 -7.494664
24.703176 -23.763004
30.276208 -29.001923
22.2323 -29.4411
-6.737578 -32.215762
65.700799 -43.116848
67.221081 -5.622385
69.57896 7.559455
87.854288 -31.462039
96.460537 8.922262
46.661058 -19.740495
102.003856 -31.259841
108.467562 1.243439
18.559809 23.293576
58.825749 -51.748213
54.883265 -37.299573
2.172702 -0.215166
8.754868 -26.789936
88.220924 13.359698
90.181236 -18.816776
80.521353 -64.244763
78.630731 -64.304709
45.589355 4.12373
19.81813 43.999696
79.615213 -16.209992
44.787388 -62.220962
98.589409 15.224972
2.501846 -43.034339
68.451459 -78.139648
61.298157 -60.289459
8.582421 30.968233
38.537108 -49.650103
37.820102 -58.488608
26.905099 -36.092867
72.706708 -72.570397
23.878201 46.393611
58.777208 -30.286989
76.8669 -44.892719
43.84631 -21.044345
2.953461 -55.474728
67.054396 -67.175675
91.569629 -37.243999
87.856562 20.298917
9.084656 -32.828674
72.409978 -60.058707
39.116597 0.827994
22.315747 -56.834659
73.549083 -0.72497
