//Synthetic=Synthetic_00120_J80

J=80
MT=20
Vd=2
Vv=1

p: position coordinates = 
0 0
-59.296774 65.160911
-88.638751 -28.844512
-74.92814 -30.349607
-9.598396 42.907024
-51.430122 33.836859
-1.130376 13.666957
-84.388684 3.334958
-37.975206 29.828697
-35.168276 -36.123279
-7.645101 25.854849
-68.446586 1.082398
-41.846184 -45.802285
-66.157575 -13.010964
15.388786 9.761138
-18.985855 3.576852
-41.885546 -23.370987
-0.100535 -10.408272
-23.788759 -52.7043
-58.137876 17.474227
-39.495075 -19.845863
-30.076101 -1.608526
-44.854737 -17.51792
3.171042 -24.855152
-57.716586 43.12269
-9.531347 12.162154
-40.712383 -35.760496
-10.97253 -12.406666
18.268189 -2.934043
-79.347388 -28.421829
-88.856771 -17.960536
-48.234182 17.701424
-85.839413 -4.24447
-47.221583 -20.4831
-48.397729 16.811056
-33.582413 11.515199
-53.599861 16.975945
-57.009466 27.024058
-58.361309 -4.829899
-48.14001 45.293812
19.686678 7.683312
-35.403962 -35.39071
-28.25661 -62.868395
-44.129631 18.55708
-41.301071 -55.463133
-22.819293 19.819009
-50.767917 35.264883
-17.64528 47.61915
-29.989941 -34.503275
-34.262697 10.744456
14.342286 4.398458
23.532296 13.010267
-60.941969 8.19996
-51.555451 -3.701593
-51.778961 0.882224
-0.270804 20.661353
-71.011649 -15.117573
-43.96112 -9.302992
-35.06819 -29.262537
-56.724303 36.848284
-27.751969 6.315962
-81.061045 18.346989
-80.558175 -19.369035
-30.206819 -49.235292
-20.483348 -6.166598
-14.809081 -3.138697
-82.167054 -1.067931
-56.243295 22.091789
8.210567 15.849431
-11.895687 9.744411
-65.842974 39.288254
-9.978711 9.721158
-80.692217 -11.161682
-60.309646 46.007054
-43.903048 -34.556789
-61.155424 -3.857913
-46.591242 -7.570608
-43.395642 -59.306496
-93.487753 -7.95382
-73.749254 3.908051
-9.838009 -41.939959
