//Synthetic=Synthetic_00978_J100

J=100
MT=20
Vd=2
Vv=1

p: position coordinates = 
0 0
12.5051 -18.590493
-58.513051 -31.564851
-24.962736 -12.066288
4.089036 6.51682
27.759766 -24.087521
-19.689464 8.293133
12.084101 -45.097408
-69.032907 -38.005557
16.275808 -25.846778
-44.713414 -55.488306
-7.303589 -13.023447
11.660631 8.950057
25.725977 -66.094613
-15.105762 11.178786
-72.67469 -57.223755
-71.847293 -34.25931
-65.816051 -61.216988
-34.602599 13.812091
7.60036 -49.138037
-13.247723 3.814239
-41.608327 -56.832775
-61.334219 11.775336
-30.424948 -27.621943
26.231598 -51.607269
-54.816132 -29.603518
-8.931972 -62.79589
-63.265537 4.28363
-44.988906 -21.598982
-74.838258 -9.697316
-27.39307 -27.192052
-58.388758 -27.414971
-17.098933 -33.131186
-72.380891 -30.430373
3.47683 -37.166797
1.813872 18.172092
29.668726 -24.724094
-40.996527 27.64205
30.490691 -36.201689
-72.17687 5.47317
-51.288039 -59.639017
-76.121923 -0.971439
-0.987474 -5.172329
-84.256723 5.268031
3.479849 -8.318731
-32.953159 -56.268602
-41.930817 -45.934742
32.859659 -17.28059
38.393743 -60.507915
13.613089 -8.133907
-54.528026 -13.28946
-17.183783 25.512883
-15.882365 -35.968523
-36.947478 -5.30672
-26.309997 -46.497403
-20.880357 -50.419686
32.396938 -19.342793
-32.079455 -20.993854
-58.722999 18.708794
-24.531597 -51.819918
-38.624752 -68.578913
-29.803674 -39.532318
18.439279 18.685469
-61.844069 12.403566
-20.310324 28.265446
-36.328736 17.419301
14.652952 -7.24792
0.566546 -10.589538
33.061865 -55.974855
-72.651964 13.593989
-42.522817 -51.738265
-70.612178 13.475368
-63.56001 -68.839944
-49.245262 -31.371627
-33.427346 -14.018451
-42.420762 -58.331666
-7.468132 -15.868692
17.351962 -59.07193
-30.749412 17.260392
-61.790193 -34.632757
-59.577233 -29.557203
-22.589338 8.44321
-34.871315 8.408977
-32.257961 -7.626468
-19.943398 -67.303405
-33.344718 -11.290156
-10.94331 14.70237
-5.061606 -7.49306
27.474829 -35.229463
-52.677809 -13.463947
-22.282506 32.793867
-40.516474 9.062576
-51.663472 -33.842759
9.99695 1.617887
-2.058942 -60.627943
14.61661 -56.070656
-43.481802 -17.230754
-19.183226 -5.047653
-72.275429 19.6127
-68.64111 -54.264123
-43.973653 -44.434843
