//Synthetic=Synthetic_01218_J50

J=50
MT=20
Vd=2
Vv=1

p: position coordinates = 
0 0
-56.618972 -73.166038
39.03592 -102.007956
25.991131 -93.625117
30.286647 -86.276959
22.36601 -93.953017
26.400126 -92.765657
28.031718 -80.02518
28.382456 -83.597842
-45.674818 -74.824184
29.89989 -79.209305
35.311287 -84.428246
18.703145 -85.417173
26.797339 -88.431733
-43.146782 -81.719407
-50.022662 -89.684391
-51.584477 -87.059922
24.69373 -99.69014
-42.118436 -72.127974
25.185126 -108.282157
22.383545 -94.175366
-52.746645 -81.714138
24.024668 -75.572753
38.047802 -98.54802
19.209902 -84.201747
-44.229228 -81.313608
26.448439 -71.52548
31.212954 -90.405359
33.490977 -82.962734
-42.505199 -86.099367
32.654872 -96.984528
-41.483852 -90.408481
28.166747 -89.839779
-54.014499 -88.551404
-54.368777 -66.253488
-51.021822 -75.107449
-44.970135 -73.392049
35.067569 -64.746677
-53.215341 -96.836031
26.307001 -94.866786
-55.188158 -92.038655
24.761753 -80.153472
29.101523 -91.193118
15.812989 -74.590241
-40.181374 -85.148873
25.510149 -86.204404
-42.204383 -79.999426
29.110623 -90.764218
-49.92751 -74.999375
17.12307 -94.895674
-28.922352 -79.637006
