//Synthetic=Synthetic_01023_J60

J=60
MT=20
Vd=2
Vv=1

p: position coordinates = 
0 0
7.03656 -42.47052
55.517864 3.339802
-28.246416 11.968613
32.459612 27.921334
66.927492 3.194134
6.291734 37.029506
-4.592649 -21.874226
36.980711 45.301005
72.147771 -11.827326
31.466827 30.949062
-41.658906 -6.016242
7.987782 -15.403738
-8.261066 -46.402913
-40.386066 -23.349325
61.003424 -1.608165
60.599855 -31.765201
-5.840244 -62.217501
53.136826 -7.761569
10.137971 -13.778563
-20.850298 -48.936628
11.279773 39.832366
68.975852 3.355572
-18.654997 -17.330275
44.980619 -52.65651
8.009485 -79.623373
21.516016 56.914171
76.601002 -18.581603
3.965844 -20.137549
-21.651896 -16.950465
55.167768 -40.755289
-10.518714 -20.338581
-13.749913 -41.436566
-20.547308 -15.68683
-28.665058 -8.535317
56.743911 -31.483812
25.309205 29.409465
-1.813037 8.491492
8.068285 -6.775463
60.948507 15.227646
16.991459 16.887534
40.665054 46.334347
-39.075945 -12.056535
13.30436 36.551961
25.7814 45.578741
50.931772 -6.284905
-7.460974 31.945048
-36.49554 -19.634619
-29.626658 5.584451
-6.07233 34.71194
-3.133959 -49.320523
9.043302 36.737999
52.006701 -50.043652
-9.573347 32.289522
46.7266 -50.286194
75.612894 7.782273
59.011574 14.163822
63.070927 3.197677
22.11593 25.86071
58.839944 17.545743
-1.769964 34.340388
