//Synthetic=Synthetic_01333_J100

J=100
MT=20
Vd=2
Vv=1

p: position coordinates = 
0 0
-76.553436 19.679714
-84.685088 16.687143
-74.429134 16.974518
-38.79768 64.677379
-35.070382 85.30041
-32.23814 80.895227
-65.773743 32.358266
-84.155751 16.477003
-37.314775 92.020594
-87.852313 15.79582
-38.946205 63.398162
-45.829073 81.720493
-34.423539 71.072137
-32.167752 84.927882
-81.830585 33.18224
-81.903441 17.30238
-72.262943 18.876384
-75.382805 31.461301
-64.769641 8.993245
-84.674036 19.767337
-82.416594 10.902084
-77.686701 20.538876
-59.80272 13.700414
-83.331137 20.36093
-24.14156 72.845757
-31.234881 76.829972
-38.489852 81.534063
-38.202319 76.71972
-33.781696 84.852657
-35.026946 91.305687
-47.967634 76.225818
-39.904769 87.577469
-35.604681 82.225129
-32.084512 90.103956
-77.02867 26.295733
-74.764609 14.342585
-33.854223 73.831973
-65.544052 6.740909
-83.365269 16.82729
-23.699017 74.93475
-49.269483 78.487583
-49.56523 74.986642
-79.052467 26.907884
-44.02431 93.369091
-44.65433 85.317557
-41.554445 80.156183
-50.109243 84.944015
-83.374516 17.846693
-70.019425 8.584316
-82.783697 15.235074
-48.240576 71.996545
-64.32921 22.855181
-79.877495 24.523323
-38.389121 82.320903
-77.584067 28.616999
-78.994759 38.108432
-24.169942 74.310212
-90.959573 22.809682
-80.731902 25.033109
-81.467125 12.62254
-76.477329 0.341179
-37.062698 83.592259
-85.689473 24.691328
-50.474875 82.478203
-86.831935 16.990347
-45.192759 73.330309
-84.815093 16.801009
-75.253765 17.656402
-36.556858 76.927832
-33.834452 82.394679
-83.576115 15.76974
-44.501534 80.105416
-30.603197 77.775464
-81.358299 10.042102
-82.506334 21.455334
-39.461764 75.229282
-49.214774 68.67906
-43.224099 85.206006
-38.220839 68.4101
-41.189134 76.987474
-81.575309 21.459546
-34.502346 80.06844
-92.622972 21.905929
-90.073034 25.046496
-33.423938 84.700287
-48.631171 83.28969
-37.580219 68.81455
-80.831427 16.263265
-88.964144 18.858893
-39.263527 88.681795
-31.000777 77.681403
-31.931238 83.999889
-72.917031 17.903997
-70.781881 24.132208
-79.889566 30.778865
-48.451457 76.423264
-68.483841 29.500599
-88.540448 18.057242
-36.693005 80.657592
-46.775744 78.738512
