//Synthetic=Synthetic_00246_J100

J=100
MT=20
Vd=2
Vv=1

p: position coordinates = 
0 0
76.668486 30.331617
74.797364 -27.755316
69.942412 47.581891
74.421044 44.658672
90.456162 -20.840979
91.629416 -14.598186
78.279298 -22.501139
72.992339 -6.917723
70.138014 -25.88841
72.400155 49.667344
77.051467 46.86048
65.652347 42.538418
78.82182 51.140286
74.336583 40.722655
85.182914 -17.686306
77.205692 -14.847857
81.587235 -10.708428
74.081391 36.400098
65.721747 37.924218
82.216411 -22.723329
87.189773 -9.830327
81.549572 41.573018
82.553665 -10.086453
76.030356 28.791141
86.368832 -24.899224
62.085852 39.190355
83.372725 45.896411
67.634945 43.413884
69.824519 34.081422
79.139763 -14.021749
72.537093 38.380055
62.609924 -19.543911
76.334075 40.284033
76.14049 51.730171
74.427459 40.86652
85.483112 -6.838167
81.932244 -18.724725
80.045017 -18.696091
74.327258 40.781892
96.5256 -23.278267
87.387873 -17.9113
67.657377 44.526881
88.444956 -22.283025
64.921559 33.86028
55.549661 46.939518
84.663707 -18.72022
85.121352 -26.730385
93.275086 -22.459226
91.794132 -16.623296
91.134663 -27.981883
71.273868 35.298103
81.676123 33.636814
90.577037 -20.003114
84.269046 -12.699897
65.629882 49.456789
86.428511 -22.361538
82.330574 35.267358
90.484068 -27.163712
80.614933 34.401879
81.96504 40.000724
77.179509 -31.951419
72.387907 43.735442
68.938826 41.733427
66.055378 48.526959
76.524491 45.542325
72.076016 51.311947
54.468383 36.585364
79.875693 -14.857154
73.262071 41.811658
67.16605 43.046815
82.332415 -19.994592
86.517745 40.804728
79.339514 40.298641
62.875817 45.040978
80.001984 -20.183176
93.08942 -20.581944
89.296075 -12.277746
79.921056 -19.963111
59.578485 32.000752
78.593166 38.370061
94.275091 -25.191981
91.387108 -20.705942
78.417 45.687213
90.353727 -7.272335
87.717849 -19.301079
78.09272 -12.478672
84.091576 -8.556313
89.695798 -7.139182
68.563839 49.505931
78.795633 41.159827
86.476138 -25.008615
89.335417 -25.31556
59.195133 45.067183
93.910655 -22.674194
79.861601 45.723903
86.186171 -12.491639
65.689022 42.647799
62.432343 37.426056
87.331566 -18.768411
78.830555 50.732839
