//Synthetic=Synthetic_00100_J40

J=40
MT=1
Vd=5
Vv=1

p: position coordinates = 
0 0
15.856396 3.970868
-28.465207 -53.033394
-28.129441 -14.671699
29.990264 12.085887
38.57058 31.152318
36.76243 -9.443476
-20.475897 43.104316
-23.575983 -21.116488
42.447914 2.752368
34.314085 -37.262035
6.631347 40.830371
40.36579 -6.445372
17.177732 56.236587
42.513952 26.526396
-31.207313 -46.28589
-1.570684 -18.745408
38.981895 -29.911095
-49.058665 23.547655
-14.953208 47.464459
-21.777936 12.970657
-2.502095 35.762701
-24.803768 -45.71406
50.90838 -25.27352
-1.407712 -28.361654
42.039037 52.832983
9.933385 -9.340712
4.110798 18.628558
2.04395 -16.164001
31.960728 30.765338
-47.212071 -47.875285
47.546234 -8.747877
-6.747145 -24.421741
-0.678018 22.590512
-36.300185 35.97047
-39.057845 5.247268
8.182479 -14.630794
-31.72647 -18.199498
-4.090664 12.38175
-31.732632 -30.939606
-15.641193 9.506586
