//Synthetic=Synthetic_00812_J100

J=100
MT=20
Vd=2
Vv=1

p: position coordinates = 
0 0
48.557304 68.701106
73.620732 1.730483
49.777078 63.917935
52.678061 70.214807
79.924097 10.452805
43.529474 64.048038
95.508482 3.290929
82.829451 19.377324
78.845883 -2.630028
86.778791 6.854728
54.76194 64.543827
53.214078 65.186155
60.818407 60.792476
53.300825 80.340718
93.284943 4.883504
90.635047 17.968043
90.42123 22.565975
64.656578 63.572144
93.963304 3.052411
51.20789 54.201866
97.664331 6.233698
67.589082 60.383648
53.126369 64.554485
84.939089 14.69207
85.619352 18.710399
58.391507 64.249667
62.978847 75.915934
53.878546 68.277544
78.748195 -6.853617
57.025385 72.597769
45.642784 57.022666
87.271926 20.759506
51.130026 65.579273
44.719605 53.829849
39.832939 49.395993
93.947498 11.709456
76.345442 10.591254
84.901425 0.51559
82.588223 14.338085
55.965154 58.088455
45.683895 75.066949
58.319714 72.619274
75.645097 11.269764
95.144033 0.853454
44.912016 63.463284
92.037613 11.711592
54.207401 71.533981
91.477133 -1.738787
50.192736 70.741098
88.982801 15.934249
85.082842 13.073224
43.599596 63.807215
87.3152 6.640586
92.340448 2.054216
67.875665 62.579406
52.376071 69.043608
83.444271 15.937761
61.394989 55.031938
54.298757 72.32432
83.712114 -0.240099
87.2285 3.735377
85.490545 4.199137
44.380452 64.36186
92.824931 9.83487
79.136216 0.473454
56.302478 76.76466
88.800579 -0.122976
75.433831 10.89235
37.789147 69.997214
49.496214 53.990714
80.02606 4.435803
75.615047 5.580427
78.421709 5.763793
40.334988 72.651912
74.132454 7.887589
79.89879 4.630252
51.155828 61.933104
78.182716 -1.206927
44.626646 71.758636
52.01116 59.087902
80.105034 -1.207056
44.379839 64.522937
90.310213 11.672503
94.056498 8.984517
91.03347 7.96771
71.936164 2.138665
79.880404 2.429035
91.691629 11.566684
81.077506 -1.83694
86.447009 10.51204
82.70819 16.222085
80.401153 20.015096
90.555601 6.747156
73.918447 7.7161
100.105655 17.405714
87.992985 4.626098
80.579711 3.061397
97.812487 7.103974
84.15899 13.407592
76.822067 -0.83201
