//Synthetic=Synthetic_00009_J50

J=50
MT=20
Vd=2
Vv=1

p: position coordinates = 
0 0
-0.300147 40.70711
-81.877778 6.950204
8.270749 -40.043329
-25.863211 39.808247
-77.486101 -21.578778
-25.47126 0.000631
59.60337 -17.279115
-13.455761 44.06526
-28.452162 26.290765
-75.64476 -26.364828
19.43043 34.266108
-35.645124 -20.186113
55.01369 -50.916509
61.17023 4.466218
65.148922 -43.48009
-76.951643 8.445449
-47.371912 -41.932042
45.109642 15.653941
44.807986 67.361126
59.500699 -58.454728
-30.441475 -63.286232
48.679908 25.661029
-44.836323 -18.702014
-37.840332 10.287385
10.839002 79.861234
29.076715 -77.0142
18.227652 -68.455141
-87.318501 -12.167061
-73.238315 -9.50451
-3.838321 -45.964624
-22.605287 -34.490391
32.52182 34.437483
63.78117 -15.117653
-48.720527 10.977615
-45.767498 46.806417
-77.961686 -28.50463
47.641733 46.771975
-23.911355 35.900273
-81.605261 20.25823
-36.543692 -24.618844
-32.890377 13.74642
-3.193222 -56.857408
22.804114 76.771823
-51.566005 -43.217727
-18.872832 70.965428
68.207839 29.442095
-25.224693 -26.984338
56.842234 -52.914901
-31.103263 20.610233
39.196607 -69.872771
