//Synthetic=Synthetic_01361_J80

J=80
MT=20
Vd=2
Vv=1

p: position coordinates = 
0 0
10.117925 17.596073
-31.25609 -24.803801
-1.010734 -33.125257
-29.816483 3.491092
1.48483 37.023325
-1.0929 44.769692
27.087275 11.660574
6.170699 -64.058917
2.944346 -35.34042
2.319359 -12.067757
8.839981 35.449378
-1.086012 -43.979807
9.117481 -27.783083
-32.301907 -20.967762
30.695727 15.137815
-23.932985 -29.000881
-41.366944 -16.866349
52.637653 -0.922212
-0.239308 -55.080084
5.266784 -0.207994
-0.125568 28.888999
26.313534 -11.036005
7.606592 -41.850728
44.57279 -4.238918
-12.563421 -47.202534
31.667699 -26.808043
15.933591 -36.623745
18.61225 -37.76532
-12.131139 1.479883
9.22555 -42.484448
11.694413 -37.780048
8.913884 -47.726569
-9.879863 -17.132874
-38.552038 -23.000977
42.840796 -2.982539
-30.684657 -13.048398
3.464007 -10.81844
-17.601853 -8.011322
-20.634854 3.236757
15.057928 22.951957
8.193224 -5.932486
44.379738 -18.401878
17.969153 24.467747
-11.324616 20.465395
51.710113 -0.239503
-30.368063 -20.424966
-26.341771 6.859184
-23.111469 30.156722
-7.880991 -29.551593
5.636289 -37.226517
-19.943285 13.650916
11.853713 -2.538056
-8.177695 -21.124647
-25.790758 -10.075336
42.560441 -16.062962
-12.726708 -26.225786
-6.404238 20.127226
-7.245021 -8.058088
1.416099 -10.270599
-24.760946 -8.869012
22.467453 -15.311404
28.440122 18.918886
-3.529524 -38.038735
-12.625629 -31.980409
-14.651646 -28.939478
17.063774 16.408364
-5.993903 2.001664
-31.880313 -7.939315
33.90678 13.90524
25.552282 -14.78767
16.042563 -26.273931
28.290179 -32.186537
24.601975 13.424146
0.819274 -7.218561
1.662445 39.099988
-25.644429 14.49176
-25.560666 -6.633338
-7.840703 -42.43029
42.223933 -12.095714
-32.614715 -23.292303
