//Synthetic=Synthetic_00313_J60

J=60
MT=20
Vd=2
Vv=1

p: position coordinates = 
0 0
-32.251277 25.717839
60.437893 7.671157
-46.185916 24.170351
-30.922328 18.925752
54.645575 -43.806386
43.507439 -41.837578
70.857539 3.167166
57.659393 8.21571
70.740917 6.477323
55.254803 -45.261426
-34.253297 16.769763
-20.036152 43.055875
-36.620568 22.435042
56.406573 -29.51496
-12.401513 50.288835
-27.901522 44.373393
60.171255 -1.037551
3.824722 44.516885
-34.12641 28.461678
-7.942598 47.061857
61.829189 3.094423
65.660228 -11.19495
-34.093517 40.017759
-34.906686 42.937457
-29.152016 42.338157
-24.988496 22.759622
-4.84166 48.375309
61.109019 1.603965
-27.062398 26.580458
-40.913195 33.365056
-16.183089 55.098364
52.017215 -40.157281
60.326094 3.269343
61.465211 -2.263048
-26.422997 33.349283
57.124908 4.041535
0.081325 48.173711
67.025121 7.447456
65.709934 4.978282
-4.451586 54.059349
-29.9166 30.202352
57.872658 9.024431
49.765646 8.384739
63.463592 8.664359
66.121782 7.855906
-39.364366 15.434275
-3.097892 41.849416
-29.240647 44.121195
-13.406925 51.140465
70.621561 -2.578619
61.815795 12.538404
64.541189 1.14007
69.71253 12.269039
-13.308056 41.886655
-35.371801 -1.678375
38.590032 -46.389515
66.080626 -2.136784
-43.269767 23.983401
60.438367 -37.316918
0.961647 54.998476
