//Synthetic=Synthetic_00967_J40

J=40
MT=1
Vd=5
Vv=1

p: position coordinates = 
0 0
16.479937 36.020809
-47.272663 17.302047
-5.705142 -22.221253
-49.076969 47.280532
-17.636427 10.910488
-21.602521 38.130465
53.3373 29.071447
-21.892527 46.895395
-14.131142 -23.296181
53.626924 -25.906033
26.271985 -20.862489
38.716995 -10.829235
36.900866 -12.816592
-46.564806 8.031036
-55.033744 4.987104
-37.31381 46.514246
36.798542 -27.963062
37.772319 16.292846
-4.763296 -9.976954
30.04024 46.58839
25.862528 29.28177
3.143713 4.0798
41.891527 16.333282
-37.649587 9.082905
24.535634 47.204592
-47.571493 -19.774833
-15.644926 52.228648
-41.290185 48.316579
21.176145 25.568714
-57.262507 -16.965337
24.266836 29.310544
7.778509 49.43832
-48.768035 -34.951715
34.917757 -7.711314
-24.714172 -12.542255
28.25476 6.748401
-3.81788 -18.488729
50.914209 43.561946
-33.031926 29.55335
-34.472444 -47.679374
