//Synthetic=Synthetic_00924_J40

J=40
MT=1
Vd=5
Vv=1

p: position coordinates = 
0 0
5.42799 -41.767303
-16.573357 -0.581622
-8.741294 3.419202
10.45618 47.861394
-33.010849 -14.097899
43.628001 -14.156519
9.859115 -18.274339
-7.905622 27.203152
-32.285591 -14.710776
6.039752 44.773527
-3.769778 21.159132
-3.657264 -57.767697
14.53905 2.327556
29.290541 -18.377788
4.297775 -36.017371
-21.175307 -40.31048
5.680209 -8.820598
6.35476 4.195683
43.606637 -3.663501
-0.106536 51.429311
24.21316 -22.454979
-43.102438 2.432894
-37.750134 13.028597
8.668368 -2.594844
8.962948 11.564447
-2.621338 35.298482
-26.378486 15.616443
15.02459 18.382632
22.589749 -27.393326
-12.250011 -5.218812
-4.362698 -12.503105
-20.134558 -27.226761
-18.243384 -22.274159
38.29197 1.531168
6.28553 15.268993
5.927753 39.155265
2.014098 23.100252
28.001164 -14.436023
-3.536883 -5.128128
6.521584 -35.869347
