//Synthetic=Synthetic_00792_J100

J=100
MT=20
Vd=2
Vv=1

p: position coordinates = 
0 0
41.880291 -1.730339
60.684342 -13.942408
70.675228 36.94484
35.289803 -2.24859
65.391207 23.400319
54.419429 -14.898503
42.896809 -0.406562
58.582616 36.280974
63.013434 40.550162
75.260829 33.597075
58.366845 -2.838263
40.697042 -14.945435
69.580695 31.2903
64.711364 30.520018
41.387931 -18.254232
71.175213 27.332146
63.177815 38.994085
80.497258 44.094126
62.010972 37.395016
54.63452 -7.042654
71.454298 38.080917
45.992712 -3.002995
53.867112 -16.965438
58.862408 50.200503
60.554528 36.554601
79.715641 24.143431
73.617323 51.226971
58.33075 36.115105
44.59807 -7.930603
57.308551 -9.041959
36.632405 -12.750261
54.896699 36.775744
33.222789 -7.051517
67.753545 29.530271
53.073918 38.517082
53.927163 -17.100621
44.180029 -5.053209
52.731704 10.317113
29.902468 -0.187884
51.87652 -2.454903
59.202121 33.254625
61.894823 -6.773241
75.324703 28.137478
51.620546 2.470133
69.21197 39.649427
58.104313 46.042736
49.643998 -2.201745
49.309846 -8.748637
51.291137 34.927728
45.052094 -2.402667
49.318089 1.785119
56.961491 -3.628365
63.754677 31.667977
52.776692 28.373683
55.530381 45.59646
56.461618 2.508073
47.984744 0.329264
63.966233 35.233759
69.535322 11.687744
44.16205 0.030724
55.630906 19.120772
37.974183 -6.828525
61.369184 25.989888
40.553353 -19.564492
44.127103 -1.326249
39.650636 -22.601787
46.261274 -8.615523
38.841188 -12.264104
71.123191 45.869721
64.523853 40.856802
53.879059 -13.949109
60.683326 -3.817581
45.86961 -10.608885
53.635404 -4.713269
56.700628 -0.791651
67.301106 28.918637
61.683299 -3.753322
63.456961 32.971323
75.233704 42.250407
69.725645 44.8383
55.374181 7.114505
73.378723 40.154603
75.487501 28.224511
63.945721 38.427329
52.303995 -6.023489
38.749141 -2.692438
58.843147 33.380828
48.521306 31.523167
65.194008 28.590548
69.55989 27.752779
29.006193 4.093451
51.276432 -2.790373
49.915747 8.958693
44.11782 -10.029145
65.285487 31.74574
49.245888 -10.150865
45.241478 -3.646003
56.528418 -2.711504
34.275846 -7.546066
39.84761 -1.778648
