//Synthetic=Synthetic_01233_J50

J=50
MT=20
Vd=2
Vv=1

p: position coordinates = 
0 0
42.322062 -53.750865
74.457361 -5.028216
43.112207 -44.845033
20.037852 -31.65576
28.442167 -25.968325
77.157345 -35.134722
53.60987 -19.026518
64.66331 -27.841774
66.318451 -12.011618
70.912639 -79.153793
-6.594109 -4.993088
46.965249 -77.192281
12.121997 30.449297
18.263231 -10.184991
41.842306 -24.828372
-1.675134 39.086654
11.540433 -8.653183
10.970127 -96.138766
-17.020514 -72.037183
54.648165 -91.452341
77.710915 -20.024661
57.937167 15.223119
33.3366 -5.908533
31.908674 -43.685815
-52.554974 -61.257851
-18.628221 -39.840733
42.099612 -83.865397
83.307053 -34.018858
90.288498 -3.289651
70.816608 -26.07
-14.83786 29.168642
18.219644 16.828121
18.708644 36.706283
77.376676 -52.890135
-12.106196 -28.508221
-6.246738 20.075053
36.558549 -94.797546
25.307747 35.359633
32.651448 -103.495467
10.395018 5.349783
-28.945167 -48.697634
59.454637 -48.815613
2.406907 -18.810292
62.542866 -62.174212
0.86876 -63.055339
44.969224 -102.098373
37.693955 16.389794
46.355569 -110.405041
39.116514 -13.8903
27.353238 -79.530997
