//Synthetic=Synthetic_01616_J30

J=30
MT=20
Vd=2
Vv=1

p: position coordinates = 
0 0
-60.008432 45.250683
16.901053 48.727935
-31.626363 9.713459
2.766147 28.607077
-58.553501 56.575307
-31.229455 58.323614
-37.066955 78.898338
6.441259 72.68796
7.223171 46.336831
-43.911154 17.802102
-22.039889 -22.042639
-26.968086 46.164395
-14.462332 25.927819
-21.487222 62.892107
-22.795044 13.245276
-47.523594 5.684358
16.362816 39.870326
-10.773834 88.765416
23.085484 33.073843
-63.008132 38.518857
-51.1017 55.201453
-22.981882 78.88739
-10.655183 72.875983
6.667186 21.19802
-14.989012 -13.906388
13.53183 1.114628
-64.387223 37.566699
27.564027 20.567416
-37.333409 52.695628
-11.480991 47.01614
