//Synthetic=Synthetic_00747_J50

J=50
MT=20
Vd=2
Vv=1

p: position coordinates = 
0 0
-80.505327 30.584605
-69.742569 16.158688
-73.85314 13.005697
-60.317641 -32.864136
-70.932208 -47.147877
-62.470381 -40.474866
-83.30366 28.973921
-70.792903 -43.19008
-68.961967 -37.264893
-73.377408 -43.113322
-73.660445 -29.141456
-77.770315 27.286811
-84.219116 19.942213
-69.6594 -37.335655
-75.068502 -44.838255
-72.072321 -33.46139
-72.435552 23.613892
-78.129779 22.895662
-73.063864 -25.035955
-81.7761 27.198916
-80.291742 33.704595
-47.206482 -35.161559
-64.486555 -38.55118
-74.328976 -43.092513
-77.462123 30.064398
-77.596347 12.764387
-81.947621 19.144418
-67.000727 28.900061
-88.071827 26.135875
-73.562711 22.204891
-65.029253 23.201249
-74.052527 24.960963
-82.500597 16.965184
-61.584085 -37.325455
-67.677381 -30.780576
-70.293597 25.264059
-68.772287 -40.21766
-62.224239 -31.834953
-66.108325 -46.368436
-77.189706 -42.996646
-60.867264 -40.825074
-67.292948 -33.897396
-76.137018 24.271961
-78.722887 15.637456
-63.96307 26.915017
-68.354812 29.107258
-68.368606 19.704643
-81.247949 35.588971
-64.194625 -37.939587
-78.875322 16.878401
