//Synthetic=Synthetic_01497_J80

J=80
MT=20
Vd=2
Vv=1

p: position coordinates = 
0 0
-46.313965 -69.598888
-65.87854 -78.192706
-93.447366 13.810625
-85.821137 13.357498
-44.537982 -70.336102
-53.063224 -66.399598
-81.278523 3.236013
-54.123303 -74.013173
-51.787652 -57.955104
-43.56869 -64.180992
-56.911999 -65.0586
-100.664065 -8.981899
-53.309179 -65.085361
-101.271345 -5.507968
-83.18765 -4.109267
-63.544742 -68.584516
-93.364267 -1.238771
-84.37453 -8.460566
-58.276143 -80.634082
-80.691367 14.505934
-67.357464 -59.931399
-59.288392 -82.687736
-48.654245 -67.842112
-52.306166 -76.218241
-64.953015 -63.288035
-61.389591 -58.042966
-56.43546 -55.764431
-45.07429 -67.958677
-49.7063 -69.271149
-64.770031 -74.870312
-59.077382 -79.551262
-87.868744 0.829181
-83.526562 -0.355939
-95.916121 -6.526618
-97.774215 0.781128
-60.484089 -65.861277
-90.993324 1.965859
-90.9942 -14.746221
-91.257512 -18.920048
-78.436106 -2.427545
-96.72555 -17.121465
-58.706846 -70.297321
-43.806678 -65.613479
-83.929352 -1.538509
-69.46062 -76.539276
-43.267114 -65.641808
-54.257373 -68.081379
-95.761418 -11.326172
-63.354794 -78.135459
-59.575746 -76.107628
-91.451841 -8.936646
-59.492734 -69.061569
-66.255898 -75.329246
-95.305696 -1.955452
-50.890954 -60.432287
-56.413803 -75.683187
-65.513132 -58.228955
-53.852101 -77.906627
-57.291993 -66.988181
-93.807569 -4.039337
-99.605625 -2.343672
-97.959379 -6.597258
-93.086465 -17.940221
-64.910411 -84.214087
-66.923945 -64.78748
-76.716971 -13.632604
-70.640948 -70.699647
-60.039549 -68.03266
-62.216795 -81.519624
-56.336342 -76.941492
-54.397838 -66.631115
-41.474498 -73.411712
-101.528803 -5.504654
-58.325409 -61.77989
-61.20505 -74.678959
-90.670551 -9.880421
-78.801381 -15.585539
-47.84396 -66.758779
-78.583238 -12.706355
-54.188719 -75.714372
