//Synthetic=Synthetic_01149_J30

J=30
MT=20
Vd=2
Vv=1

p: position coordinates = 
0 0
9.896147 -27.689734
-0.449288 -11.864075
83.63408 -5.730438
79.689315 -4.366497
84.200963 -3.447908
83.29342 -19.146876
10.631604 -29.243514
1.99541 -8.222407
48.394506 -36.159488
45.430897 36.378174
10.14436 -62.857509
7.457786 18.487891
0.921613 -18.924463
72.472936 -30.392473
18.723728 -25.893575
30.322979 -45.630982
21.621572 57.393677
40.725546 1.53881
26.883881 -2.961106
13.626523 -29.501751
76.624233 -26.04803
3.622863 2.652567
12.245546 28.999558
35.468185 72.121663
44.723546 69.494515
5.169197 -25.038474
23.191273 -32.831003
67.771926 -17.820135
83.789438 -25.053864
12.674931 -16.062877
