//Synthetic=Synthetic_00121_J100

J=100
MT=20
Vd=2
Vv=1

p: position coordinates = 
0 0
-15.834986 53.112825
-22.299317 44.952171
-22.480176 -19.776142
-59.050317 -78.978754
36.330103 -8.382182
37.084511 -25.974327
37.833238 -13.268329
-64.580032 -75.70875
-40.77668 -63.278897
36.390918 48.686236
-35.365222 -70.799452
-49.072429 -64.397092
7.954613 38.237357
-52.33376 -63.26374
35.887574 45.591596
49.569454 -9.929421
15.506562 45.280757
-38.913131 -17.402043
-51.326439 -58.043122
7.074568 53.073391
-32.668054 -18.293982
31.297088 -30.564625
11.542695 44.199515
-62.997988 -66.752315
35.749412 52.681111
27.719657 -19.710663
-44.040689 -83.103214
-5.479374 57.886404
-11.539082 33.281372
-27.094811 -3.833433
1.268017 63.075202
14.503054 33.478779
-51.346076 -80.607368
-72.089271 -77.313627
-26.404298 -30.230111
-42.205614 -52.483916
-18.473553 45.712795
34.111857 -7.421527
30.73301 -14.492668
35.395646 -25.505593
-41.020306 -62.686072
28.074428 -19.779082
-16.989571 40.625636
-34.860959 -62.102456
32.958439 34.436362
-18.287509 -30.439115
-30.389004 -16.226192
-51.528005 -75.895836
-35.122049 -21.009508
-5.366317 42.364718
-28.295601 -25.688929
-13.69721 37.084605
-5.494995 49.699702
-12.120941 36.660016
-52.406715 -72.16983
13.195063 48.316088
47.416788 -21.160245
14.855714 50.057838
-37.20565 -14.558497
38.291621 -33.812247
-57.090183 -77.432587
-40.931171 -23.10126
-50.163861 -73.250407
6.307913 46.932349
-29.317881 -22.916788
31.12224 -26.804134
-44.537901 -58.944469
39.804145 -34.79493
-24.302133 -19.165347
34.322158 51.92475
-41.607667 -60.73711
-59.148497 -62.850886
24.042208 52.570783
-6.426817 48.126546
-59.43655 -59.637141
16.831423 38.097167
-39.356316 -21.749677
57.745787 -10.430694
46.40539 -20.678709
-25.32025 -23.645875
-5.065741 52.009573
-40.672616 -17.963883
-44.858053 -63.784893
-10.813192 54.433975
-33.748115 -30.28137
2.867922 47.994855
-31.070861 -18.495326
-51.410697 -59.045996
-59.23459 -87.763814
32.867672 -13.860966
-0.658904 51.505521
36.125301 -25.767695
30.467761 47.434211
-22.253597 59.984503
-49.339316 -79.576198
26.922128 35.007839
34.023715 61.734127
6.126908 31.647831
-14.904726 -17.024854
-15.531251 -14.822487
