//Synthetic=Synthetic_01168_J50

J=50
MT=1
Vd=5
Vv=1

p: position coordinates = 
0 0
-45.204696 8.871559
-10.371009 21.124477
33.004626 -33.264877
-5.893551 40.48104
-2.640377 -37.30027
11.79463 21.909575
26.204441 -9.789483
-44.828328 -15.43507
6.560522 -16.425605
11.16043 -46.260868
-45.266798 18.661217
-30.354655 29.402103
-29.89812 -1.871657
-15.743332 31.613143
7.43944 37.045564
30.540828 -34.919426
39.838562 -19.64358
-12.820954 -36.346077
7.598339 -42.155167
-28.04953 -3.455714
-41.256625 25.73155
18.864646 -39.21756
-55.059726 7.228342
24.950141 4.407998
8.472921 39.935478
-34.17518 -2.379039
-10.343693 -21.277967
-32.136105 -14.701093
49.214054 23.047817
-28.376355 4.954898
-0.161299 23.901476
7.106593 -23.490799
-22.022964 -37.934417
36.332597 -26.971155
13.963536 -42.852384
10.414627 -44.341686
-52.702267 -8.109499
19.082908 46.348308
12.838091 41.208802
-33.036429 29.777809
14.586184 -16.979051
12.111431 -11.365924
30.660349 -25.823608
25.758832 -0.089617
-20.903436 34.151778
4.066416 39.229898
29.491473 34.057208
18.524449 -44.089824
23.372328 -34.245783
43.199195 -4.624508
