//Synthetic=Synthetic_00921_J50

J=50
MT=1
Vd=5
Vv=1

p: position coordinates = 
0 0
1.181235 -36.001653
2.925834 -25.563676
-10.68617 -34.519881
21.052799 -16.928485
12.204023 20.548479
-27.469195 -8.979157
10.533027 -11.547071
52.464679 -4.712563
-39.586352 0.32317
-7.060589 30.764358
-43.19802 8.680014
-34.772456 30.5231
17.259407 -32.686062
45.890985 8.78198
-5.392775 11.715673
40.662648 6.518228
-36.394144 -16.020297
-51.020796 -9.733379
25.730184 -11.454759
14.258712 32.084849
-20.132319 26.165865
-38.441537 29.144808
28.26466 39.13681
-16.163467 -43.823204
34.157182 -23.221198
3.674615 -11.527452
-44.282597 23.017697
-4.278308 41.405891
16.719845 12.721839
53.375111 -9.861893
-23.557954 -38.822688
13.676117 -0.1425
11.090651 -26.152645
45.90284 21.194927
25.761563 42.082287
1.040467 1.235518
-11.072598 -52.894904
35.782978 -2.890942
35.04031 35.503783
-45.17374 -10.962491
2.578118 42.243437
-31.031533 -1.549385
5.592479 29.416021
33.750045 12.384115
-31.789717 0.470939
-44.975399 19.132378
-36.858278 -28.965736
45.713858 4.67819
45.319826 -20.297963
11.588865 42.158624
