//Synthetic=Synthetic_00632_J50

J=50
MT=20
Vd=2
Vv=1

p: position coordinates = 
0 0
-51.223578 63.285143
27.848424 78.44398
-44.576037 59.182232
30.280487 80.308596
24.667098 71.730582
-56.676697 71.838736
-60.08208 69.574177
34.22634 76.86232
-48.406509 76.159321
-42.774605 68.794138
33.049497 87.328532
-37.164974 71.06899
17.338195 76.834329
-50.527677 66.567046
-45.815608 52.99377
-41.10209 66.996398
30.138957 79.353112
-41.461096 53.919001
34.121558 80.984896
-64.858876 81.051204
-58.133227 58.691861
-50.646104 69.358992
-47.122268 65.369827
-51.338662 73.43466
-36.448832 57.483148
16.604544 65.128928
35.520565 90.68112
33.448112 69.64955
-46.598966 70.83686
-47.701985 62.958481
-53.821472 71.934261
-49.632818 75.418743
-46.373231 71.521783
25.81157 74.314158
-54.034107 72.506093
31.529403 78.147219
25.680023 80.397255
33.686739 73.629684
-60.94354 68.443896
-45.39513 71.828418
8.662243 78.34039
-40.363845 79.512558
26.501433 85.411008
-51.55653 77.531552
-39.549551 55.530217
-54.123005 76.041307
20.666869 77.270929
-43.319326 75.96386
27.159051 72.462024
41.317554 76.030049
