//Synthetic=Synthetic_00437_J60

J=60
MT=20
Vd=2
Vv=1

p: position coordinates = 
0 0
-12.417899 -41.628621
-29.280294 36.098381
-11.663011 -42.330947
-11.122564 53.822407
-63.090044 -13.059046
-51.984781 53.658688
33.540572 14.186831
27.165704 -20.019924
-50.061785 10.988376
-6.377597 -3.432459
38.642008 35.260249
-54.405532 -17.030684
-26.3717 34.591191
-57.943876 -21.935312
-14.264626 56.570512
-36.555129 36.904399
23.160216 16.765202
-35.440739 -11.80797
21.742519 27.922694
-23.945875 -0.033605
-24.590795 46.649827
-63.871377 58.816972
24.550932 -40.57922
1.304885 37.78763
3.626728 52.472864
19.435816 -10.006837
6.372341 50.041224
-75.550475 -17.909818
-30.101881 -0.520425
-72.913653 4.348613
-55.335174 55.419766
-5.770245 -40.251308
37.530385 43.012383
-71.391554 29.371814
33.709474 -15.20103
-22.623691 49.367659
-27.782622 42.453729
-10.328178 -40.839308
-12.497194 14.152101
-30.137684 -11.703208
-20.537278 -4.469902
-69.874053 30.565535
-61.834495 -9.25558
-32.027037 41.134383
-48.900417 9.912834
12.75027 23.091132
-28.075521 53.582711
-22.151629 59.112961
-24.962644 -27.862361
-7.045297 59.22355
-63.03103 -10.22071
-12.197285 60.703092
26.789809 -52.04015
-53.104115 8.810965
-59.713944 7.150757
33.717926 42.759515
-69.087301 28.3195
-3.149655 -9.401571
28.873829 -46.342742
-27.890994 -28.555266
