//Synthetic=Synthetic_00593_J30

J=30
MT=20
Vd=2
Vv=1

p: position coordinates = 
0 0
-111.340269 47.879918
-94.197718 25.122094
-22.355811 10.238082
-12.983615 20.285103
-63.023277 43.422643
-30.78579 -8.465029
-76.043964 11.497007
-107.909876 6.412762
-70.371624 0.584468
-111.803483 -8.75185
-9.329687 15.937149
-86.157043 11.092823
-43.785703 63.328274
-44.351397 58.234649
-82.791188 -53.980192
-82.245931 -3.170295
-45.840946 58.982361
-65.206846 -18.684105
-38.404164 27.1201
-65.053717 -23.45564
-57.980631 63.450989
-29.441038 1.964094
-52.748376 72.066553
-114.394154 42.257123
-53.980236 32.04085
2.370316 10.322561
-100.163578 -1.499381
-85.729788 24.710086
-40.092712 -26.388395
-67.594057 50.153304
