//Synthetic=Synthetic_00951_J60

J=60
MT=20
Vd=2
Vv=1

p: position coordinates = 
0 0
49.670614 -33.836922
-20.006951 -32.152067
-26.419308 -38.041356
-4.116835 -11.862762
-16.675915 -32.989761
5.316391 30.51012
-15.909384 40.369997
-15.352322 39.896655
45.752 -28.631066
26.512808 58.857979
-18.132281 -37.505919
21.575185 41.062666
65.338288 12.224062
14.645129 43.83557
25.609779 41.008265
-11.5506 12.815092
-5.566031 58.617546
2.114173 -6.42827
2.093043 1.562538
-3.335373 40.413144
70.550641 -26.876195
-1.098625 -49.04831
44.129598 -34.960959
52.592022 -33.807364
1.812209 -4.822705
-23.730765 -22.559091
-32.341421 -32.209583
13.989208 1.055709
40.495542 -43.022829
-0.512182 7.641586
42.679814 -50.378725
27.987897 15.379555
-29.275112 -34.569243
-6.229749 -17.062222
-33.751836 -33.016556
8.620657 -12.778909
15.783006 55.45279
23.432728 -6.306461
-30.792267 -22.875788
-13.877026 43.811971
18.436849 -0.633392
-25.333101 -34.020874
4.266392 30.251096
60.973413 -6.463184
28.932695 55.063657
-3.585874 39.303093
84.751071 31.332757
27.842835 32.706549
-2.439326 62.272255
10.982379 50.099149
55.408082 -12.203521
30.911029 -3.704722
11.098503 2.467749
-33.168364 -28.43692
-6.991117 -4.765466
-1.725351 -0.225577
41.984555 -65.782451
51.200501 -48.640846
14.067287 51.095043
4.861962 10.823343
