//Synthetic=Synthetic_01705_J50

J=50
MT=20
Vd=2
Vv=1

p: position coordinates = 
0 0
-64.516187 -57.008591
-65.058554 -51.96338
-63.284411 -42.791871
-4.297297 -92.70384
-0.352421 -94.971434
-4.570345 -96.528611
-60.851227 -37.580596
0.39578 -99.327939
-11.688507 -89.749923
-11.018551 -90.268285
-2.937196 -93.136054
-3.379419 -98.0562
-63.220263 -58.582696
-60.632423 -56.53891
1.586255 -101.550182
-59.717943 -58.774341
-5.901981 -90.892894
-11.348669 -99.803391
-7.06443 -93.450315
0.065373 -96.527736
-68.45081 -39.073716
-16.044227 -101.475632
-70.393338 -52.68595
-58.634962 -68.826166
-61.021892 -62.241568
-57.313224 -47.863899
-9.414362 -85.092886
-62.681088 -66.988837
-62.40647 -64.190799
2.389069 -78.934857
5.001151 -81.190531
-7.121982 -91.752849
-61.181363 -68.379117
-1.952321 -90.281804
-54.509228 -55.32169
-10.120426 -105.8462
-71.753062 -57.244943
2.83945 -95.162953
-68.454836 -62.343016
-6.379822 -92.382343
-63.110138 -47.699238
-55.608437 -56.646632
-55.452926 -43.078608
-63.222863 -49.592016
-5.899262 -82.463744
-1.827595 -98.072077
-68.027275 -65.580128
-54.5355 -64.589002
-11.609534 -82.857349
-65.254549 -49.283691
