//Name=155.MD31.dat

J=30
MT=1
Vd=5
Vv=1

p: position coordinates = 
0 0
12.8986 -46.2004
-2.46742 -48.648
31.8659 23.3268
23.159 31.4508
41.9401 -21.8436
-4.87533 31.3684
19.1488 42.3948
34.5424 -42.4558
-15.1479 -20.0613
15.7674 38.7295
47.4029 32.0154
-33.6451 -11.4216
26.7968 5.64745
14.1102 27.0653
3.00455 -8.74203
46.7925 -36.2026
-21.4835 37.4844
0.184637 -3.64544
-4.21308 -38.6624
40.0845 26.8212
0.190741 21.8711
-46.1394 49.5727
-10.8936 35.3938
17.2262 13.506
37.7529 -39.5322
-48.1994 11.8091
42.4253 30.7367
39.1598 2.35756
-28.2891 -36.3063
6.90481 11.9465
