//Name=193.VLD36.dat

J=35
MT=1
Vd=5
Vv=1

p: position coordinates = 
0 0
19.1794 37.289
-23.4947 16.8355
-43.9604 5.46434
-36.755 0.215155
22.9484 10.0146
-35.5708 -39.8434
28.6035 8.68099
5.33006 -24.5994
23.1559 41.8851
42.0682 -4.60982
-45.1994 25.4173
-3.93231 -0.538652
4.72884 8.17133
-6.63015 41.3846
-34.0388 -1.97607
-0.553911 7.39006
-18.1814 9.01669
-9.81628 -34.2158
9.54161 32.9615
49.5819 36.3033
24.7398 -11.4399
34.8506 -42.703
32.3176 -48.7915
-0.462355 -21.0685
-0.584429 16.5944
15.2547 -39.5566
-23.8945 1.16428
-17.3208 -0.340281
19.3503 32.6991
-27.5689 -27.1569
-14.0431 33.9961
-13.5243 13.0268
10.0665 -47.1252
-19.3747 4.95773
30.8557 41.5799
