//Name=526.Clustered101.dat

J=100
MT=20
Vd=2
Vv=1

p: position coordinates = 
0 0
30.7941 75.4144
26.2459 84.3162
75.8676 36.6068
17.7632 73.8179
25.3935 75.5518
79.5815 29.1716
82.2371 32.418
78.0054 25.3167
83.5164 24.0149
32.3506 81.315
24.611 68.1269
34.3373 72.2469
27.6348 76.5692
85.7922 35.0385
91.5894 25.8286
76.4562 28.4166
26.5977 76.4552
27.2502 92.7512
77.3456 40.7309
25.6191 76.5493
30.0041 79.6344
88.5462 33.8873
78.2245 35.657
83.2085 25.4321
27.0035 76.2345
32.5112 76.8827
32.2908 66.136
84.1709 33.6946
77.8445 27.7737
69.4856 27.3307
78.3647 35.3386
78.4801 26.4132
40.3996 82.944
22.4458 67.7067
41.4719 84.7879
82.3893 18.7496
30.313 84.9077
25.3365 85.215
34.1047 80.4938
31.8503 79.058
85.0132 39.0015
79.9748 17.8292
91.5509 34.9486
35.6077 87.5632
35.205 78.7268
92.8867 28.5172
41.5691 83.1633
25.9455 81.23
80.7941 31.8247
76.1198 25.4113
32.0877 80.7414
86.1459 28.8262
31.2235 78.2804
35.7706 80.5163
32.8821 92.2978
71.4779 21.104
85.6371 36.7283
20.1543 84.5693
32.527 82.9856
89.738 29.8291
86.6107 37.6654
31.1103 86.5157
82.2274 39.6987
83.0571 33.7405
70.7091 26.7995
23.9762 75.9609
74.0171 22.0574
31.2783 88.0364
87.4039 37.0606
32.0552 86.0339
28.7445 85.2318
75.4242 41.9502
35.1248 78.8433
65.8703 19.4373
76.682 26.1529
31.817 81.0942
87.9289 35.9984
84.3515 30.1434
89.561 34.4119
74.1592 22.0394
78.2964 36
31.1795 86.639
77.6288 29.2601
86.131 34.9591
77.581 25.0278
78.0765 18.6748
34.3146 75.5807
80.2625 34.3431
77.1092 39.1615
81.8075 37.5315
66.7379 34.9764
31.8406 87.2051
79.1445 22.2574
76.1342 26.7028
84.8907 25.2551
91.5234 33.0885
27.1861 88.6832
38.9371 83.9282
81.4955 43.3323
27.2841 91.1332
