//Name=195.VLD36.dat

J=35
MT=1
Vd=5
Vv=1

p: position coordinates = 
0 0
-19.2099 -14.217
-23.4581 43.6521
4.39009 45.2971
-24.7734 11.4185
23.0796 -17.1682
3.12357 42.3734
-22.0969 0.477615
28.225 -40.2921
-32.3084 46.5423
21.2851 -45.8403
-38.699 41.2503
-8.79391 40.2676
41.3511 8.09809
3.48064 -36.401
-5.02182 -35.9859
22.2312 37.1212
17.3574 -28.5913
-33.4834 34.7285
43.4568 5.27818
21.5537 20.1956
-26.1834 38.4823
-4.62203 39.5535
9.8468 -1.71972
-38.287 -44.9156
-35.6594 -2.6719
-20.452 49.0692
-37.1975 -7.85089
30.105 -24.6788
1.23447 -27.6574
-38.1588 -13.2221
-24.0318 33.5292
-15.9505 17.1285
-48.7854 37.2158
-0.260933 44.702
-20.0674 10.7288
