//Name=316.Regular51.dat

J=50
MT=20
Vd=2
Vv=1

p: position coordinates = 
8.92387 64.1744
36.4933 70.7999
67.3717 75.1514
71.2007 67.6042
44.8776 87.4797
81.4632 80.0955
49.552 25.7011
89.9759 61.1965
21.7934 98.6092
82.3757 21.6743
6.78963 85.2009
52.8148 29.5977
80.6576 37.6592
20.701 81.6572
30.829 9.02627
11.8117 99.2614
29.856 7.71858
72.5646 87.2167
25.1988 72.5305
72.8579 21.5653
69.9195 68.2223
35.7021 55.5315
41.7924 38.3334
9.03353 92.1331
49.134 71.3795
99.3336 39.481
72.4381 10.241
12.6902 28.7328
37.99 64.6583
58.5092 53.6613
76.0609 33.2823
42.3665 63.3298
8.442 31.8353
89.9054 92.525
94.5101 54.7751
83.502 14.639
83.4291 58.7466
46.5719 13.1993
39.0945 57.5697
36.0297 32.8447
87.0678 93.2207
86.374 5.52734
21.7009 93.5802
90.5463 69.7698
53.9707 98.6118
48.7425 51.7313
54.4692 38.9573
43.3205 25.0109
64.3591 32.0384
58.5527 3.59021
6.45744 29.2783
