//Name=514.Clustered101.dat

J=100
MT=20
Vd=2
Vv=1

p: position coordinates = 
0 0
41.0119 80.7283
82.7938 37.3552
29.5596 80.1458
39.558 75.9185
80.2194 25.6252
37.1001 87.1181
33.7876 81.1813
69.8185 29.9533
25.2566 94.1858
77.9662 26.8869
80.487 39.0224
30.8157 82.6555
85.5067 34.3581
25.2341 82.179
91.6323 35.3648
34.5551 77.7275
29.6537 75.2739
87.3792 36.3877
35.0533 78.8638
34.0889 80.5873
29.4754 92.0916
44.2947 76.8234
80.1364 39.3972
75.9051 23.1359
38.5789 80.2992
85.5434 35.7346
30.3799 79.0197
26.3771 65.2467
87.0819 28.9283
77.6896 25.4383
93.4265 27.9698
30.6112 93.5129
80.1906 43.1321
84.3586 26.7444
31.0281 88.3361
25.621 85.3281
37.0793 88.8057
26.6557 79.4327
25.6375 80.3743
33.8634 86.4816
85.6009 31.3089
89.131 32.8294
29.6564 75.0785
27.8332 82.5718
87.0964 28.0762
67.9734 26.4572
37.4736 82.9038
79.6968 25.1082
27.4829 89.0133
40.6849 83.6528
20.6723 80.2195
41.0697 80.8035
77.83 17.3896
34.0161 84.7143
27.211 75.8516
24.6492 79.3219
93.7651 28.5143
92.4685 25.6344
84.6669 36.863
38.2144 88.8204
33.1793 89.9628
36.6347 82.9158
41.9731 78.9925
35.9926 87.9033
30.291 79.6085
17.0581 72.1549
41.2561 80.2961
24.4418 71.8452
82.2086 42.5902
78.0711 26.6468
74.3253 20.2005
89.1218 33.5217
89.6405 35.8392
26.5342 79.3956
30.0363 80.7644
73.9183 25.2912
16.0499 73.9884
29.6314 79.3888
38.2966 77.88
31.3316 88.5769
42.1432 80.248
86.829 32.5081
20.1831 68.3957
28.0875 81.0885
83.3328 41.1928
79.9478 37.0798
29.9999 90.2967
28.0799 79.4737
81.0811 43.4267
77.5503 31.5648
75.2777 35.0301
26.0391 85.5827
39.9274 79.7564
33.4849 67.2506
90.8392 37.1848
91.3372 32.0364
27.8345 83.1789
39.6496 76.7225
77.2659 33.6971
36.9893 89.4404
