//Name=328.Regular51.dat

J=50
MT=20
Vd=2
Vv=1

p: position coordinates = 
53.6744 0.941528
49.7439 76.7321
46.0573 76.7033
3.66474 55.1651
75.2767 82.6576
43.5658 18.3015
72.3063 71.6975
40.7477 23.296
94.6786 85.9757
45.3107 70.487
32.315 87.5858
39.2506 79.034
10.3942 89.9099
14.9402 13.3782
61.8334 93.5507
97.8453 9.41774
78.1147 30.0895
32.8039 44.7239
2.76944 93.4648
84.1783 85.7172
51.6144 10.2128
57.2248 0.184726
83.8944 85.5442
33.6487 44.2338
99.283 52.1901
29.2034 35.4595
79.6455 10.7045
29.113 85.2295
97.6145 41.7365
37.9492 16.2516
18.3419 53.6737
22.1864 79.6314
93.8706 69.4121
90.9124 35.8132
65.3723 16.5565
28.4235 86.9289
4.75392 59.8961
72.5855 25.6894
73.9395 30.0323
79.5928 72.1888
88.9156 34.3434
53.2494 78.9535
13.6212 75.6269
20.4215 68.1329
59.2009 74.6224
62.2863 80.1281
89.481 71.6151
86.2617 22.8788
81.6132 64.5748
61.3509 83.1109
12.8258 56.6658
