//Name=313.Regular51.dat

J=50
MT=20
Vd=2
Vv=1

p: position coordinates = 
5.69441 48.6245
98.5491 18.2964
80.2357 9.26875
16.735 74.959
10.7938 27.4498
77.5923 17.4897
92.2981 83.8628
67.9382 60.5855
94.1393 81.9151
53.6006 91.5475
92.8301 98.0162
37.9126 43.9363
52.0474 54.8297
10.8701 55.3685
76.8363 78.8233
78.7101 37.9924
90.1033 34.1976
42.6567 60.3539
48.5251 36.1672
48.3118 58.2389
63.0332 66.6781
82.7771 95.7418
93.0484 53.0377
32.1743 66.6732
14.2283 85.0409
15.669 7.47324
65.3615 96.551
53.9846 75.8318
17.3446 68.7256
64.5678 26.3471
37.9707 73.0213
70.1488 36.8127
87.9338 65.197
85.959 12.1726
36.8137 42.5458
39.067 96.5539
97.0423 53.1763
73.9992 92.3952
61.2664 90.7747
25.4787 99.4953
98.9667 49.7854
72.6139 73.6851
17.0034 4.74952
34.0461 75.5935
83.4 84.1228
62.8094 35.4723
4.60632 16.9279
82.9032 92.8949
95.3102 45.8161
89.1214 14.3673
10.0713 73.1552
