//Name=307.Regular51.dat

J=50
MT=20
Vd=2
Vv=1

p: position coordinates = 
61.5873 70.7851
95.6377 36.4214
83.6311 13.5443
33.2587 36.8617
47.7188 91.8334
54.7132 67.7536
15.4976 61.3357
28.5761 45.3696
24.2416 15.3362
91.4153 65.2172
15.3543 33.2455
62.5306 89.704
1.97836 44.6831
39.3636 67.3349
44.2471 31.0369
81.0181 34.5428
99.1883 82.2562
86.4609 86.0011
76.4249 29.7572
71.4671 47.5005
92.0655 67.8008
78.9055 58.2936
51.2079 15.7982
10.451 63.0032
72.1047 64.3439
7.47979 60.0994
13.9755 44.3084
79.7232 40.0952
50.0498 97.9601
6.30301 29.7752
12.3645 86.2315
98.852 77.9359
80.3015 42.2553
88.699 50.3466
90.2802 47.4295
85.9544 52.9168
43.1788 77.4141
85.1772 23.7571
94.7477 66.2439
37.1497 24.0863
57.3065 84.0013
31.8959 10.1819
13.8999 62.3106
43.8086 17.821
7.67556 48.0948
95.6155 6.79158
97.1656 19.6413
96.2577 29.7353
8.33826 75.0605
13.9259 26.2321
3.39475 73.8841
