//Name=517.Clustered101.dat

J=100
MT=20
Vd=2
Vv=1

p: position coordinates = 
0 0
78.8562 34.5989
93.4419 27.3401
39.1137 83.6063
91.4428 27.9822
40.1658 77.7685
78.7441 37.4821
80.7079 26.5438
28.1321 79.8752
71.9339 30.0084
25.69 83.2517
78.7871 28.334
31.6871 75.6067
43.6254 81.8808
35.6777 90.9147
86.829 33.6698
79.6947 28.3941
27.8772 91.689
87.7821 34.8454
35.3154 79.9526
77.3668 36.5873
41.0298 82.3413
82.4769 34.7189
25.0563 85.1901
44.5436 77.8754
29.3289 87.2324
82.2505 33.0784
30.3735 83.7629
43.0327 78.4702
42.0283 77.0403
31.9637 78.5683
38.6755 83.9165
29.7158 92.5721
81.299 30.8808
90.4096 27.0644
42.8571 77.4118
79.0053 38.4104
82.8475 28.734
85.3872 33.8161
82.5101 32.2224
31.9644 72.9596
35.7231 85.0502
83.0746 36.9816
38.9373 88.1792
31.5669 82.4906
77.7956 39.6669
26.2347 79.3352
88.758 37.4705
27.8239 76.761
69.9523 29.609
74.2442 27.5177
30.3783 80.5184
75.108 27.6771
70.1873 16.0022
77.5246 38.8347
89.076 30.8878
37.0573 78.3788
29.9899 75.6338
40.5264 82.3651
79.5997 18.764
20.5395 70.2393
77.0048 40.7073
35.9315 86.4391
80.95 26.8518
29.9199 89.7536
27.1769 79.7269
33.0319 84.4621
28.3633 79.5001
82.502 39.7215
32.7514 75.8402
88.7067 34.0843
36.117 88.0254
29.2975 84.4766
34.4403 76.2542
31.3487 79.714
28.8079 76.8962
30.7568 77.4527
87.2729 39.0211
93.587 25.0551
32.8363 85.7595
23.2163 82.2415
27.9521 78.0873
79.6828 41.2271
82.9708 16.1745
30.7427 84.4486
44.7253 76.9877
27.6787 93.4698
83.0704 38.2302
36.6692 82.6464
37.9762 86.2723
23.7767 66.9024
77.3623 31.8137
29.0781 93.6781
35.1959 75.9517
25.2236 88.8752
75.3542 15.2582
30.4174 80.9069
87.533 33.4094
27.5969 79.1715
38.3794 88.9017
25.1828 83.3975
