//Name=288.Regular31.dat

J=30
MT=20
Vd=2
Vv=1

p: position coordinates = 
25.2961 57.2184
42.0793 9.15048
90.8638 26.8523
6.36626 85.2917
86.5728 70.2297
52.5524 54.8859
99.6529 4.71976
95.9195 94.4803
54.9838 8.9663
58.0412 34.4118
48.4695 44.8164
81.0428 16.4455
13.8959 73.6544
68.1519 7.15038
38.3696 6.72464
69.9174 58.9776
14.8749 19.7776
82.2405 90.1676
51.3493 7.4845
22.9386 69.23
6.98766 11.1157
93.9759 10.9783
88.3264 68.274
29.939 34.8344
11.9791 0.572946
47.8165 3.94317
95.9287 33.0569
92.2932 66.632
52.0595 16.2694
89.5936 87.5422
35.447 99.2086
