//Name=304.Regular31.dat

J=30
MT=20
Vd=2
Vv=1

p: position coordinates = 
26.5369 2.44999
86.5474 42.368
73.7439 71.9905
53.8965 12.7028
10.7998 65.6335
13.5261 33.763
8.79929 88.9861
80.9906 34.3654
15.3612 71.8849
80.511 61.1744
35.1215 91.3225
39.9817 47.8173
51.4534 74.5037
71.4045 5.41821
65.3229 39.8997
86.1286 78.5399
83.6886 54.7455
99.206 50.4051
33.7372 46.117
52.7201 71.4601
64.5133 29.2468
9.78594 67.4641
57.1429 1.74653
75.139 70.4508
82.9203 55.3943
15.5836 75.8874
53.2773 41.7017
9.13022 5.37399
55.5929 91.2679
15.2283 2.30255
30.902 53.7377
