//Name=457.Clustered31.dat

J=30
MT=20
Vd=2
Vv=1

p: position coordinates = 
0 0
82.5036 42.5977
31.4233 87.0443
88.8378 35.3869
65.5291 32.0776
82.5275 34.7316
82.3603 19.8015
82.4806 37.1914
66.4128 30.6102
25.955 79.6062
82.486 26.8237
29.4063 79.5263
30.331 91.8484
33.5725 80.1984
68.7712 29.0315
75.3379 42.6967
15.0422 66.8604
20.5048 76.1645
29.1706 82.4771
79.6983 33.2622
65.0126 17.0737
81.9858 27.0555
78.9876 41.5678
82.0624 35.9451
29.9536 82.9343
87.3062 31.7584
77.1677 35.8616
27.9126 87.7606
26.4153 78.8234
79.443 32.6154
16.8073 77.2576
