//Name=157.MD36.dat

J=35
MT=1
Vd=5
Vv=1

p: position coordinates = 
0 0
-34.3501 -33.7153
-39.1507 20.1132
-33.6726 47.0428
22.7622 -35.7662
17.2597 25.8202
47.3815 40.521
38.9401 6.21509
-21.3431 2.91909
-37.8353 -32.0338
11.0279 17.1896
-7.55486 36.1995
-5.83056 9.15098
-22.2617 40.7102
-32.3756 23.3146
45.1384 -31.5607
15.9505 19.9301
22.1183 -37.8018
-15.0258 -11.2995
7.99127 -31.1701
49.8444 7.17643
11.1713 -10.0909
-24.5811 22.0237
17.8823 38.0947
-40.289 -18.7429
7.94855 -47.7233
0.923185 -4.4084
-16.7287 -25.3441
-21.2333 -43.0082
24.633 42.8343
-9.34934 -7.38701
42.4253 0.068667
33.3949 -17.8274
36.9869 -23.1468
-28.9575 16.9668
34.0999 46.8688
