//Name=308.Regular51.dat

J=50
MT=20
Vd=2
Vv=1

p: position coordinates = 
64.9909 68.9769
66.4265 68.0729
95.1299 49.5428
82.2624 15.9834
61.9871 65.4841
75.1556 84.6447
88.6747 5.32531
77.2138 74.0424
91.1657 44.5297
70.637 67.9922
38.2954 55.1586
14.9621 5.26428
18.7286 83.4764
94.4279 92.3136
41.2753 31.2676
18.5787 21.9965
47.0314 32.9815
65.5396 29.9396
73.3608 44.6006
56.1606 45.9834
53.3223 88.5638
77.4587 94.905
81.5931 3.61479
78.3228 56.7826
45.2969 25.7074
54.7189 0.893479
28.3489 36.3608
68.1514 30.7215
19.519 41.4734
31.6601 3.40504
12.0165 87.3066
62.4753 67.3242
6.11096 1.86316
54.3858 78.3152
44.0944 94.3635
33.9946 77.7403
81.0205 70.3004
83.5293 83.2411
30.9977 32.0748
91.1668 61.914
78.2809 85.6577
20.7329 26.364
89.9843 55.1319
10.5848 7.0274
92.841 46.1853
92.1042 30.3657
66.9563 37.247
95.906 34.7999
58.3184 13.7629
12.4827 51.4514
73.2142 1.88338
