//Name=357.Regular201.dat

J=200
MT=20
Vd=2
Vv=1

p: position coordinates = 
88.3361 96.2336
70.6379 24.7746
20.9394 36.2646
59.8303 9.09912
51.0562 60.4914
43.0475 52.1402
35.1129 22.1394
41.0518 38.0723
51.6821 99.9353
37.4289 95.4549
25.6571 12.1548
43.7515 67.8739
22.0992 2.47712
60.333 41.8342
3.94823 91.592
34.5341 90.3941
30.2113 95.8631
78.0522 34.3475
48.1168 6.03201
56.357 48.6194
62.8385 83.3891
95.4083 4.11508
34.7272 48.805
71.9128 22.8261
38.3504 91.789
55.1678 56.0056
75.0124 2.00757
1.63257 13.3715
26.6292 53.9112
29.6816 89.3795
38.0712 61.9836
1.24661 88.8349
28.504 40.1919
76.5694 31.1805
6.10725 65.3035
85.0438 27.4421
39.6162 26.9674
31.4353 56.5326
77.6085 90.0723
35.9301 4.75405
25.233 5.89368
86.8309 3.96907
17.29 91.402
53.5066 70.9664
51.3603 93.26
95.5531 11.6883
36.9125 10.9868
49.6805 46.0752
96.9332 34.4562
64.7097 76.2994
45.6033 90.5212
97.4732 59.4964
35.3513 25.8968
16.2763 13.3023
1.64463 53.9524
75.8755 63.7051
72.486 40.1858
50.5659 60.3608
73.1414 55.1652
45.6582 34.2188
40.4294 81.5293
30.1654 69.3668
44.939 95.2009
7.02604 15.2792
61.8789 97.2417
80.198 23.3413
95.4322 6.56107
72.2676 78.6171
89.5507 35.4446
84.0279 60.7067
79.0411 4.33153
1.82478 99.3605
78.2437 89.5277
34.9482 44.2682
57.4673 2.16704
97.8511 26.2916
89.6425 16.1608
70.1383 56.4203
58.8784 16.9364
98.9403 12.6483
60.2751 88.9931
5.30213 36.388
89.6746 87.0792
41.3339 0.879719
68.0271 39.3981
42.5927 37.9484
26.735 18.7952
74.6582 19.9457
10.021 65.5458
2.52964 55.8765
87.5373 9.39408
12.9101 88.3272
27.5275 14.5719
24.6959 35.9875
30.4704 62.7792
75.0522 5.67113
77.8189 75.5081
31.4613 31.89
85.8721 52.7674
17.0536 83.7782
40.8993 34.2617
22.1519 36.9945
30.5876 80.7916
23.4377 0.466073
98.3312 37.0984
40.6107 80.426
27.1147 23.194
74.548 90.284
97.0607 48.3323
3.28714 30.6521
44.7071 39.0687
58.1245 91.8691
99.5565 79.8286
76.7725 50.7709
8.44185 48.9682
45.9448 90.2691
93.2161 53.0182
80.2344 92.014
57.2596 94.8601
40.1141 98.1912
48.8637 73.4945
34.5577 37.6965
13.3114 34.902
89.4844 83.8236
58.0409 68.6351
20.1753 21.1728
10.5926 29.1787
57.6252 81.0809
84.9247 48.5455
49.3997 82.9967
27.0106 7.92972
46.742 75.1719
42.8123 16.3888
43.0323 79.67
1.54648 36.0795
73.2831 9.76497
33.0036 68.8698
93.1681 2.70155
36.3764 31.7511
4.84571 10.0424
33.0373 56.3332
45.3066 40.5115
46.5508 86.0362
59.6198 20.2598
58.4185 85.31
28.4654 80.66
50.5268 86.7557
16.0649 23.8832
80.0238 65.376
32.8232 58.2329
10.5751 76.6812
12.5971 76.2614
12.7418 85.7465
52.1387 77.6692
78.5492 41.6102
21.5351 66.4082
89.4218 98.4948
33.2484 70.9368
85.5128 94.8161
76.7525 41.8344
65.2794 77.6512
69.898 99.7279
93.7926 48.3955
80.8159 69.09
82.8754 72.2982
99.4468 24.6642
4.98932 10.8137
15.9499 95.4146
85.4204 98.5554
36.4745 73.551
36.7781 45.4764
13.7217 3.61928
97.9372 75.7788
47.3857 88.3259
1.39281 3.84066
66.7716 30.382
25.7089 36.5372
15.1398 13.2033
95.6859 65.131
65.7264 68.8532
3.03286 76.1403
85.6948 82.3883
33.679 57.9446
1.38106 5.27188
89.43 54.6677
61.7064 65.2757
36.3016 45.648
9.34756 29.7296
52.88 67.0868
82.4435 25.6141
89.423 94.5217
77.2747 18.3361
60.7581 91.8299
26.037 63.7858
73.0574 1.01973
84.934 0.601545
31.2028 40.4187
76.1085 42.0661
31.7964 10.6363
95.9697 19.3384
75.8203 8.81963
