//Name=359.Regular201.dat

J=200
MT=20
Vd=2
Vv=1

p: position coordinates = 
37.7645 96.8064
25.9273 24.9367
2.41088 97.7195
27.886 0.480669
51.4163 51.3017
93.6245 57.4275
40.3026 28.7455
74.3399 78.7011
77.4977 73.0084
30.1362 17.9455
88.2602 27.1723
83.6408 4.70495
31.9508 21.321
82.0736 30.4972
52.0634 39.1464
85.0155 82.3262
89.1263 38.136
87.9404 35.5218
60.3267 45.1874
56.4217 34.691
30.9323 25.3008
69.8424 24.7662
77.9145 26.4752
30.2765 31.3359
38.7402 80.9658
38.6609 38.9443
72.4339 82.2887
32.9308 79.3328
16.0258 7.12079
15.0044 75.8946
30.5769 98.4243
32.7595 16.2465
85.1471 64.4682
94.721 57.2442
96.3917 40.0162
9.05906 1.66575
31.31 40.8925
11.251 38.286
98.866 80.169
9.20349 46.8759
92.0042 73.7055
60.5351 43.683
75.3356 37.3073
18.7153 53.8801
17.7377 71.583
87.6906 34.0092
16.1216 29.66
68.4716 61.0817
5.96649 12.442
8.95788 2.92706
40.1693 0.734346
35.8355 73.861
44.2784 43.9141
66.561 78.9667
53.4299 65.8703
84.859 52.4327
35.8743 59.0551
36.6072 35.4509
73.2989 69.8058
94.0432 3.95894
34.3062 62.2357
35.0383 90.6938
23.7216 83.9533
21.6839 16.5126
69.7956 19.5703
19.0876 1.21937
41.4883 87.6456
95.5252 13.9536
38.0761 28.1771
65.7341 20.2002
64.1738 85.2347
15.6676 61.425
72.3094 75.7863
16.9224 2.46931
11.8796 19.2976
46.3206 6.11317
25.0181 62.9514
65.7594 78.8448
65.7355 11.7865
28.1697 55.5744
59.4124 2.09429
88.7703 7.6606
10.984 27.6526
40.5488 45.3574
54.9832 55.3807
8.06888 46.1967
51.2244 89.156
12.0959 57.6344
72.5325 39.6333
63.0277 73.0475
56.0608 41.3874
86.0821 92.7204
77.6935 14.8947
2.43793 1.5911
18.9202 74.5786
57.0147 11.5169
44.8785 10.0475
47.1332 2.24518
44.7609 79.4492
53.3011 65.8695
26.9919 39.4926
6.50208 78.2117
4.52481 9.41698
30.7349 2.17855
26.2523 69.039
52.0616 74.3646
63.8016 43.223
10.0499 77.64
79.7274 59.2136
49.4454 59.9701
23.8457 35.6696
86.7687 80.0947
76.1813 13.0918
64.7052 11.0519
43.9346 30.3765
35.549 36.3087
12.8707 28.8767
13.0814 45.614
89.2833 5.59969
37.5244 56.929
70.0341 36.9906
34.2847 59.1434
33.3028 21.6737
63.923 20.4148
30.2951 1.4986
96.6695 50.9732
78.3398 97.8012
40.7865 2.40082
26.6785 76.4784
23.4879 28.8925
42.2995 37.5702
95.2301 58.8659
19.9354 71.8557
71.525 99.3186
94.7006 56.1096
83.8549 67.7449
38.2227 19.0572
94.0354 34.8623
50.694 91.4579
87.0971 98.8063
99.4055 15.8603
81.7557 17.6626
57.5977 33.0967
15.9643 42.0505
29.715 34.5992
47.4826 66.7879
50.67 55.6212
95.5258 77.243
7.76162 52.5386
56.7502 29.22
33.1199 97.6657
78.0008 14.2923
0.821987 9.40899
89.079 88.5929
81.566 84.8963
13.1621 37.2765
30.138 89.2825
4.11214 61.985
78.7462 19.7842
62.8532 74.1742
96.596 22.9656
51.8687 85.3496
90.5501 36.4545
50.9252 66.8524
93.1303 43.4273
12.539 64.0993
73.368 45.4591
57.0229 4.29582
84.4572 12.1068
51.0313 53.7117
96.2725 50.4733
10.3019 85.1902
15.6894 69.7722
29.998 32.6613
93.775 99.1659
8.01797 42.5798
10.3779 46.255
66.7906 10.939
97.9836 47.1913
20.9389 82.1303
33.7728 61.2408
6.30392 30.8851
99.143 43.9027
1.9926 85.8725
46.6095 35.6558
55.9337 81.2924
49.1943 62.5385
51.1706 1.60126
27.0124 53.6907
42.0375 59.4211
88.4239 66.508
64.6229 55.1012
51.203 69.1911
34.7428 23.4746
6.57219 15.2206
55.3649 35.5548
17.0867 88.3168
40.626 58.1765
65.2856 95.409
36.7604 77.6826
60.2273 72.9199
