//Name=469.Clustered31.dat

J=30
MT=20
Vd=2
Vv=1

p: position coordinates = 
0 0
32.0652 91.1139
72.3575 26.9178
28.7803 91.3154
75.5666 27.9763
72.1557 22.9343
85.8987 33.6695
80.2858 20.5747
94.5871 29.0113
80.2275 29.2844
36.741 78.7398
65.0039 31.0017
33.3497 80.054
19.1225 73.1238
37.1603 88.136
20.8037 77.0037
32.6973 79.0059
76.936 36.5218
29.701 79.6846
37.0074 79.1462
84.4109 35.2435
35.5154 88.2629
27.1004 87.9334
85.1852 30.4719
39.7525 86.5675
83.0265 26.0782
42.4201 84.3201
40.4327 86.0114
29.3013 70.4088
25.8911 82.3855
86.2782 39.6572
