//Name=354.Regular101.dat

J=100
MT=20
Vd=2
Vv=1

p: position coordinates = 
68.0136 18.2637
1.06943 53.0652
33.118 52.8569
60.9134 85.4874
20.4403 37.3952
55.672 41.0816
31.846 88.482
58.5416 95.2605
30.8202 5.28168
73.2885 51.166
26.2213 49.0229
62.2047 46.6237
67.7542 90.3422
46.6428 3.41091
12.015 48.1065
53.3826 26.7966
19.433 47.1332
18.0883 67.8445
28.7245 73.5046
79.3184 33.5072
13.6081 13.4387
99.1883 44.1555
61.2721 65.6037
53.8277 79.8951
44.7872 11.2921
67.1044 35.6335
5.68274 7.40666
50.3857 12.576
71.4277 73.091
99.9486 30.9965
69.9742 37.6957
30.5977 56.5389
19.5554 4.95193
96.3196 84.9011
9.15078 46.5917
59.7039 55.0672
87.9007 11.2884
70.4298 16.6748
47.7642 26.5147
31.0151 87.0275
82.8157 39.6587
82.2156 67.4867
31.4987 2.22781
95.2556 98.5629
51.3495 72.168
82.2831 12.322
6.4009 10.9009
34.3759 13.2258
21.9341 34.2572
37.505 98.2938
60.027 11.94
64.0413 79.75
30.4126 28.1648
60.9338 21.4945
82.6146 56.9063
96.3081 34.9825
6.54055 1.98262
9.96325 38.968
53.8493 70.792
75.8496 43.7185
89.757 34.5493
47.3607 50.6549
73.1547 91.757
33.4405 31.4991
60.8839 47.7831
0.309592 30.1438
44.4825 39.4571
12.2395 79.1369
91.2464 84.8215
9.08893 42.8534
64.0803 99.6632
45.8522 91.0984
82.0235 66.4559
77.377 88.5688
5.98802 71.5516
87.6634 73.6271
96.093 53.1129
68.2322 12.5123
41.1608 75.9178
43.0904 49.4668
34.3841 8.21644
84.6681 80.2841
1.92734 43.2979
79.257 65.3539
49.0507 4.62676
14.5094 90.2925
17.2731 89.8706
60.2587 76.4925
65.8465 67.2771
9.18017 72.0518
25.2283 92.4361
6.30601 53.1266
99.406 15.9808
17.9745 56.4008
8.58893 30.3623
10.8985 50.4762
10.1203 51.9854
61.1753 12.8155
68.1976 68.1571
97.4 11.6453
76.7497 3.88493
