//Name=377.Regular201.dat

J=200
MT=20
Vd=2
Vv=1

p: position coordinates = 
84.4741 33.7882
18.4878 79.3768
54.8544 36.4901
80.451 19.6269
18.2294 93.8558
59.0102 34.285
57.139 24.0263
87.6057 47.9573
24.209 94.727
48.9562 10.9559
0.413812 36.6214
82.7452 36.202
31.2809 85.2983
54.9146 4.23756
17.9377 86.3668
58.8567 43.0033
62.0833 43.4305
19.1072 64.3244
67.2473 3.43498
60.2113 84.112
67.3385 1.56422
3.67364 73.085
57.8038 82.9673
23.4878 38.42
57.8782 74.8512
25.8306 98.5011
18.2074 91.2327
72.9447 49.898
12.8272 31.7781
6.50753 20.4474
48.8838 86.2412
55.106 58.0251
88.4659 19.058
21.7138 71.0197
82.5694 24.6837
48.0956 64.8825
46.8543 71.1989
67.6966 25.5207
4.40027 85.7376
88.043 48.4155
67.8368 4.92463
41.1906 37.0951
53.9348 92.223
64.1964 38.3376
63.8886 47.2254
37.0378 18.3595
99.034 13.1231
32.5469 23.2599
53.4454 48.577
76.3631 30.4456
64.3924 57.8366
62.5993 80.2475
52.1466 61.3616
21.7613 23.707
96.8753 30.2428
31.6146 38.7019
46.5528 49.5469
53.6513 90.5503
59.6758 4.90981
42.6511 92.4937
91.8665 70.2675
14.1107 29.3798
74.787 12.9738
39.182 73.1584
89.6188 49.4614
79.1046 36.9184
83.7374 50.734
60.7684 28.7741
53.5809 24.3283
5.06566 81.3996
35.4242 76.8281
4.78371 40.074
98.6594 92.3828
85.8676 44.7636
54.9648 5.38583
2.20373 16.7652
89.4506 17.6828
24.6329 28.2806
39.741 8.04349
21.3126 4.74418
94.2431 8.66599
57.7782 79.1786
48.4766 34.949
58.907 62.1487
82.9127 29.4419
36.5106 24.6839
97.5611 46.6719
89.7543 24.7365
51.8132 87.6972
3.76765 61.9685
85.6706 49.4606
74.0279 84.356
87.692 43.4592
46.4068 10.4722
9.96418 26.9073
66.3382 5.65022
15.2117 5.73653
18.053 46.6583
82.9694 31.1414
68.7843 21.5503
67.8999 51.7864
70.2479 35.0937
23.2548 0.744647
61.7741 24.8599
44.6598 6.01563
18.2107 3.4556
28.7138 84.2043
82.9033 43.0871
5.6203 68.6991
3.76177 0.601097
86.8764 62.7627
33.3615 69.3759
70.5065 91.9773
48.1336 9.58183
34.7617 47.0069
60.9052 91.7757
83.0808 89.0384
98.2672 5.55706
27.0213 33.626
38.9771 59.2848
11.3793 2.42994
75.5556 89.8645
53.7601 51.8921
10.6578 29.3831
30.6551 66.8494
86.4966 75.9317
95.2344 87.971
13.5581 53.3823
97.9299 25.818
13.5047 27.2939
44.4269 24.6911
72.8074 8.7626
65.8125 67.8241
50.8199 64.8016
98.033 73.3328
77.9369 28.1913
51.3634 42.1693
85.9989 36.8017
61.8619 23.0899
40.7783 25.152
41.0108 83.4248
54.6831 92.0826
46.7941 40.711
28.2511 45.7421
60.3342 0.59601
26.9407 94.0017
93.4557 58.9201
47.1526 65.4237
29.0831 46.3685
37.7218 20.2742
7.00197 52.5408
14.6059 32.8966
87.1951 38.6545
19.4346 20.4451
53.7362 80.0782
23.4135 85.8534
91.3852 63.8387
35.3867 83.4295
31.1336 69.2666
15.2421 91.9058
14.5484 88.528
87.637 26.8994
69.7151 20.5966
32.2964 24.4911
85.1972 4.67544
19.1133 49.0566
44.067 14.6648
46.2705 62.4398
98.3217 66.1529
80.6546 57.8598
18.6002 79.5596
51.5319 50.8638
37.0899 13.0095
54.8584 10.9387
84.0684 59.9584
55.2834 55.4997
67.0069 49.2769
43.1389 51.8346
85.3668 64.7357
68.4137 61.4717
32.6736 10.3687
5.23105 89.3405
25.8605 9.69463
8.13723 19.3049
18.2633 76.3445
86.7052 24.3824
8.67787 83.7181
8.33642 94.2953
16.863 77.0707
45.0967 58.7414
12.5046 82.6301
40.0042 53.5818
72.6242 98.2562
30.0457 33.8847
22.4493 81.859
78.3067 4.5001
80.0435 43.7716
84.1466 81.587
43.453 13.3975
35.779 20.5762
50.2935 59.8922
