//Name=141.SD36.dat

J=35
MT=1
Vd=5
Vv=1

p: position coordinates = 
0 0
45.172 -16.3137
-42.8343 36.3735
49.5788 -41.757
35.1955 2.08289
38.4396 -22.3624
-12.7522 10.7257
31.5699 0.630207
32.4061 -31.0053
-32.8578 -12.0472
12.7338 27.8741
10.6281 37.9604
-1.15818 28.5302
29.5709 24.8375
-12.2303 -28.9026
-0.202948 42.4406
-16.0817 34.4081
-41.3053 6.95975
3.61187 24.8222
-28.7927 21.4835
-6.10828 -17.6931
24.1203 -44.4121
6.22425 21.8589
14.2994 43.1242
15.6972 38.3816
46.53 -48.764
26.3482 -46.8078
6.50197 23.8823
-46.7345 30.2637
24.6605 -47.2106
22.0756 40.2524
-3.54167 -20.8274
-23.6198 0.593585
-25.2739 -20.8396
33.9351 -30.3613
-0.294504 36.1934
