//Name=294.Regular31.dat

J=30
MT=20
Vd=2
Vv=1

p: position coordinates = 
79.3013 61.6321
17.2107 52.891
99.5532 27.4869
67.6575 90.2581
90.377 34.6048
70.9436 74.9038
80.0419 94.2767
26.7798 55.693
71.6536 27.74
39.8895 79.3481
12.0899 84.2635
48.0609 36.2314
48.5595 81.4966
17.9934 93.3353
79.951 16.4222
56.234 93.7184
10.7096 67.9813
53.4888 73.7194
27.3458 55.2155
68.5971 9.99
94.2658 3.53087
76.2892 9.10288
86.0577 58.9921
39.1334 25.9695
99.274 98.6275
54.3891 36.5794
94.633 77.3909
14.6036 34.0597
21.8198 17.6007
81.356 26.1725
73.9141 66.7734
