//Name=176.LD36.dat

J=35
MT=1
Vd=5
Vv=1

p: position coordinates = 
0 0
-1.47252 -2.93436
46.0326 -15.3096
4.17035 12.9505
14.2048 -10.0696
-12.4897 -19.2068
11.9709 28.0786
-27.3278 44.6715
7.75017 41.9797
36.8191 5.9679
48.8006 -14.3818
-19.2495 24.0318
21.7734 -45.0804
-1.03916 18.572
8.02789 34.4142
2.1897 14.449
11.7267 25.2983
-4.34126 19.4723
-11.0157 -29.3847
-33.8954 -24.1691
-43.9329 43.112
-19.2892 -24.2271
4.83566 11.388
-48.9105 -17.8243
3.53557 -49.9573
-34.5882 44.6226
11.0828 9.3524
41.8546 -48.3856
-17.0919 10.152
6.42262 9.54772
-3.41044 -20.452
48.3581 -10.9699
-24.7276 -6.93228
-43.8353 29.284
37.109 38.8821
-12.5355 41.1008
