//Name=160.MD41.dat

J=40
MT=1
Vd=5
Vv=1

p: position coordinates = 
0 0
8.43379 -16.7348
2.86721 -21.691
-0.407422 -8.10114
-0.407422 13.4297
38.8455 -21.2241
9.63317 17.5863
-15.3066 -17.1194
22.5333 -47.351
9.95666 -39.5596
-4.35957 18.511
49.2187 -44.998
6.36463 8.76644
-5.83361 23.9708
35.0978 -25.5119
-35.1009 37.1822
31.9178 36.5658
35.3175 13.2252
-29.7723 37.3348
40.7529 9.0289
40.4263 -27.9107
45.9624 28.4326
-13.3015 -8.90072
1.56713 -34.695
40.1852 12.74
-32.8669 46.881
-48.5351 38.4121
28.9392 -7.11844
-24.3248 9.81933
-9.38597 -43.878
13.2008 -0.721763
-35.2321 -39.8312
-40.7743 -26.3695
43.6949 -0.318918
-34.8415 22.4387
-22.6981 19.1
-34.875 -8.9465
36.4345 35.2535
-29.4122 9.1876
-10.3839 19.5608
-13.7104 -44.3785
