//Name=329.Regular51.dat

J=50
MT=20
Vd=2
Vv=1

p: position coordinates = 
18.2843 65.1359
39.4644 95.7069
97.1038 33.2383
25.457 85.5039
22.6186 36.2738
15.3694 26.3367
81.764 69.7173
70.6904 46.5512
14.1717 57.1399
28.8606 69.6006
57.3792 5.99466
93.346 64.1953
78.0003 71.1326
88.912 12.1127
83.9666 7.08817
80.1532 8.68021
81.2664 84.5416
73.9861 81.781
80.336 94.658
73.1333 22.8337
43.7085 21.1467
55.1028 95.8859
93.6358 2.0822
16.2271 96.0373
25.74 6.06626
60.9781 60.4303
26.2461 51.6657
12.3449 90.1156
97.3839 16.8443
3.19087 74.2805
82.7429 27.016
37.9972 65.5278
41.8339 73.1936
84.0725 20.6862
45.0031 59.6234
89.8677 96.023
80.0391 74.9693
6.038 79.3707
24.1997 73.2313
18.1526 21.3654
94.0502 69.8874
23.3747 98.4888
2.32879 2.70815
48.1206 64.2492
84.8013 57.2902
69.8852 55.0093
87.3183 47.1916
69.2567 72.1448
0.912295 80.9625
45.2215 52.1607
62.9708 57.1527
