//Name=476.Clustered31.dat

J=30
MT=20
Vd=2
Vv=1

p: position coordinates = 
0 0
33.7244 81.5091
73.682 27.1557
83.6978 28.5491
86.5314 31.461
73.4575 19.5895
34.0253 79.7273
33.5932 72.1176
34.3212 87.7501
82.8168 22.5423
86.1129 30.8955
26.396 86.5742
32.3251 93.1851
83.5439 26.6949
87.9474 28.0552
77.3405 25.8407
40.4412 86.0495
21.5524 68.0439
75.436 34.3177
40.8842 85.3186
30.9155 79.7938
81.978 29.6553
32.5335 83.9509
43.7312 75.9856
30.0222 67.6026
70.561 28.4782
81.4961 28.814
72.1611 32.2077
89.6046 29.1595
27.003 65.9512
87.6665 38.6258
