//Name=311.Regular51.dat

J=50
MT=20
Vd=2
Vv=1

p: position coordinates = 
65.399 19.0189
51.7318 98.8226
58.5627 45.3116
62.3651 0.606357
7.99932 48.8636
74.6013 89.5025
0.275779 6.91935
64.6935 89.5511
77.4648 41.9288
16.4467 46.8754
27.0171 53.7382
72.3492 92.7861
24.5054 17.026
18.2505 42.3266
5.89241 13.7263
84.4832 10.6755
31.9942 40.2373
47.4476 67.4906
9.36512 7.59273
38.9024 51.8555
98.7546 18.9863
98.8294 71.839
8.3954 33.0115
79.3592 62.1693
80.828 92.6738
62.0075 11.9481
14.3214 23.925
94.4449 37.7999
56.8812 60.9956
99.7105 31.7355
11.1395 85.8351
55.2453 44.8883
12.165 84.9468
44.964 62.8903
39.7528 71.084
57.4485 93.5391
30.8918 79.5739
82.0744 7.526
41.1327 29.6226
42.7771 73.7113
50.5385 18.3706
18.097 67.0849
96.0819 6.96546
48.2671 31.0242
57.3125 4.64794
39.1842 13.6135
66.5544 92.8017
62.7489 38.3937
35.4435 71.1496
62.2705 62.6677
67.2029 96.1173
