//Name=163.MD46.dat

J=45
MT=1
Vd=5
Vv=1

p: position coordinates = 
0 0
-38.3358 39.642
-41.821 21.1081
-1.09104 49.0997
47.7111 -45.5138
25.869 -12.096
-30.6909 -15.5782
25.4936 -0.15717
-36.2514 22.2465
12.8559 42.4772
-0.001526 -13.9119
8.41548 -20.1285
-40.4752 -39.4833
21.6147 44.3052
13.7379 -23.3329
-27.0409 -17.5161
47.7294 -46.4873
32.7235 -47.9766
33.4407 -9.09604
4.3321 -16.3015
5.35752 -45.0224
30.6421 -24.8375
41.8638 46.5728
-48.8281 31.7286
5.38499 -6.7156
-11.5436 19.8416
44.47 -44.2167
-8.41243 48.9013
10.8722 -10.9973
15.1601 46.9787
-5.16831 48.8372
-38.3541 46.1486
31.6248 -15.0166
-34.5912 42.9899
-17.4764 10.5274
46.411 49.9298
43.3287 -11.0736
11.7969 2.99844
-16.4937 28.988
33.4407 41.702
-30.81 28.4783
-20.397 26.5374
-26.9768 -42.996
28.8141 9.86816
24.0928 18.7796
44.0886 25.7408
