//Name=513.Clustered101.dat

J=100
MT=20
Vd=2
Vv=1

p: position coordinates = 
0 0
26.6058 93.6959
86.8647 28.2074
28.1128 93.3154
68.6153 21.9576
91.8618 30.8679
40.5767 75.2346
75.6698 43.1386
35.857 77.6894
16.0739 76.7561
70.2915 21.7129
27.2688 75.1293
82.2219 39.4156
93.6226 31.8138
39.8069 77.9002
76.4144 39.606
75.4195 44.7602
29.1084 90.2284
84.4523 25.9737
36.1949 91.2235
32.3206 73.0409
38.0289 88.2011
31.1256 83.8884
77.5799 27.069
43.1009 79.1856
37.4084 87.4467
85.4678 25.4799
36.4682 86.3234
37.867 88.291
88.4967 37.1119
27.5857 92.7386
80.4162 39.706
30.9742 82.588
33.7644 84.3959
25.7009 75.6722
84.5932 29.6917
43.0012 78.5726
32.6705 79.4711
22.649 75.1421
34.8219 91.2002
25.5668 93.8463
28.5691 80.3377
77.4301 27.8339
21.6466 65.5658
41.291 75.5378
89.2831 30.8808
35.444 85.4566
88.7779 37.4379
33.5812 75.9762
82.6862 31.2281
76.8812 28.3055
42.2501 78.9008
84.4442 35.9741
18.5822 77.7377
73.1546 16.2476
84.0238 30.2879
40.5638 83.3851
41.4314 76.6026
39.9706 85.4598
86.1361 34.1157
88.9771 29.0723
28.6607 83.7657
80.6755 31.893
87.5643 36.1878
77.1379 33.358
92.7101 28.6244
31.0521 80.8228
28.9401 88.8023
92.3728 26.2635
38.0831 86.8852
15.3172 77.3562
90.1912 26.7923
27.5676 76.6985
38.1921 82.6331
79.5012 22.7107
80.3304 41.7333
38.1469 89.6615
74.9873 19.3224
85.7335 26.8949
88.0679 36.1636
28.6442 89.3451
30.4349 79.7391
83.6242 42.9789
85.4946 36.404
77.5713 26.5126
38.9605 85.7159
82.7175 22.4505
85.3423 36.8632
29.8404 77.9555
85.7519 26.6282
32.4316 84.8406
26.974 90.6775
34.4977 77.0879
76.9109 37.5191
76.7078 28.9575
28.2199 87.0945
35.0954 79.7586
30.2007 79.1574
32.5223 86.4113
84.414 37.9951
26.155 87.9365
