//Name=506.Clustered101.dat

J=100
MT=20
Vd=2
Vv=1

p: position coordinates = 
0 0
80.9561 36.2354
41.1478 76.7132
89.2106 26.2252
85.3741 41.3654
76.1458 24.5561
32.0221 78.5382
37.7435 87.8104
91.9683 29.4751
38.3527 83.6233
89.6057 36.8003
32.2725 79.1493
29.4882 76.3294
27.5286 65.4506
23.9341 80.2225
35.6114 82.5534
35.1141 83.7724
25.512 89.3247
90.669 32.6665
36.019 87.7717
27.7745 83.5072
94.2877 28.7932
42.2992 85.0028
29.0818 85.1082
33.2561 81.6142
78.6684 34.1941
29.6071 92.6558
38.6314 79.6882
39.698 86.0746
75.5142 29.9667
87.7399 26.2501
30.523 83.7036
29.8618 79.4942
24.754 80.6686
35.2897 85.0024
89.3199 38.3314
26.311 76.5167
79.0817 36.3644
21.1232 80.8563
83.6211 30.7042
30.5471 81.3901
38.1426 79.758
89.2295 25.3699
41.4086 76.0007
90.7758 30.3348
82.0982 27.1386
43.0917 82.4259
86.8936 25.5474
22.1343 72.4488
84.5634 25.1901
38.1695 77.4718
76.7743 33.0183
32.5011 87.6699
21.5136 79.9128
76.9376 30.2885
35.7705 91.7667
39.9919 77.4026
69.4068 21.6736
26.0644 92.6768
86.6815 32.9026
39.1828 82.4122
82.8195 42.0901
29.0174 77.4769
80.4598 33.7873
15.7817 75.2922
77.1741 35.8283
27.0533 79.7458
27.6454 88.6194
26.6186 77.4246
81.3709 40.9253
26.2037 93.5227
78.7858 31.5709
40.553 85.2983
41.764 79.9659
29.0297 91.8044
76.584 28.3275
19.443 67.5577
35.322 84.8921
31.2362 85.0644
82.4009 41.3852
81.2044 29.2327
27.6027 80.7107
23.5539 65.1834
33.8297 92.3452
78.6322 19.5329
75.4839 44.51
34.4187 82.4805
77.5317 32.6855
44.3867 75.2095
68.131 16.4554
77.5229 25.0628
41.468 79.2088
31.2597 82.0272
38.4672 80.1098
76.0279 27.3878
89.0654 37.4596
41.2591 86.3206
26.4385 65.0605
25.8523 89.6508
41.6739 77.1978
42.7273 78.9037
