//Name=509.Clustered101.dat

J=100
MT=20
Vd=2
Vv=1

p: position coordinates = 
0 0
36.7038 88.5319
32.22 93.4312
71.2789 32.2083
34.3619 87.7517
23.885 69.5138
79.563 28.9807
70.0862 15.4881
41.6548 81.4219
81.4352 22.1574
29.5994 84.0722
77.4466 36.5399
43.1271 81.267
68.1524 22.5289
31.2029 75.9171
89.3816 31.9569
85.9396 41.5892
34.1612 86.806
77.7953 41.6095
38.6914 82.6203
28.9764 92.1383
90.6897 35.9443
80.3012 29.5077
88.7439 32.2316
85.1905 30.1978
81.1563 43.3525
30.4838 79.28
38.6747 81.9573
86.9782 37.701
79.7525 36.0225
24.2299 65.9366
26.4586 90.1076
77.4134 43.6857
30.1126 82.5171
33.7336 85.4348
43 81.9047
29.024 92.0249
65.6432 28.3594
81.1125 26.3462
79.1721 35.1094
67.6411 25.6004
35.5119 78.3073
85.7933 41.7601
81.8576 30.1052
34.7909 77.7595
93.0903 25.6534
66.8541 17.0691
88.0325 39.9207
44.8517 75.5039
86.0002 32.5851
25.7936 92.1025
91.1784 30.2243
91.1523 29.903
71.2607 20.3026
76.4979 15.2607
33.1053 84.7032
80.2679 34.2593
32.7538 89.1888
85.3539 35.7325
73.4458 20.833
32.0963 83.2765
83.1355 31.2447
26.8767 84.4712
35.2061 87.3932
77.8045 30.1678
84.2676 40.4099
83.5993 17.9615
80.7205 33.1186
35.7368 82.7381
18.1511 75.2524
70.5342 29.9172
82.709 42.7489
87.4955 31.85
30.6544 89.1937
85.0063 29.0124
25.9191 85.9059
25.998 76.8986
37.3903 89.3154
88.2652 31.6121
43.9923 79.3408
77.3577 40.1625
29.7714 84.3482
92.4638 26.3086
80.6926 15.1087
80.6975 39.207
78.8511 43.0461
31.1166 77.1287
34.5246 78.9516
79.1299 38.4827
84.7043 26.2322
87.0866 39.5754
39.9177 83.1654
25.7728 93.2235
17.4356 78.9648
31.4195 84.8979
28.9621 74.2696
80.7463 23.5752
24.3727 71.5689
34.9015 82.3019
31.0777 85.9076
90.0295 26.709
