//Name=298.Regular31.dat

J=30
MT=20
Vd=2
Vv=1

p: position coordinates = 
29.1696 35.449
29.2682 27.9407
74.6988 89.6081
41.5345 15.8041
50.9324 90.436
31.0843 12.3041
85.1863 25.9889
24.7864 88.6698
8.84918 40.0766
46.1358 83.1185
27.1037 36.8555
65.5717 79.2322
24.3566 25.7951
56.5523 29.3663
29.2448 0.845379
6.96957 70.014
73.9343 57.674
52.1464 64.5462
35.3665 20.8977
38.7521 81.8679
20.5008 78.1373
10.0101 47.8527
62.1506 26.3837
82.6106 19.1892
35.927 73.4279
5.09249 59.3845
47.8583 46.0307
88.227 70.3416
81.1853 57.1119
53.1085 22.0515
41.2089 72.4486
