//Name=301.Regular31.dat

J=30
MT=20
Vd=2
Vv=1

p: position coordinates = 
60.1476 13.8732
70.7729 70.3463
84.1814 62.9179
95.0209 73.3217
13.0355 63.8377
28.4759 92.2652
31.6386 57.1008
52.3258 68.4555
14.8558 45.5319
75.5737 86.6245
29.6441 27.2031
38.0892 78.1527
24.0745 40.6795
61.3501 58.2627
25.3322 16.7939
74.4376 79.8659
72.5668 10.878
29.6049 98.0559
85.4982 45.7286
61.7681 94.5844
41.0374 28.7208
0.412583 19.2502
57.9932 35.5508
18.6703 74.8595
5.86358 24.1054
82.1331 50.9304
44.6777 11.1967
75.2411 97.5116
71.696 24.3312
14.7811 19.8748
7.47179 3.52487
