//Name=327.Regular51.dat

J=50
MT=20
Vd=2
Vv=1

p: position coordinates = 
50.8319 34.5234
55.2967 61.0967
74.1433 36.9262
37.9774 72.5999
16.8162 40.1331
53.0683 10.7561
82.4405 40.9945
95.7734 17.9337
44.1121 33.5578
82.6047 20.1159
9.93077 93.0918
10.0257 10.0293
27.9686 38.0636
69.7216 45.1049
6.09127 40.2589
21.3037 40.0556
49.3798 29.3242
30.2056 58.1694
61.644 18.9652
70.8269 58.6485
81.4217 84.9898
15.2457 17.2365
31.0268 40.4245
90.8138 86.0232
93.3719 17.3838
92.5261 74.575
77.8382 59.0923
65.8714 66.4179
50.3759 77.7197
48.2314 73.5769
98.3827 50.3976
57.0517 96.5759
31.832 51.1636
2.68546 69.0909
66.388 33.4691
71.3708 6.14742
53.8072 89.9042
70.041 46.6768
23.5158 47.2676
18.5497 96.4286
97.4366 86.1785
45.2554 47.9054
91.6198 2.09833
41.6021 57.2036
78.7843 41.0702
57.2605 67.4836
43.3372 53.5183
90.7846 78.7401
38.76 98.2698
64.5027 96.7064
21.9297 64.757
