//Name=178.LD41.dat

J=40
MT=1
Vd=5
Vv=1

p: position coordinates = 
0 0
-1.06967 35.4701
39.6939 44.055
-45.7762 -19.1641
-1.07883 -6.94144
-10.9516 45.1201
-42.9655 -5.85498
-25.454 -22.7714
30.2423 -40.1303
39.5138 41.4304
23.8426 30.0378
47.3907 48.7976
-49.6399 -20.1804
-15.5721 -44.7264
47.8698 27.2912
49.588 -45.5321
14.1163 -6.51112
-13.1794 43.2798
22.1366 18.1661
-49.6277 -11.4978
32.8944 -15.7064
43.7162 -27.4285
-29.3634 -45.4863
22.7134 46.4782
-23.4123 -27.3827
3.70953 -31.933
6.53859 33.1751
-32.8944 -46.1821
-11.9404 -27.5323
-2.94351 22.2129
2.87637 -16.1489
47.9492 -43.1822
10.0787 10.6098
-21.7643 -32.7357
-24.2302 19.5242
42.3276 -23.8548
24.7887 8.19575
-18.9596 10.0574
-19.8782 49.3164
1.37791 22.8568
5.64745 24.926
