//Name=339.Regular101.dat

J=100
MT=20
Vd=2
Vv=1

p: position coordinates = 
22.2901 95.3381
12.1967 4.76938
32.0635 28.7942
38.7284 25.4392
64.4665 61.4157
73.3827 50.7492
95.0851 2.32489
50.5687 99.5221
62.7715 95.248
3.88007 20.8471
26.1308 32.0526
69.5406 74.0213
8.94552 40.7688
24.0774 99.0927
71.2894 67.5563
84.2005 90.114
37.0916 51.91
18.4302 98.1322
34.5523 91.2055
10.1312 7.98839
6.17236 46.3765
59.186 76.1705
88.2247 94.4543
74.9909 64.7217
90.9436 74.5933
74.9684 45.5848
72.7137 1.81786
61.8519 64.3253
38.7654 31.7981
52.9971 60.9987
54.4811 57.2578
78.5864 62.4757
50.2008 27.4572
46.1074 51.6654
81.0336 57.7901
10.322 73.6254
15.5314 95.8668
37.1416 48.2628
23.1545 73.7962
43.1166 25.7007
51.1328 24.5516
79.3677 82.7593
5.46384 5.233
67.9818 52.3913
84.9 82.8053
91.5069 4.30972
76.388 57.453
70.9111 92.9534
36.5404 88.2233
47.6829 84.5738
61.5867 16.0595
99.7821 47.9091
63.2387 7.7969
35.7837 98.655
96.1588 90.6952
11.203 35.519
82.8639 92.1425
7.30931 11.8837
74.7514 97.2158
7.2575 73.6106
56.0132 63.6127
47.2011 65.0191
65.1441 48.5773
94.1142 32.0532
51.8573 97.671
52.1133 38.9557
88.1014 21.4638
91.3015 27.689
52.0086 29.6055
92.8144 26.1642
40.0261 6.25682
38.2239 46.8826
18.3814 81.3119
59.5608 20.4816
19.362 50.6408
89.6061 8.04559
0.817149 69.7533
57.4326 3.73115
75.2755 60.5269
63.3179 44.6936
21.6663 67.8992
57.5425 96.6361
44.9124 14.7395
78.5085 69.9912
48.3763 17.3536
51.3499 38.2331
58.8445 89.5637
17.6472 11.6983
95.0014 65.6439
3.57609 16.2424
27.857 31.2359
31.7242 44.947
59.658 65.9064
18.7953 63.1903
6.3731 47.0172
14.9696 48.5223
26.1305 64.2617
13.2032 44.3479
16.3678 52.2364
51.1897 40.567
73.1087 57.4254
