//Name=346.Regular101.dat

J=100
MT=20
Vd=2
Vv=1

p: position coordinates = 
43.5086 54.3945
91.0077 75.0311
8.85261 10.2848
47.7789 56.0259
37.7481 98.9812
39.2452 86.0092
81.4017 51.0889
67.2986 73.1756
72.647 70.841
10.7209 11.7309
50.6951 48.1315
92.1131 73.5591
71.7198 28.5662
51.2375 41.5082
87.6549 55.3432
92.6955 0.422869
61.5138 7.5123
24.6084 1.98233
31.1562 76.1007
60.2972 82.4591
73.87 71.3515
81.2714 72.5539
69.5327 29.2816
69.4898 59.84
53.6975 5.04429
20.9891 6.10002
65.2307 52.7401
52.3779 10.7419
98.7579 28.1201
75.2816 42.1242
2.60478 40.7523
37.4041 21.0642
88.0741 7.57273
5.20621 3.91042
81.6326 40.3456
87.0553 16.3114
32.758 80.2244
94.224 68.5615
18.8985 22.8807
15.8245 49.7354
68.0163 17.7532
68.1828 44.4122
42.1622 39.2552
54.9282 52.4568
3.13163 93.8559
3.34611 8.81576
89.2999 30.1865
54.8921 47.6184
30.9788 19.7726
69.3006 48.3196
46.356 5.37909
88.4801 68.2618
53.7345 12.8385
74.1472 15.2332
2.72149 75.3672
33.6516 44.1906
8.08225 58.0015
5.2279 34.2867
80.7561 40.9
56.651 67.2741
12.7184 58.0642
53.3356 51.3832
86.857 69.4696
78.419 78.8904
56.9895 44.6101
53.9981 41.2608
38.4083 63.9024
62.4501 89.2677
56.5397 68.4354
47.8702 84.5469
58.8367 28.9124
6.40832 85.7363
63.4081 51.4662
72.4471 10.7683
6.10249 40.9486
29.469 14.7965
17.3265 6.22693
79.1647 43.5976
77.4601 2.21801
17.2575 79.6979
70.8905 19.1393
53.6149 47.6661
20.0338 60.5268
61.1506 3.00185
24.9945 49.1568
96.2418 87.3888
74.6436 19.8276
81.9433 23.5477
93.1738 9.63531
54.711 91.0758
10.9517 39.9442
54.7937 17.3743
11.4577 41.9722
97.9473 75.5548
74.1444 33.0427
61.2164 77.7415
38.1966 19.8231
56.4514 63.7386
5.66651 78.5219
92.0487 70.1515
43.6263 49.1446
