//Name=300.Regular31.dat

J=30
MT=20
Vd=2
Vv=1

p: position coordinates = 
80.2253 90.8513
0.198273 25.3519
32.2192 68.7102
48.0728 72.1913
45.9172 95.5112
40.8156 23.7637
60.1508 31.1436
15.8307 98.872
10.0007 90.164
58.2618 9.28205
16.4361 8.88696
79.0494 61.5205
61.2589 1.85125
85.6606 30.6865
90.2625 16.2036
75.91 91.6213
19.1737 49.62
74.1004 50.95
30.1567 4.3574
65.5939 4.81778
91.7983 29.1043
71.3598 27.2966
8.73036 66.4251
48.7592 80.216
18.1472 40.7798
18.8677 55.4607
62.3756 98.2864
43.6569 55.6866
44.4505 49.725
43.2167 60.6063
54.4038 4.39394
