//Name=345.Regular101.dat

J=100
MT=20
Vd=2
Vv=1

p: position coordinates = 
19.4563 77.4609
49.2912 11.1121
57.6781 78.1185
5.56046 38.3198
40.6557 46.112
53.2836 98.5321
40.0934 91.3242
2.22007 81.7833
49.7401 44.2553
82.5587 25.6046
66.4695 54.8488
56.9645 19.4314
8.83185 72.9803
72.6756 59.0887
93.6827 49.7079
59.9322 7.70816
34.1972 71.6158
22.3525 20.423
71.254 96.6366
8.01984 61.7594
52.7484 68.1724
29.6901 84.5278
84.0536 1.09897
18.9967 17.6701
59.1924 23.6135
24.6103 80.0894
85.6319 65.4983
36.9262 32.1284
38.8183 6.79594
77.9375 80.0578
18.1612 37.5031
42.617 67.717
7.02532 31.4303
60.6153 93.222
68.2069 19.5126
96.2584 44.2178
25.9009 52.1276
37.9337 31.8943
0.725498 82.0301
13.3874 73.3903
80.3936 89.7568
10.3293 30.7226
33.8281 15.8099
43.9885 57.5282
32.8283 26.3272
75.9301 2.78088
95.3773 25.8927
42.2472 43.7083
17.2593 55.3366
66.8201 73.2419
41.8954 75.1087
2.92895 3.70099
5.86807 75.3586
3.13229 49.7678
26.8679 68.7013
77.2702 60.6261
83.3888 29.6909
37.8678 15.8079
98.8602 74.8236
44.4734 82.5502
69.0754 52.2645
42.8502 22.878
53.6562 4.13807
60.4165 38.5053
57.4825 85.2108
77.3184 57.6975
32.705 83.713
19.8895 52.0263
63.738 0.557606
83.5291 10.027
26.5518 38.3323
33.3925 61.2069
90.9876 25.3092
92.275 90.7583
13.6431 95.9512
81.3053 70.8335
47.4755 55.7812
8.60578 61.7644
96.4539 1.65857
92.0315 97.7764
59.4747 36.4837
28.8794 58.5844
49.9152 63.6995
5.15915 18.0722
50.2116 14.4041
47.6961 61.0791
24.0523 41.5565
19.5606 54.4875
10.6177 31.1858
92.7395 51.4901
74.2903 88.8725
13.5516 24.4272
68.1037 10.2223
20.5135 88.6031
35.3555 86.4001
82.1168 64.2865
6.82682 74.6459
13.9186 7.56322
46.1383 96.6853
88.2017 72.6288
64.511 27.9618
