//Name=373.Regular201.dat

J=200
MT=20
Vd=2
Vv=1

p: position coordinates = 
9.3955 64.5969
72.9291 31.4956
25.943 76.2241
43.8131 86.6466
0.951342 70.5316
51.2245 76.8498
62.2362 33.2313
85.8687 55.3444
49.5868 8.32732
82.0827 50.1601
49.6067 3.48914
69.5007 27.3388
78.9971 96.7784
95.8747 51.2608
28.3965 48.1305
0.901123 37.5317
78.3274 62.3959
7.47785 53.567
17.409 52.7593
83.8109 2.19352
78.2652 20.1611
31.0892 14.8552
66.301 50.3452
3.8555 78.704
3.74951 65.5293
35.5807 30.7586
67.5629 68.7346
41.1679 80.9169
50.831 9.24738
98.9568 62.6106
62.648 11.9784
47.3259 1.59903
91.9252 63.2101
18.0917 52.2055
32.3591 60.9009
34.3856 43.5756
11.5897 76.406
35.8712 17.6454
34.3422 80.4958
94.5126 66.8365
23.1812 75.4972
92.244 21.7484
91.0726 99.9725
56.8083 75.6463
85.7669 83.034
74.7754 67.6485
54.668 22.6891
97.2387 54.8424
43.7712 27.5128
66.2963 44.2463
82.7521 30.0175
2.63411 53.4823
25.8091 88.7104
11.8967 14.258
79.5756 27.0984
79.5101 82.1527
44.2006 40.4965
41.5953 20.7832
26.7608 97.0785
46.776 44.8054
20.6995 0.956467
94.2735 42.1856
74.7683 32.0091
98.2008 28.5707
68.4653 11.4135
44.229 29.5912
55.7689 47.6945
71.8659 21.2122
58.9394 99.9873
88.0684 70.7092
91.3265 51.9251
84.9236 43.1338
37.3009 60.9596
23.8943 28.5502
92.9319 20.471
36.1551 51.4284
51.6739 90.2878
21.6228 6.03464
67.7553 68.2033
74.6694 41.272
38.5841 10.0935
67.9556 58.3526
21.3358 41.6434
98.9827 9.75502
85.5863 76.0758
8.33014 12.8526
14.7626 55.8544
89.1167 64.224
1.29911 50.1371
5.26347 77.5944
31.7414 66.0315
59.6615 91.3133
18.9326 91.7618
69.1816 36.6741
21.7053 23.1424
72.449 10.7825
82.4762 46.7915
91.2778 56.3783
46.6761 72.957
98.0776 17.4022
2.70034 15.3549
79.7617 86.5301
85.9461 18.1243
12.437 52.1236
10.5655 33.3016
9.84556 97.7747
54.1853 58.2005
63.1064 73.5349
63.9094 86.5812
75.7317 49.9104
80.7688 63.0977
99.4533 25.053
58.0477 51.9244
10.8033 96.0771
79.6146 61.3757
40.2749 37.9622
58.4038 61.6351
86.2199 21.5919
3.66234 0.824831
23.9207 81.0076
80.6648 67.5258
65.8847 68.3378
42.4282 51.2664
97.6697 41.7617
12.5375 68.1204
72.8109 84.0415
76.5668 95.7486
12.8553 82.1199
80.9159 48.4985
95.6437 73.7932
96.9051 20.4123
8.89473 44.3093
58.0161 33.0903
96.703 0.865555
77.176 48.9302
72.5171 71.603
25.1231 72.5341
8.45274 97.8531
0.167909 41.4012
57.1788 96.7091
68.086 6.7827
94.192 95.1577
17.0136 11.6039
23.7276 82.0667
66.815 99.7127
37.3924 24.9463
5.44641 44.5995
63.0713 54.6044
41.1143 64.9511
9.69442 58.6831
84.1872 49.5084
81.0584 3.33528
15.4583 84.2421
32.9515 68.1209
98.1015 50.3455
8.17139 33.874
56.0648 78.5757
4.66719 5.40895
20.1856 59.6054
6.1755 92.5469
6.21218 5.59216
77.4022 77.7184
39.2153 93.0102
64.4577 9.50126
19.1202 17.7124
4.40523 91.52
12.8058 50.5254
50.4403 3.38678
44.1237 35.2022
81.9533 66.1994
99.5983 81.497
54.0775 42.51
38.0756 63.0294
77.8218 62.1311
4.3635 47.0159
39.8743 96.3313
94.3619 53.5524
73.4704 0.312778
85.8196 77.6674
19.8135 73.7557
95.1058 6.2235
26.3778 9.90629
91.2725 84.1716
44.9664 12.1235
91.3836 15.6366
49.0762 17.4268
19.5645 98.466
77.2585 93.1539
80.5805 52.3237
36.6876 19.6311
23.7162 78.7738
19.7656 64.6822
30.8628 20.2008
96.0682 65.6315
24.9451 96.3826
65.1243 33.3384
16.0712 84.496
79.5647 2.22686
6.49003 66.4716
67.2133 26.8457
62.0983 13.2779
