//Name=347.Regular101.dat

J=100
MT=20
Vd=2
Vv=1

p: position coordinates = 
99.8596 39.9897
58.7891 0.371735
82.9488 68.7207
54.7829 74.7239
26.2972 42.9512
71.6008 23.321
20.8232 19.8743
0.924252 85.152
75.5433 83.4675
13.755 0.388754
67.5984 70.4746
54.0961 25.4271
39.4876 50.718
26.2329 21.9694
28.7774 35.7835
95.5253 3.68871
50.9798 59.8502
40.8357 54.1293
70.7455 66.6572
56.4825 5.54542
59.6968 88.3866
71.5729 51.6393
21.3929 85.3758
0.42177 35.0024
57.988 9.65283
18.9523 97.1306
33.5725 87.012
94.8376 38.0541
75.5481 14.7287
55.8355 57.5094
29.912 46.8492
88.3544 34.0142
31.3941 34.4915
81.7837 74.0894
59.1505 32.9506
7.96072 9.88563
67.2929 20.1489
65.7038 76.1735
34.3107 37.8086
79.823 92.7074
44.5984 79.0733
75.0127 53.8055
98.6834 82.387
61.6368 24.3772
99.3479 22.489
51.1786 71.2747
95.5856 61.8722
39.6562 26.4248
18.9398 98.8806
9.52187 24.6707
64.7779 56.0894
98.6128 38.7108
65.0307 8.49815
82.242 49.7082
76.4118 97.0912
57.0012 52.4861
50.7885 12.8152
33.4363 85.9625
62.3239 20.4112
94.2753 1.68713
33.771 2.5448
27.8618 96.1953
82.8191 83.408
31.1635 26.1169
96.0417 94.6103
23.2669 94.5892
88.4644 96.5816
85.1458 58.2791
95.6622 41.6392
1.66722 21.5789
5.6965 36.591
16.9814 41.2918
7.09822 89.8498
7.56621 32.9925
54.0254 78.4175
46.0592 34.2447
65.8415 42.6659
67.4288 13.0239
97.757 76.7397
75.4655 66.7816
51.7427 26.1275
26.2474 69.1299
36.6584 38.7766
78.6771 49.371
43.6009 40.562
64.736 79.8423
83.9648 44.3658
50.3547 45.8241
66.6714 69.6631
22.1224 66.0776
82.4431 86.1739
56.2769 96.3257
81.7913 13.7334
83.1335 54.0631
31.1082 77.9421
48.7599 56.1741
45.2689 5.2534
27.3569 90.1166
82.2841 79.0408
80.9178 83.4597
39.9908 99.2879
