//Name=320.Regular51.dat

J=50
MT=20
Vd=2
Vv=1

p: position coordinates = 
24.4893 58.0538
23.3685 49.248
29.732 52.5829
92.0183 34.1704
6.7524 86.5691
73.1959 63.2114
6.05713 78.5077
42.5832 56.8852
25.7195 56.1172
25.6453 77.9842
43.6381 34.6603
35.936 28.6426
36.1661 50.5761
27.4245 6.38791
98.848 2.22427
84.7152 26.8158
88.9892 95.8555
18.7961 93.0561
17.0464 96.3178
85.2361 77.1514
13.4512 22.1492
96.6979 1.9429
37.133 90.1959
29.3249 64.1859
16.295 10.1955
91.753 11.8376
38.1624 95.315
52.0829 47.2435
43.5063 53.4929
23.1508 69.8791
0.824886 80.3422
1.9282 8.23521
4.91397 93.7153
83.5276 48.509
54.556 42.0133
22.061 8.15013
7.2905 45.2206
78.532 67.3246
41.4422 52.2278
47.4968 22.4935
33.2271 14.6781
78.1676 42.0696
35.91 20.208
8.08938 96.6053
73.2322 83.0315
0.443495 26.3292
52.3556 47.3265
10.7413 30.0374
97.0131 56.9066
99.4172 59.8535
14.7158 29.9124
