//Name=295.Regular31.dat

J=30
MT=20
Vd=2
Vv=1

p: position coordinates = 
61.8523 48.2503
31.0149 13.4047
17.5232 78.3568
72.4461 85.513
96.7392 52.7913
74.1803 57.7525
88.2964 18.0696
62.2568 18.0324
47.9392 46.7408
40.0837 1.28223
16.5691 13.7264
26.5556 23.1485
61.6296 72.566
61.0494 65.1551
82.1812 23.3328
13.7884 49.3605
50.6597 81.4668
66.316 53.6352
58.1792 74.3963
1.54006 27.1818
46.4715 31.7818
43.1757 88.6544
54.6745 21.0904
65.4609 43.178
43.3806 47.6712
50.8241 18.5613
91.7264 76.2865
72.784 68.4449
72.9065 27.0466
7.86947 76.5538
63.8435 67.648
