//Name=136.SD31.dat

J=30
MT=1
Vd=5
Vv=1

p: position coordinates = 
0 0
-47.9766 -48.8586
-35.052 -40.0693
6.15406 2.8428
-29.8761 -44.055
6.32801 -30.9046
-23.2994 3.20597
14.5619 41.4518
27.2759 -27.7886
-25.5486 -26.278
-43.4721 20.4917
-21.2699 41.8851
24.1142 -43.5575
-9.88647 43.9573
27.398 -36.401
-18.8864 43.115
-15.2699 13.3137
8.42464 7.02994
29.8547 44.0764
-12.5233 46.6796
8.03705 35.5495
-17.1499 7.63115
14.626 -44.5494
-19.9026 17.0614
-33.4162 7.43583
-45.3368 39.5199
47.6806 -41.9706
3.47758 44.5982
17.9037 -29.1528
-45.1079 39.6878
27.8069 26.1315
