//Name=142.SD41.dat

J=40
MT=1
Vd=5
Vv=1

p: position coordinates = 
0 0
-45.468 47.7142
28.0969 16.5151
-15.4256 -35.6105
-28.8537 -32.3267
11.4368 -21.0898
33.874 -14.153
-37.701 36.9289
47.7081 21.4896
1.46947 48.5168
23.5069 -31.1548
15.7826 -5.58031
45.2513 47.3235
-16.9698 -16.7013
10.8325 41.6074
-35.9859 38.0795
-14.4734 3.76141
8.86105 39.4925
-16.1946 -29.6869
18.1967 5.01877
45.0774 -2.48878
49.8779 31.283
18.984 -32.1009
11.8 -21.9749
25.9423 -28.7347
31.5058 21.8589
8.44905 13.1764
43.1516 -42.1873
38.873 -45.8861
-17.5008 -23.0918
-0.715659 32.4763
30.52 -2.20801
-0.98117 -25.5791
-3.72478 -19.3655
45.5199 43.7986
-20.3238 1.34129
34.1517 35.2229
4.738 14.275
-27.4224 -36.5596
-36.0134 -18.4408
5.33921 -47.882
