//Name=481.Clustered51.dat

J=50
MT=20
Vd=2
Vv=1

p: position coordinates = 
0 0
38.8092 86.1509
30.44 94.1514
33.1116 67.2036
82.4801 25.1632
38.4938 76.2501
39.5598 77.0141
25.0827 87.9099
93.4147 32.483
76.5787 28.4059
26.658 80.6891
33.9296 81.5789
78.666 39.45
27.1495 82.9516
77.6905 27.557
94.8393 27.1646
78.6066 43.3589
33.7097 82.3669
74.7313 24.7644
38.7482 87.6695
78.9871 26.922
86.5747 35.5648
35.595 82.2889
34.2874 80.2411
86.7526 38.1403
82.7274 23.6213
75.8933 33.4881
43.3106 78.0833
29.2461 92.3059
87.328 33.8203
78.9937 25.1578
26.3468 79.6939
90.8672 32.3121
90.3255 32.0781
27.0972 88.5759
27.923 92.3618
76.5949 20.9612
16.7103 69.6118
88.113 29.9241
88.2322 34.537
81.5341 29.8091
81.3363 26.7521
92.3733 31.3222
84.6988 27.2552
83.1316 35.8759
31.7678 75.0241
41.4117 75.8009
79.1963 31.6189
38.947 75.6932
86.536 28.6838
66.4215 26.5389
