//Name=156.MD31.dat

J=30
MT=1
Vd=5
Vv=1

p: position coordinates = 
0 0
-42.5382 -27.1599
22.9453 5.34837
45.6877 -45.0621
7.62505 44.5097
-9.79492 10.5823
47.4975 -18.7399
-19.4174 28.3746
-45.0865 -5.99841
-14.8061 42.465
-40.4904 47.6226
-1.89978 -45.4619
-45.291 16.3686
-17.0827 -35.406
17.9311 -14.1804
-20.5435 13.6158
-4.99435 -37.9299
-11.3788 -8.69015
-10.4846 -33.7245
1.29246 12.0014
47.6012 42.6725
-13.2344 11.8091
-21.0715 -41.8027
6.37684 -29.7693
4.4145 21.8436
-32.0277 9.29746
-28.6828 1.8479
-13.1977 -26.6533
26.3421 -31.1212
-31.5119 42.6328
-12.6118 43.3164
