//Name=291.Regular31.dat

J=30
MT=20
Vd=2
Vv=1

p: position coordinates = 
52.6524 3.16887
52.8758 43.3945
88.8243 99.7974
5.48533 5.60175
66.2536 62.0435
69.9487 52.6921
32.8509 49.8481
38.8518 7.73509
93.0432 57.587
66.9724 14.5963
20.7685 52.7219
86.625 77.5155
81.3199 19.2948
44.7913 98.3084
25.1039 31.9277
29.8056 65.2355
21.2596 69.7574
20.9432 28.4955
95.9164 53.8128
42.8577 61.1993
5.71057 98.0064
26.0493 52.2105
3.24141 51.0814
48.1312 50.7005
55.4026 80.6024
4.22632 7.00985
66.9796 88.4169
96.8214 64.5932
17.3062 99.4152
72.5511 6.82468
58.2573 24.1477
