//Name=461.Clustered31.dat

J=30
MT=20
Vd=2
Vv=1

p: position coordinates = 
0 0
39.9897 79.3749
93.916 30.0554
88.2755 33.492
83.9366 28.2608
94.6996 25.36
41.6398 85.3023
78.6104 42.1118
81.557 40.6911
82.0832 31.2601
86.2271 31.9162
75.64 43.5221
38.0895 85.4649
92.5377 32.0133
27.6238 81.8464
75.5963 28.1215
66.4719 31.327
82.2391 42.1124
27.1853 75.9791
65.5397 29.7076
28.9095 80.558
34.0209 83.799
27.669 79.4442
38.736 83.8582
85.5756 36.5026
66.0906 27.0268
35.6397 84.0654
71.0046 16.7925
70.3037 31.8697
82.3011 39.2022
90.7049 33.7857
