//Name=319.Regular51.dat

J=50
MT=20
Vd=2
Vv=1

p: position coordinates = 
29.4026 77.6629
34.5905 44.4896
81.9434 55.9693
64.8679 12.5604
37.2644 69.2365
63.7467 80.4933
60.5222 18.222
77.4555 17.1089
85.8208 10.2022
86.7128 56.1157
91.9015 64.288
68.5605 21.802
28.9348 96.8612
78.2549 25.3748
54.3168 80.0332
86.65 70.3289
56.4823 24.8585
63.4761 53.392
2.18424 98.1797
13.989 45.4163
91.0845 71.7498
72.6539 35.6601
26.5031 28.982
7.5518 69.7202
58.8346 75.9754
68.1223 77.4018
53.8054 26.7208
39.3417 90.5213
45.716 61.6417
10.5862 8.72684
57.3371 98.2469
7.52883 86.9707
38.9483 15.1602
34.4615 41.4055
38.4362 83.7778
47.5852 65.8947
83.7689 30.564
27.9661 82.0081
9.00173 57.4171
17.6729 39.5071
73.527 20.0544
85.8778 70.463
4.61936 75.2459
32.0243 97.0603
52.3341 98.911
87.0117 53.0644
11.4664 35.2709
28.6341 58.3637
93.7518 53.6268
78.2436 41.0103
20.6382 25.9587
