//Name=309.Regular51.dat

J=50
MT=20
Vd=2
Vv=1

p: position coordinates = 
44.1835 17.554
65.8754 2.00786
72.0066 47.7268
15.2694 20.1022
15.2617 75.9599
22.3702 79.1853
77.5762 65.5518
1.55292 48.9714
88.2201 97.3572
81.6964 96.3044
31.7677 1.76157
84.7646 93.6455
52.0018 97.9685
42.7142 8.24004
96.439 53.4757
63.2959 35.4574
67.4515 82.1402
33.0776 25.1718
44.6355 76.2584
66.1093 71.7101
99.3169 44.2569
83.0971 63.4299
81.8916 73.7501
88.0589 48.0337
88.32 93.1044
80.003 28.6559
99.5471 69.3146
10.9812 0.983504
79.339 80.3937
35.6456 78.8203
46.8691 64.5599
49.442 87.4782
18.8718 54.2282
35.8985 17.5395
41.9241 66.4162
88.0493 22.8744
23.3335 62.4111
28.5816 5.40965
49.4967 69.5325
56.4412 80.4043
55.0245 36.3489
20.1104 88.6802
29.9833 99.4682
39.2201 97.163
56.2549 35.429
94.6353 25.3622
85.7667 39.9164
18.1927 45.2174
65.4699 95.8407
91.9232 96.0299
23.4139 52.0671
