//Name=150.SD51.dat

J=50
MT=1
Vd=5
Vv=1

p: position coordinates = 
0 0
4.12763 13.0055
-48.5321 -45.7884
1.2772 15.0594
-3.73699 -27.3705
-29.3664 -15.862
4.62813 -40.4843
-2.29957 -31.1243
-34.7133 -5.18357
-45.7976 -30.6269
-17.9067 4.53963
-0.520341 45.5657
11.4277 -38.995
42.1995 44.5219
42.7732 -46.3866
-9.41649 -37.6614
-24.4072 -29.2627
-30.7917 6.20289
-4.38704 -16.6189
30.5383 -27.7215
3.63628 -28.7805
39.3185 5.05844
0.028993 -18.3676
-42.0743 -46.2371
-22.0023 -37.5973
10.8631 -8.55281
28.7713 -41.3724
-43.582 12.4317
11.8366 14.565
43.7254 -26.3482
-6.67898 -29.0674
-16.7257 -4.36873
5.68407 -1.60985
9.05637 -11.4216
31.7927 -42.2636
-39.6268 19.3777
-33.4284 27.5353
-38.4213 -15.038
-40.7041 -10.3076
27.7184 7.80511
-10.3168 13.7226
-25.6676 19.0725
-19.1275 30.2332
-40.5484 45.117
2.48878 34.3104
35.9523 -37.0968
-33.166 9.41038
42.3826 40.0357
-28.6187 12.3737
10.4114 24.9077
-9.30967 10.213
