//Name=462.Clustered31.dat

J=30
MT=20
Vd=2
Vv=1

p: position coordinates = 
0 0
37.7224 79.0319
66.2924 28.7999
25.9985 80.3273
18.4331 67.475
76.9507 28.7177
33.4914 84.9084
79.3848 35.6152
82.5558 27.8095
32.291 78.5052
84.0587 30.1637
38.8663 75.2859
30.6252 79.6353
32.1458 78.4594
30.1837 86.9164
36.0541 80.4899
79.3806 27.6901
91.9687 29.5494
79.1663 44.5581
29.8085 87.8176
77.4097 33.8554
91.3706 31.5348
85.8388 25.3835
35.3163 81.3525
29.1997 80.7674
17.1321 83.7867
87.2372 38.3791
31.6754 91.487
40.3671 82.3307
18.6897 71.7332
91.3458 34.214
