//Name=293.Regular31.dat

J=30
MT=20
Vd=2
Vv=1

p: position coordinates = 
76.5318 78.245
77.8316 70.2886
64.6944 57.4429
17.9326 28.4881
86.2279 1.73397
53.3062 6.23035
37.3013 31.3499
0.0561766 86.0368
32.8323 47.2745
48.6538 22.7337
23.651 1.46221
84.8298 11.8232
79.556 65.6976
70.8539 81.3509
89.2508 66.0965
91.9513 49.582
81.0523 66.825
3.14658 48.6777
93.4586 63.0198
55.2114 94.6394
81.2666 74.3319
20.497 42.2733
83.9836 60.1443
32.7486 94.4679
9.73508 72.6352
79.8336 6.87892
46.3995 45.3506
56.5214 41.3262
17.3773 84.2187
5.34524 44.9476
49.1709 22.7217
