//Name=280.Regular31.dat

J=30
MT=20
Vd=2
Vv=1

p: position coordinates = 
78.1805 69.4456
14.9814 6.15792
20.145 7.54743
41.7473 44.16
81.2552 80.4585
89.346 1.58601
67.2175 67.1679
36.2022 18.6827
99.9917 94.2735
94.86 63.5725
88.8294 37.4386
88.843 16.9916
16.2802 9.11629
93.1034 90.2668
2.8343 63.4668
53.2824 90.4331
87.339 78.5183
7.44711 5.70281
55.1484 87.2429
71.2157 4.18665
9.3855 17.7225
60.7217 58.9323
31.0948 3.30616
11.6467 20.8185
45.5319 94.3868
9.74 87.5987
18.1008 11.7014
83.3247 65.6898
72.6095 82.2597
7.28556 22.0559
17.7933 42.4436
