//Name=282.Regular31.dat

J=30
MT=20
Vd=2
Vv=1

p: position coordinates = 
51.6493 56.2856
52.4361 46.9127
88.3789 65.0256
19.517 57.3885
37.9411 29.1831
36.8676 85.8802
70.5643 95.0406
47.439 61.0979
78.7712 3.60162
75.9546 17.5484
8.50133 67.2319
8.59305 36.8149
15.132 3.94379
29.1342 4.60978
15.0951 78.9788
34.7269 11.1686
53.2316 98.1675
40.0504 65.3526
49.6423 90.1882
32.9581 9.9988
44.156 80.1997
88.1554 68.7216
54.581 91.0668
98.2247 29.5771
69.0452 32.0573
92.4988 62.5384
99.5454 26.5451
81.3501 59.9614
44.7261 21.882
95.5092 55.1823
45.2236 90.2019
