//Name=370.Regular201.dat

J=200
MT=20
Vd=2
Vv=1

p: position coordinates = 
49.33 92.3585
58.7247 63.6198
67.5588 1.91275
43.0729 38.1287
97.0033 90.4918
82.5598 49.9947
38.9601 72.279
14.3387 68.9543
67.5053 11.9742
89.6385 46.9839
2.21879 71.3645
45.0477 48.7467
54.7904 90.0416
59.9636 65.9496
99.4049 3.53675
72.2818 26.464
55.0066 49.959
46.5652 98.9365
42.2616 57.9501
95.9944 26.2394
19.3958 42.3815
33.6069 66.2044
0.880238 89.4104
38.9115 39.7397
3.07971 54.5737
38.123 79.4182
58.8443 71.943
85.9932 89.2574
17.8688 31.8147
1.06244 81.296
1.87994 55.5631
70.2979 8.63772
64.0103 47.7076
43.6635 9.19276
60.3682 89.195
13.1502 52.9114
52.0735 35.9169
41.6974 89.8734
81.3792 56.6184
74.7224 46.9429
42.6575 49.1003
85.7134 90.3602
26.7943 90.1522
11.3094 56.08
54.1494 60.7535
88.398 94.2756
91.7994 81.5681
28.965 69.665
11.6755 27.8761
92.1054 72.8016
48.1075 45.4612
82.5093 43.4751
1.98032 83.7879
87.1299 55.9282
1.87105 18.2896
62.1707 57.0667
4.44954 55.4816
15.0814 27.4447
68.2741 59.7424
53.5382 43.6302
54.7636 31.1773
15.8758 99.9458
83.2714 67.4726
31.4116 81.9925
67.8136 79.7525
56.4263 99.6718
64.2089 27.7705
27.4406 90.5321
49.4123 35.7644
14.8486 1.39347
53.7362 33.4475
16.6465 4.37663
80.8003 0.364254
22.656 1.77463
29.9201 20.7106
69.8392 52.6744
83.2999 52.1271
80.4089 17.0919
91.5697 74.0686
45.1574 6.40364
81.2343 39.6573
20.2635 78.4124
25.5525 57.8541
13.0777 71.5445
26.4803 44.3524
68.4294 39.8693
15.4882 1.15506
96.7459 58.2773
48.8651 17.5053
42.4381 76.439
36.0421 68.7824
89.0673 5.47685
57.1676 68.4703
83.4986 0.509312
70.8376 99.4342
89.6705 38.0174
74.0937 79.6489
61.5587 92.3817
61.3757 21.6648
80.904 19.4775
83.1029 0.773313
71.915 72.7812
33.9295 4.16309
43.5206 96.7093
5.68888 87.216
88.3316 70.9813
49.6528 33.3156
0.259492 86.3334
55.1348 23.6478
9.92643 13.1065
70.8798 69.7876
18.7653 86.6843
10.3951 33.0801
32.9526 92.1346
20.2505 14.426
72.9716 64.9924
58.8777 29.4424
83.4528 83.7331
23.1961 38.6315
31.8076 21.0059
36.037 7.61959
46.8027 79.1474
20.5525 46.0945
14.2926 96.0861
86.9089 91.1761
90.7274 84.1429
93.9349 86.4381
18.87 35.6536
68.2122 68.8962
41.3607 59.0145
80.8426 74.883
73.7468 49.0021
25.391 88.4692
45.2562 15.047
82.2772 42.7599
91.2222 64.4139
63.0052 40.3133
28.5501 64.8268
91.4024 92.28
94.3749 74.0963
71.5707 8.61919
63.9453 53.6219
19.6329 74.5813
40.5984 50.0676
30.6551 33.6173
55.4768 60.9931
67.6803 22.9005
22.5635 30.7416
43.5882 43.5622
39.5601 95.2365
14.78 14.6192
24.7137 98.3004
47.5819 24.1755
75.8098 76.3015
61.963 98.0412
87.4332 12.114
32.9873 29.3116
89.7376 9.26983
5.90941 32.9753
21.225 40.5561
58.7913 96.1865
77.2238 93.3743
29.2949 71.2313
17.4324 27.0548
28.3613 95.8665
21.1166 13.7708
47.7015 99.7657
25.9255 56.3895
44.3395 57.5722
29.277 53.5328
91.1782 32.6124
26.834 47.4316
17.5975 90.1976
12.9134 30.177
70.7415 55.719
32.6529 3.56147
5.02304 47.6554
62.7532 99.5509
24.2046 19.9104
14.5691 53.447
73.4535 64.9235
10.1304 41.7918
72.5768 87.2886
83.8382 36.4591
43.8122 3.34582
47.5652 52.9812
73.8376 2.66022
41.523 45.2632
41.071 59.5664
36.9118 59.9242
27.2707 51.0947
51.3971 58.288
47.3786 48.5369
27.948 49.9658
11.0149 3.45107
92.406 42.0108
16.9127 98.3561
18.0579 35.0906
38.972 93.4168
53.069 82.4753
99.06 57.2401
