//Name=194.VLD36.dat

J=35
MT=1
Vd=5
Vv=1

p: position coordinates = 
0 0
12.8498 32.87
-12.859 11.3697
37.4599 33.1385
-36.5291 -47.2716
-2.95877 19.2068
-36.6543 21.2394
-40.0357 6.53249
28.7255 -23.9738
43.8017 7.50298
-22.8111 -49.8596
42.0347 13.7654
-32.5648 16.567
38.4945 15.4836
-45.9807 -13.5182
25.0877 10.622
-28.0023 17.8671
-11.5253 7.41142
42.053 -37.4233
-18.6666 -26.925
36.7733 30.0409
43.7925 31.9941
-1.31382 -4.34431
-9.29746 -33.5932
-49.3347 32.0734
30.3674 22.7592
-10.6464 -8.59859
30.3034 -23.1376
2.21107 16.5853
-4.26496 -39.0469
-1.17039 9.9414
-23.6198 5.79394
-2.87332 37.0998
-32.7845 0.938444
-44.9461 -5.61693
18.7674 26.2871
