//Name=318.Regular51.dat

J=50
MT=20
Vd=2
Vv=1

p: position coordinates = 
55.0456 90.497
28.2871 26.6118
0.481197 67.6087
96.6777 3.00137
63.0647 81.5107
2.72508 64.7114
31.08 94.8615
99.8487 49.2179
84.1214 55.8645
57.832 51.5374
74.8886 71.5552
74.1622 49.4682
6.26453 71.3706
22.0345 71.8134
1.11206 52.6562
43.7682 76.507
90.8218 52.6274
63.3314 24.6734
70.5687 85.865
16.9436 96.2967
73.5488 21.3584
52.8577 3.92497
98.4306 73.8163
29.5014 50.153
23.0927 77.5535
92.7963 94.1721
26.8268 19.7693
53.8972 44.5456
91.1035 50.5939
42.4829 72.8384
50.1196 68.1157
80.8616 87.0262
52.9425 77.326
4.67914 95.8525
72.0268 14.9028
82.6799 38.9076
81.3379 76.7664
93.371 72.4766
39.6213 77.3613
75.5894 30.3588
88.5958 25.3098
80.2903 96.5735
79.644 54.0263
51.0506 7.31265
67.1146 86.3581
97.3626 2.30846
83.9828 34.7315
44.2948 78.5921
33.4834 79.9342
43.1987 12.7145
40.0699 12.2034
