//Name=312.Regular51.dat

J=50
MT=20
Vd=2
Vv=1

p: position coordinates = 
66.0664 2.48545
47.1442 82.1139
42.0963 33.5589
31.1667 6.8917
62.6564 59.8631
60.688 53.2532
87.3758 36.2729
19.7889 35.226
39.0324 84.3461
19.0256 52.2012
64.8928 77.116
91.0825 16.6927
4.65381 83.1049
26.2792 89.3232
58.8745 6.82098
21.9351 51.7791
95.6255 58.9172
71.2318 53.2491
18.6304 60.0128
61.6919 39.7262
20.6436 50.2458
77.2642 59.1371
68.7848 66.9234
39.692 44.8018
30.177 62.4758
36.5486 5.8747
24.8693 80.4759
69.1463 5.29173
99.6323 38.5944
85.2078 62.9944
40.5654 97.4342
33.9786 94.7764
83.0698 29.647
37.3026 49.2911
42.8612 25.5257
91.506 75.5522
70.7163 37.1078
80.5794 25.8543
28.675 81.8585
58.7197 75.0084
23.4087 83.4045
63.7402 9.57654
57.1717 83.7632
91.6446 95.4162
85.3687 65.0467
74.4472 87.6282
39.545 43.4027
19.4173 2.69989
59.2861 19.3751
12.5997 84.6662
38.0414 91.1845
