//Name=473.Clustered31.dat

J=30
MT=20
Vd=2
Vv=1

p: position coordinates = 
0 0
87.4678 31.8171
39.668 84.0508
22.8022 73.5863
81.4164 39.3637
28.8446 90.411
77.2819 35.1795
25.0589 76.7335
32.8642 79.4033
31.5278 83.4253
26.453 81.9906
43.1212 77.0357
78.6756 33.858
41.4238 81.0567
28.4639 84.9959
25.327 94.8682
75.8526 39.9088
80.8822 42.6072
27.5016 81.3618
43.4478 77.628
28.3442 89.9965
92.4022 26.9802
75.3023 31.1042
30.3537 75.207
40.3598 78.351
85.7132 40.4028
65.2151 25.6854
91.6827 33.089
87.9598 34.1773
26.9573 80.6322
80.6723 31.9763
