//Name=489.Clustered51.dat

J=50
MT=20
Vd=2
Vv=1

p: position coordinates = 
0 0
31.2643 84.8001
33.4106 77.7615
87.0297 30.7478
77.0449 37.4366
30.574 87.2789
40.0696 80.1953
75.0321 25.7622
87.5478 34.2272
30.5656 76.3568
28.6805 79.121
35.3977 83.1763
27.103 93.2262
39.8502 78.9617
84.2514 40.667
80.5841 17.3682
25.1539 86.2054
88.848 36.1078
41.0179 86.5216
80.8098 31.0005
86.9954 32.47
75.0059 39.3078
84.89 37.0433
86.3617 39.4541
86.7125 29.2079
87.7765 27.3717
80.8199 42.5102
35.8778 77.2235
26.1374 80.8299
75.1117 35.8632
36.0827 79.0589
72.1771 23.9112
39.1699 81.5343
80.4621 43.0348
33.9877 78.049
31.6022 80.0468
85.3449 35.0859
80.8612 36.1017
75.6982 43.7197
30.5017 79.0583
37.3079 77.3147
33.1458 71.033
87.4914 40.2269
84.4677 25.2928
92.5965 30.7438
91.2669 31.2089
75.4383 17.7778
83.4383 40.6368
75.5467 27.8489
27.849 77.7552
85.5463 39.6175
