//Name=475.Clustered31.dat

J=30
MT=20
Vd=2
Vv=1

p: position coordinates = 
0 0
72.3453 29.6796
36.2696 79.0707
81.0269 33.472
87.4145 27.598
84.7886 26.0566
41.739 75.1184
38.853 87.6193
31.3534 77.8922
37.2705 90.1447
83.2657 33.7351
91.1368 32.6357
92.2177 29.6094
28.6586 76.6505
26.2535 88.1897
40.1702 79.202
76.3276 44.0309
25.0042 92.6901
39.1102 75.5613
37.6711 85.3963
92.249 32.3572
29.6628 92.8658
80.0458 37.5581
40.9821 75.0218
22.2209 68.3572
30.5571 87.9324
88.2977 26.633
80.1769 25.9992
77.2047 31.5918
86.3459 28.9074
34.2416 88.3383
