//Name=175.LD36.dat

J=35
MT=1
Vd=5
Vv=1

p: position coordinates = 
0 0
6.93838 -36.9655
25.3014 -37.0022
-22.045 -5.61388
-25.1732 -46.5697
-19.5639 -6.86209
-22.6615 -2.57729
-49.6796 8.57418
-36.2331 15.9047
33.6543 26.043
-42.3978 49.7711
23.6137 -31.6095
33.1233 -2.26295
9.45616 -38.3419
-19.1855 32.519
-9.51414 5.6383
-41.8088 -39.0713
-41.8058 39.9533
-45.9563 43.6033
-0.294504 46.2706
44.3175 39.8465
25.6005 -22.7409
-32.284 -6.63015
-24.6971 -47.0367
-0.852992 24.4285
3.15104 15.1326
49.1424 44.0428
-1.79907 -19.7775
-32.6014 -44.0886
41.0001 -18.3462
-21.4805 -38.345
-49.6399 41.9279
28.1365 35.0063
23.3329 -34.7285
-32.5373 -19.4723
21.4255 -8.58028
