//Name=455.Clustered31.dat

J=30
MT=20
Vd=2
Vv=1

p: position coordinates = 
0 0
21.4084 83.9195
81.4496 25.1729
31.2058 84.2311
36.9079 82.499
68.1329 33.5579
39.9152 76.4958
78.1126 41.1852
32.1582 85.3183
31.1415 87.4621
86.728 30.1355
32.8581 85.0559
89.8344 26.2016
40.7134 76.427
29.3725 79.0555
40.9093 84.5913
80.0376 36.6861
79.214 33.1284
27.9517 78.6432
32.1164 86.7533
80.9486 38.9295
87.5005 35.5763
26.9644 75.8346
35.8339 88.9743
84.4636 20.5476
88.5642 35.2746
34.5582 87.6792
80.7665 29.7798
86.7523 38.648
28.9827 86.2673
37.9101 80.2061
