//Name=299.Regular31.dat

J=30
MT=20
Vd=2
Vv=1

p: position coordinates = 
6.69639 12.569
88.2895 3.85502
64.8622 89.6594
55.9711 91.404
71.428 70.2003
65.9134 79.1858
88.7421 37.0732
46.7791 51.9906
8.04057 3.62476
78.7508 29.6245
55.7979 74.9879
22.5161 39.8475
94.6532 99.9284
71.8621 56.7829
29.3088 86.7181
85.9337 84.7304
82.1305 38.6334
15.9958 88.746
34.0674 17.1146
79.2229 39.3525
25.9133 83.5109
14.2347 61.4454
94.9893 88.0656
19.9776 75.1379
44.1103 70.0614
94.0653 65.6427
79.5625 98.4372
77.9922 67.1109
51.1118 8.17893
4.30089 54.1184
22.0401 27.6492
