//Name=196.VLD41.dat

J=40
MT=1
Vd=5
Vv=1

p: position coordinates = 
0 0
17.1773 19.628
-10.445 30.3003
-40.6369 -40.3562
22.3167 15.9719
23.339 -13.802
42.8648 -13.2954
15.0044 -3.31278
-36.2545 40.6339
-17.4215 -31.4478
36.288 22.866
43.5423 41.0276
17.8335 -13.7745
14.8427 -13.0696
-31.1335 -37.6278
12.0991 -22.3746
-29.3207 -28.6187
33.346 -5.74511
4.10626 47.9247
-7.02078 -11.6047
-19.9179 12.1754
21.5354 45.2635
-37.4538 -36.4193
-3.11747 -47.4364
-25.6401 25.6035
22.5364 28.1579
26.8639 19.5456
18.6056 9.59044
-36.3216 -4.37178
41.113 -41.2687
-40.585 -0.587481
-4.76852 -15.4744
-36.1293 1.6831
-41.8943 37.0357
32.3573 -30.047
-23.1437 -24.0715
32.7937 9.68505
-42.5932 -33.52
-29.8181 -46.6369
9.7705 6.24561
19.1122 25.5577
