//Name=369.Regular201.dat

J=200
MT=20
Vd=2
Vv=1

p: position coordinates = 
38.9442 14.0878
38.7217 5.80411
39.5928 48.1619
68.0581 63.5732
15.9499 77.5553
79.946 57.9003
78.5223 83.6386
37.2735 14.5899
15.1932 44.4958
66.4538 8.89042
68.9713 52.8245
65.8679 98.046
5.43154 84.3543
22.1234 26.785
78.9356 60.2193
48.3489 80.0943
72.4478 54.7411
65.5303 56.6252
89.9659 20.4385
44.6373 25.8317
49.7964 74.0852
83.4721 0.148953
92.082 6.54499
25.6757 29.0445
20.4332 16.1041
73.9908 9.94799
71.6674 51.0415
69.5469 1.29591
82.942 73.9135
37.7062 12.2934
30.5368 94.2835
27.2967 8.46238
93.8456 65.4506
84.9589 36.6233
87.5254 64.4254
97.5838 33.0347
33.0053 68.6938
91.4049 21.7363
45.8821 14.4867
88.7129 46.5692
10.1748 37.6881
36.71 49.669
37.7546 28.2219
1.7897 16.8003
83.9751 95.6134
7.76555 50.8778
10.9529 65.1778
88.7355 33.9581
6.9885 63.5044
28.6374 51.3856
79.2762 89.6333
30.7626 16.925
75.6516 52.5268
38.8096 64.1641
3.44493 31.0243
97.9446 41.3708
16.905 1.60673
51.3881 7.48189
7.06246 22.2576
6.05929 55.1828
58.8518 24.0278
41.3792 69.2625
18.5827 86.3361
47.4146 47.6084
92.209 13.9993
9.36481 1.14965
77.4596 12.3927
95.8352 28.2119
36.4006 92.0653
21.2545 35.2722
42.588 65.9282
12.2958 35.1501
0.603678 12.828
0.535043 87.1669
39.3965 8.23775
28.7559 13.559
30.712 14.0093
41.6843 34.7265
16.1761 75.8942
99.6024 26.6458
22.9236 44.8047
95.8639 76.7754
28.0529 60.6083
94.5976 85.1049
44.4284 85.8633
67.431 27.6273
4.14818 86.9853
13.9484 21.959
46.5209 73.3613
36.9239 67.3743
83.0934 48.296
11.2658 42.482
92.154 82.1169
63.8217 4.47728
41.4018 46.6725
96.6382 99.3137
99.1193 0.79886
46.6381 6.82848
42.728 45.0935
99.6193 51.7583
18.2455 93.483
92.121 11.073
92.7138 70.9313
67.2074 40.9453
87.9661 78.1253
5.91471 95.48
64.8712 70.1207
56.0083 54.1719
78.2038 60.6632
45.6942 80.3456
99.7532 97.023
55.2629 43.771
59.8515 25.9964
85.0684 53.524
46.5223 26.722
28.5937 0.684191
6.30382 2.59975
63.3574 79.9167
19.2019 73.935
84.2631 38.448
67.1861 21.6668
64.1624 12.6168
35.995 11.1193
87.8191 5.64201
72.2955 84.7733
82.4314 96.009
88.5263 31.5097
45.2507 96.0183
43.1848 85.3236
66.0251 94.7013
98.3885 68.9523
59.2652 10.9161
39.7246 88.9366
2.81777 77.4885
23.5053 63.9991
28.8995 89.4452
69.4951 9.44068
4.0917 49.4674
26.7211 98.0986
70.2655 41.8861
62.3229 47.5906
85.2166 68.7693
4.8115 62.3063
57.7064 11.2723
50.3661 19.2661
93.2465 38.538
84.2999 78.5744
57.6586 97.8416
69.0614 34.3375
42.6027 55.2829
56.374 81.054
77.4277 34.2643
54.5808 73.9403
9.31397 55.1902
18.5731 69.8934
62.7485 52.4512
64.9738 8.33181
2.65222 16.1705
85.9168 33.5147
40.4337 0.816759
73.5363 49.6277
90.0475 70.036
37.0609 19.9944
10.1134 66.4184
53.3546 12.7439
6.7338 9.96341
89.8015 52.5547
67.6722 38.8707
23.7255 70.4877
16.6139 75.3715
1.46077 87.9195
0.887272 82.463
82.8042 3.87629
85.9988 24.8945
75.407 92.5532
33.6367 27.3922
37.961 32.8102
96.3385 32.0965
59.258 50.6174
1.56087 78.6798
70.324 3.7401
53.0976 27.1336
51.017 0.224866
43.8744 91.6969
41.8545 26.5937
29.764 97.0556
33.1653 23.509
74.2364 68.0878
17.3103 95.1356
77.9792 98.9148
60.2817 18.3782
73.3999 45.2241
71.0661 68.4945
0.0633702 23.3085
57.0823 2.56297
34.9332 99.0202
84.1737 10.7573
21.3176 52.7278
48.541 73.204
1.29333 5.34185
88.0679 3.73873
