//Name=165.MD46.dat

J=45
MT=1
Vd=5
Vv=1

p: position coordinates = 
0 0
13.9332 -10.2863
-3.67901 14.6535
-24.7826 6.75222
42.7366 -17.7694
-46.2218 21.926
-39.526 -8.21711
-20.8121 -43.6705
6.79189 -40.1181
-13.2496 -0.975066
-20.3848 47.4731
-20.5618 33.7336
-0.102237 25.3502
-6.09607 -46.7376
30.8435 28.9361
-1.25279 -22.7439
-12.7827 42.8953
3.12357 38.8638
37.7956 6.27003
3.80718 -44.0153
-45.9044 -21.2394
48.8983 -47.2594
8.55586 -41.2473
46.2218 46.7254
-24.8039 -6.27308
-5.40941 -32.2901
36.0256 -26.3146
-33.9534 23.455
46.1394 48.1994
17.1987 -21.8345
-39.1751 -42.2849
-42.2117 -40.701
-22.3594 19.7714
-45.3826 -41.6898
-3.30973 -39.3307
-1.06967 40.9665
-47.8332 33.3308
15.4134 32.8486
18.3462 11.8763
40.9299 -4.30464
43.0662 3.60881
-48.9227 -39.8282
11.9129 -31.0053
-37.2433 30.7245
-3.81024 -9.72472
-9.19065 28.103
