//Name=499.Clustered51.dat

J=50
MT=20
Vd=2
Vv=1

p: position coordinates = 
0 0
34.9119 83.9965
76.3598 27.1799
75.6245 29.6376
85.4368 33.3496
86.3153 37.9463
40.7749 80.2938
80.8282 39.0983
74.7119 28.2076
78.6704 34.1297
82.1634 25.3612
85.6777 38.5782
77.2158 25.0714
41.1864 86.2753
72.5774 27.8088
76.63 34.5934
30.5992 85.4986
38.4214 86.1102
32.746 88.6984
71.6991 28.908
40.0664 78.7899
86.631 31.2638
91.8339 34.4394
77.3591 34.2743
92.9939 27.259
83.438 34.1558
30.1909 82.0911
82.7652 30.6321
15.6268 77.8896
82.6887 36.0973
44.5226 77.7396
36.142 86.9235
28.9556 77.3809
26.8903 93.7391
30.3072 91.4096
79.0961 29.4356
33.8486 79.4861
86.9319 26.1725
86.0191 37.2756
77.8802 35.1658
36.5348 84.051
85.3285 36.0065
76.0713 44.0146
27.6185 72.0726
86.5353 30.1711
23.6766 67.6917
34.9842 76.2267
89.2184 28.0068
32.384 92.2195
19.9173 78.1271
85.9168 26.5662
