//Name=321.Regular51.dat

J=50
MT=20
Vd=2
Vv=1

p: position coordinates = 
77.4113 19.5857
43.1658 14.5431
44.6588 5.55408
13.314 50.9452
33.2599 12.0401
37.8321 46.9421
50.7227 58.0055
94.575 20.375
47.1284 63.1316
7.44559 8.80566
9.4648 64.4869
33.6508 95.1882
92.6079 27.1672
27.2279 45.0273
32.5624 80.388
17.6175 42.1675
49.0167 34.6952
93.8867 37.8155
49.872 59.9249
15.0733 98.627
91.9759 73.4773
62.5844 86.1805
4.67332 16.4823
62.7699 12.4506
61.7887 20.7799
35.849 95.6351
82.8872 78.5321
90.7577 57.871
20.7463 8.61557
41.2938 0.31158
15.8183 94.7055
87.2219 31.4151
84.9859 47.1568
13.4637 81.2845
16.9476 89.694
84.6112 91.2721
47.5055 24.2695
23.8027 5.92863
17.0417 8.15408
47.4565 11.4937
88.6465 69.8133
10.7711 5.03276
5.19406 25.1259
67.5559 83.6503
82.7131 42.3891
20.3692 23.4189
96.6696 69.4058
64.1868 29.7997
62.7058 82.169
61.595 46.2703
94.1551 25.7916
