//Name=493.Clustered51.dat

J=50
MT=20
Vd=2
Vv=1

p: position coordinates = 
0 0
68.5706 19.3838
80.5638 32.4667
33.6993 89.5726
34.2108 87.3547
25.4012 81.5673
91.3393 33.6249
29.8312 72.965
32.2447 66.1959
90.9265 25.2857
77.4654 27.447
82.8357 28.8217
82.6805 29.99
30.0598 82.5537
30.556 91.2651
80.186 34.1941
91.0802 35.748
86.2008 39.1489
84.1556 31.6528
32.6483 70.3952
81.5628 27.1285
82.5123 33.7482
83.8643 26.9315
85.5744 38.9441
84.9047 41.3216
76.2709 20.6058
21.2805 66.1054
22.4957 71.5921
89.1776 33.8569
89.9174 34.7274
91.3351 31.8039
30.9318 79.2185
33.122 76.1281
81.7809 33.7974
33.561 72.6976
86.0916 40.5773
18.0297 82.2813
38.7664 79.3847
88.3525 27.1263
89.5504 30.1065
31.0826 80.1848
88.5439 27.2361
84.9477 39.7068
79.9171 23.7046
77.1403 38.4519
27.2551 88.9208
84.1266 31.0243
84.2047 27.1546
42.7567 77.2334
79.6958 35.9933
79.4081 36.0339
