//Name=140.SD36.dat

J=35
MT=1
Vd=5
Vv=1

p: position coordinates = 
0 0
-12.215 18.4896
43.3866 20.1498
-21.9626 -37.7651
18.8131 23.2994
32.0612 -45.5046
44.882 39.0683
-4.77767 -43.5453
-3.88348 19.7043
33.2911 -46.7132
19.5608 -33.6787
-33.7855 -34.7163
-36.0225 -46.231
-43.9756 -3.37993
-4.01471 -5.25376
-23.0216 37.4783
-43.7864 -16.1885
46.0204 -14.8976
-41.3602 11.9037
41.76 -0.566118
-13.7989 -8.01569
-9.98718 -41.0825
-14.1804 -13.564
44.1038 32.165
15.9963 -23.1407
37.9879 31.0144
-49.9847 -33.1294
40.3714 -39.2788
-12.0014 -41.4884
-12.0685 32.7998
-19.1824 -7.03604
25.753 -43.8231
19.0847 -3.914
33.1202 -27.6421
-9.70641 19.5181
-37.2158 -49.9359
