//Name=167.MD51.dat

J=50
MT=1
Vd=5
Vv=1

p: position coordinates = 
0 0
-16.6768 -31.7347
-34.1273 44.2106
-39.6695 14.7877
24.3553 -17.3421
-20.7114 27.0592
-36.1141 -16.3564
-28.3074 1.46336
-27.2759 0.218207
-25.0908 -13.6891
-25.2647 4.39924
-7.91192 -35.4244
-6.28834 -43.3103
-3.95673 4.77767
13.1947 -10.8722
-7.31071 33.169
-27.5567 -20.1254
9.67895 30.3247
-10.8509 47.5982
25.8477 5.28733
49.5361 43.6338
7.12455 -49.6582
-43.5392 -29.8028
-35.4884 29.6319
-23.8365 2.64443
-0.270089 4.62813
-25.7347 43.9695
-45.7793 49.6887
-18.3615 -10.3229
27.0775 -39.2392
-19.1855 31.109
-22.4693 10.3687
-46.5148 -24.6391
-22.3228 -47.9827
-20.1956 9.97803
30.9717 27.1569
30.0287 -9.56297
22.1946 -22.2465
39.1995 -21.3553
14.5009 17.7389
5.44908 10.5335
-40.8719 -33.7214
2.55898 20.8701
33.4712 -3.84075
47.3998 3.43181
-26.9646 0.276193
12.8773 34.6431
13.0573 29.4549
27.0409 38.8272
5.21714 4.66475
48.8983 23.1834
