//Name=143.SD41.dat

J=40
MT=1
Vd=5
Vv=1

p: position coordinates = 
0 0
19.2465 -2.51625
-17.0431 -18.2577
22.454 31.0694
37.1487 0.608844
-17.3391 16.6189
32.1863 9.86511
23.5343 32.7906
33.1111 -38.6807
-1.12461 40.4935
40.2524 -45.1964
-43.2981 3.15714
-9.08994 45.6603
-20.7144 -20.922
44.8149 0.840785
-22.6798 -48.5351
-43.5057 -5.69628
-33.7092 11.8
-12.3005 -17.7389
3.21818 -37.875
-37.0235 48.9319
11.8397 -48.0377
21.5384 -36.5535
-25.5486 15.3523
-31.4661 38.522
18.4194 23.748
-21.1051 31.457
-24.4255 20.3757
-43.2066 -21.7887
42.5871 -48.3795
3.93231 1.07578
20.4032 -38.8516
-0.276193 -19.393
-39.0286 -37.6858
46.53 32.4366
-0.730918 -45.4527
-16.9698 -20.3879
-1.18259 -0.721763
18.9352 -38.9462
-11.1927 21.0776
-5.95874 -33.2331
