//Name=374.Regular201.dat

J=200
MT=20
Vd=2
Vv=1

p: position coordinates = 
65.7694 75.3925
61.7873 39.7937
15.1922 13.5448
40.457 90.1724
43.0156 6.00788
30.3002 99.6767
92.8274 74.7426
41.6592 32.714
54.2097 81.6601
78.8576 22.1922
63.4969 59.55
73.0321 32.3016
71.6239 55.2414
79.1571 85.4275
54.6264 62.563
71.8681 49.7869
98.3529 58.2831
19.9074 43.422
56.3453 21.7006
48.902 89.2927
70.3871 48.5321
25.4021 54.0887
81.979 13.4793
18.8259 90.2659
49.4916 0.872768
47.4805 72.2653
37.1906 99.5025
58.5951 22.7649
32.436 2.95597
33.3564 52.8488
66.7488 19.2206
33.1921 42.1197
32.0374 16.5954
39.931 60.105
7.23367 90.3902
46.6236 47.8146
63.0128 70.4123
31.452 20.1379
16.3525 85.5846
76.6569 34.0708
63.3054 61.6465
97.9711 86.9355
80.2447 19.4406
73.3354 87.3175
49.9502 66.6106
14.2792 83.3293
42.9346 93.4479
37.9887 49.2917
31.6755 34.0182
39.403 69.3536
58.9674 44.9245
51.6421 77.9919
64.0436 72.8862
57.0931 55.4135
79.2177 72.8834
86.8427 16.3795
99.4371 78.7894
42.9734 58.9424
7.37074 3.12199
87.6648 65.1635
69.0555 56.812
63.6457 92.6942
72.1141 32.9298
93.5362 26.4163
12.7199 37.4318
37.4077 11.9722
2.42823 94.8796
21.3243 58.186
43.3745 89.0187
42.9251 46.6333
97.5412 90.8641
12.164 59.6555
43.6303 14.3892
71.6955 60.2403
82.9158 66.4022
66.6663 99.0091
22.0481 70.94
98.1376 9.10352
45.5461 15.6232
50.7477 55.1526
58.2382 25.1082
31.0712 17.3147
90.5115 16.7523
98.4467 32.4622
74.3187 41.0313
25.0953 36.8189
86.7256 46.7945
74.9181 95.1458
85.1925 36.849
85.4317 15.7455
36.7615 41.9941
4.07842 63.5513
4.38025 26.6762
50.1439 80.0334
25.6899 49.7652
31.189 25.9986
28.1484 29.9807
49.5627 43.9995
33.853 32.0343
14.333 17.9773
49.7917 18.7806
57.8856 55.1926
76.2521 88.1819
51.3814 22.1313
26.3996 69.9541
81.0985 32.8762
88.798 32.2859
5.60258 3.36787
28.4728 56.2689
57.9305 72.999
67.8205 61.1393
48.8633 2.04421
71.6009 49.7788
18.7022 76.7321
85.1697 21.8089
89.4016 59.0234
43.395 64.0722
1.20817 68.9834
7.88702 76.4629
28.9761 77.4549
26.8994 18.4478
93.0549 69.4107
68.0188 21.5784
32.1982 5.46451
77.6758 66.8745
82.1466 85.2686
83.3746 27.2935
10.3205 16.8208
82.6209 52.2756
62.8953 53.8964
87.5465 66.4818
79.7956 17.196
53.3486 56.0187
35.2748 61.6662
67.6291 21.6058
76.6966 51.6577
21.7673 41.7518
77.5474 11.5925
97.7355 38.8835
38.6714 28.9336
74.4616 32.8449
57.1603 7.87536
37.1908 48.1198
29.0288 67.54
89.4054 66.8092
46.9889 23.4
26.6555 61.7538
12.9824 42.5212
78.1162 42.4056
59.0475 67.6482
94.9204 78.5683
73.0409 44.1787
54.3744 71.663
37.3052 36.638
83.032 70.722
5.01775 61.9672
38.5841 94.9036
93.8336 41.274
48.4971 76.6351
35.411 43.39
63.9673 47.6915
45.8633 49.9479
81.7022 82.7118
85.9697 41.858
98.5035 27.4621
55.0022 7.59228
32.1066 46.8269
30.6327 47.713
57.1478 76.689
36.4772 14.2219
84.884 77.4954
87.8796 15.707
23.6496 78.5918
43.9672 43.0509
46.5509 99.8897
81.7889 24.4815
67.946 69.0382
57.5068 7.57437
10.2607 98.7824
15.3257 52.6334
10.9771 66.0743
28.3716 76.632
49.4843 11.7121
74.9583 9.34582
6.86392 98.254
29.7356 86.2243
39.7233 95.1743
17.1548 60.906
89.5717 80.0918
61.9906 61.4435
93.6449 88.0121
90.4409 70.88
46.2882 49.2169
53.1121 65.3586
39.968 33.0612
69.4399 39.8493
98.9084 91.4476
63.3032 36.3623
80.9287 81.4499
33.0467 93.0205
57.1902 85.218
