//Name=364.Regular201.dat

J=200
MT=20
Vd=2
Vv=1

p: position coordinates = 
15.0016 24.795
93.9152 7.56979
98.354 2.78598
70.2763 97.644
66.5516 7.3371
11.1511 69.2456
15.0111 13.5192
73.4943 96.6996
71.1183 80.6638
70.752 31.5924
88.6015 38.8505
7.91477 80.2514
19.0812 82.8234
16.6413 20.987
56.036 80.5833
41.0374 49.5292
32.3889 27.8262
42.1414 47.6635
50.815 53.302
94.9114 39.8526
21.7821 28.0984
55.9844 93.9735
33.7714 72.4003
50.9129 3.66966
3.65996 42.3665
30.2468 10.2065
79.3426 41.59
98.0244 51.0765
68.5317 26.5195
97.6953 51.4884
75.9851 76.2209
89.3767 92.5887
84.3719 92.0766
17.5367 50.6166
41.7201 61.9237
26.8812 10.24
5.16372 15.2541
40.1414 91.8049
13.4519 93.6694
3.81537 66.322
0.579953 34.5237
84.3445 27.8671
29.2257 29.13
20.8623 62.9565
47.7867 68.0049
81.2572 73.2535
39.3572 16.7816
21.9048 54.2695
57.6154 1.38581
6.1775 99.7651
9.48084 78.1452
78.2596 98.7769
87.4525 99.0653
89.0126 0.719814
93.961 46.052
49.4438 37.7583
9.32688 35.5576
15.2752 31.8351
74.6166 68.4602
0.481081 58.8209
26.2354 42.2508
76.297 68.8405
62.8156 52.8154
13.0553 93.3706
87.4341 64.6156
26.7926 1.97461
5.52375 75.4572
60.9521 42.3864
60.2036 18.883
23.7484 11.4584
56.6853 64.9688
83.8085 1.44561
4.16947 70.5593
61.6142 27.4691
9.86347 99.3992
59.1624 43.8563
59.6495 95.3494
18.6454 44.5734
31.5109 73.2148
82.1964 61.8957
56.2649 7.96026
54.6843 68.3037
28.1995 53.0944
89.8332 3.66291
71.0685 92.5841
46.4002 30.7313
32.1153 86.1123
86.4449 86.3077
8.80777 86.2092
60.8946 45.3045
5.89218 75.9674
37.62 23.5574
85.3861 70.0483
47.7599 44.9017
13.8682 42.6944
6.21533 95.2774
43.9895 54.4878
90.9263 55.777
24.4751 77.0794
19.8555 15.731
76.3675 55.815
36.3051 66.6732
26.648 98.2254
71.999 91.0204
30.0493 73.7484
88.8962 27.4111
2.55813 26.7397
24.4726 67.8216
23.0771 92.6043
52.4658 6.53134
98.4023 19.8997
46.8476 62.6656
97.3464 14.5478
54.0337 18.206
43.1545 61.9442
18.2106 83.3659
22.0203 68.024
34.2001 95.5455
90.3425 8.83218
24.6201 27.2499
94.5426 43.4476
11.1592 48.2446
14.9585 30.0769
55.4243 23.3044
48.1559 67.958
52.4729 38.5689
15.6648 71.3139
81.0945 41.1726
24.9081 5.38666
27.8975 5.64373
84.3144 70.7852
24.3698 53.2993
60.9415 45.3863
86.6654 16.0904
8.8963 15.2812
63.466 81.8877
67.4827 73.7275
89.8712 44.0505
89.1762 83.896
33.6369 85.6002
16.7808 38.7842
59.3761 80.5503
94.237 11.1813
12.7272 57.8409
85.8217 40.2825
67.0225 90.0793
53.0867 9.271
47.2495 81.6292
87.1965 97.6019
42.8005 37.0524
61.4845 5.42754
77.5415 95.1286
17.0671 56.779
67.7001 8.71216
16.3651 12.5966
42.0752 74.3803
73.3738 19.2147
67.0789 3.06415
27.6074 96.2474
64.4856 74.8889
72.6841 38.5708
37.3752 90.5161
72.9647 61.2515
48.6745 83.3247
1.83505 67.2669
76.0664 28.7205
91.6786 45.9833
51.0076 57.242
87.2043 39.7231
98.8996 47.2781
17.1457 16.6682
72.2395 76.9892
6.10275 88.3994
4.45128 71.5211
82.688 44.2988
3.85145 23.8414
58.3745 82.9998
91.5849 17.4858
5.91978 7.52563
38.5801 96.3402
4.46432 8.42095
47.862 27.2817
1.16643 45.0312
6.08396 91.872
54.9815 89.2634
51.2236 89.8652
73.8084 11.1814
73.1827 63.6801
38.4499 44.6869
28.8363 40.4343
40.2184 62.8931
51.6952 28.8813
28.2883 78.6926
18.2069 70.7368
45.0631 66.2919
36.4115 99.2923
33.4805 96.9949
94.4949 89.7094
73.3955 63.4713
82.915 7.7652
89.189 57.2557
