//Name=283.Regular31.dat

J=30
MT=20
Vd=2
Vv=1

p: position coordinates = 
30.8633 71.511
81.9166 85.2616
46.2401 11.6639
20.902 23.0478
32.0862 26.1937
31.8036 95.0555
78.7445 24.3159
73.4941 85.2597
32.5383 10.0245
61.9408 66.1122
37.5784 45.6998
56.2707 9.82247
21.6792 93.4047
7.38713 60.9824
6.85818 60.7392
15.1543 33.7942
19.88 81.8915
69.5942 23.782
41.0876 58.7392
73.9461 93.0685
41.5085 54.2228
73.769 50.8726
22.1798 97.7044
97.0603 7.11225
83.7028 78.8858
63.6191 10.689
59.6853 45.3502
27.4297 10.8205
55.5425 83.6585
87.5776 14.9245
91.4692 78.9323
