//Name=464.Clustered31.dat

J=30
MT=20
Vd=2
Vv=1

p: position coordinates = 
0 0
32.7962 75.1519
87.8377 28.4466
92.9746 25.7977
75.0365 38.1453
34.1391 83.7605
82.0326 39.8109
77.0817 44.0433
28.1346 78.3091
92.8273 30.6982
88.0905 27.5343
82.1774 32.778
80.9966 33.3095
80.7441 44.0695
18.5876 72.4521
37.86 81.0605
26.2383 75.8497
88.5721 26.5259
76.3834 34.5367
17.9623 78.6868
39.2195 88.9901
79.9072 29.8228
39.9567 81.4972
81.9388 29.1826
26.4155 83.8752
82.45 33.8047
42.0939 76.2981
36.0179 91.5232
26.0363 87.5509
90.0573 37.5749
25.7309 78.3445
