//Name=148.SD51.dat

J=50
MT=1
Vd=5
Vv=1

p: position coordinates = 
0 0
-48.1384 32.3481
-11.5009 9.80712
-21.102 15.6819
-6.17542 -18.038
35.7387 12.1784
42.5474 3.38603
22.0145 41.7478
-31.46 41.641
-22.5211 7.82037
43.4049 -13.7165
-29.5831 44.6745
-3.03507 -0.17243
7.3046 0.895718
29.4183 -6.15101
-33.0897 49.5941
43.1639 45.9746
11.9373 -33.9991
-27.5018 23.2505
-18.7002 -36.9137
39.3185 27.6482
16.2435 25.7958
12.8712 29.1955
23.3024 34.5363
1.76855 2.49184
27.3797 18.5751
-43.6491 32.1223
17.922 29.9219
9.50804 2.66884
41.4335 -21.6514
34.1151 38.9096
43.3622 18.1753
45.1994 11.8244
12.5568 27.4224
24.9474 -23.928
31.3868 -30.0073
-1.30161 -45.4772
-15.3859 -18.5293
40.0296 35.4823
30.2362 -30.8252
33.0714 -1.7716
-14.6809 -32.8822
-29.8181 32.5404
30.0165 36.4467
13.097 -32.2779
-17.1255 -47.9797
-4.34431 -23.0918
-49.4385 -34.2219
-3.70342 -27.9077
5.11643 -12.5629
-41.6318 -44.2961
