//Name=348.Regular101.dat

J=100
MT=20
Vd=2
Vv=1

p: position coordinates = 
33.9879 65.3822
25.1054 66.067
68.2174 30.2463
20.3256 83.0733
57.5785 48.419
14.5127 74.7726
48.1953 54.6308
19.1797 90.8132
42.6773 12.5464
74.7328 82.7097
22.226 95.9897
45.8518 66.8751
43.0983 1.0112
56.73 70.158
69.5814 97.0368
45.3586 71.3369
8.81564 27.0735
76.4984 2.35683
79.3396 95.7758
11.8649 28.0466
52.9069 11.5003
55.3058 31.7973
89.7932 30.3761
76.1994 86.3042
44.8032 84.9824
69.1932 96.9683
29.9328 26.8197
29.6309 23.2988
55.7923 73.9648
67.4247 92.889
79.4784 86.5841
83.857 81.7531
69.4306 5.38329
91.9345 18.0718
75.6033 55.3576
79.5373 43.6572
90.5905 51.1101
11.7931 28.7718
97.4465 57.2565
91.6061 9.15139
63.5586 28.6835
6.27321 3.69151
41.4681 95.193
67.7716 80.0766
79.7495 94.2736
18.1917 65.3713
80.4538 36.5574
51.0393 87.4072
24.3912 85.9885
48.5337 28.1221
15.3642 81.7228
74.3442 36.3813
6.31616 82.7379
88.8889 83.0921
80.5108 58.0231
70.3844 0.185472
12.0579 87.3031
80.5146 44.0673
13.0892 44.6465
3.48105 80.612
15.0112 91.1621
71.9764 83.1939
15.3569 73.1311
92.2075 88.0052
93.6853 48.2692
86.8199 3.53419
51.0839 60.2667
96.5631 82.2461
50.1651 10.8485
33.4462 20.064
53.8183 24.121
47.4433 28.0487
20.2423 26.3764
16.7367 43.4483
8.23994 78.7013
74.3367 91.6106
87.4011 96.7132
6.4497 70.654
79.0082 64.0883
98.6465 45.0158
24.3576 72.2788
27.4603 69.1149
83.8108 24.9927
23.7579 69.931
84.2577 2.65632
15.4459 85.2508
69.6858 41.9743
51.5282 33.2482
45.5469 96.8796
64.0569 82.0355
48.7751 43.0839
93.5049 63.2418
9.31239 30.4102
64.5921 80.3181
48.952 93.1961
58.5805 46.9382
35.9857 67.7931
11.1499 55.2037
74.2647 93.2515
31.2209 75.7934
62.2303 9.09116
