//Name=490.Clustered51.dat

J=50
MT=20
Vd=2
Vv=1

p: position coordinates = 
0 0
37.4498 83.951
75.3486 29.2006
82.6018 39.6735
84.3975 34.4014
77.0885 27.2586
34.6405 74.0897
43.6472 80.5581
82.2437 29.7979
29.2236 74.1191
81.2541 26.2963
35.9081 83.8052
75.839 25.7292
37.7882 79.8156
25.1502 73.4723
81.2478 31.3742
78.0824 28.7435
27.6604 92.9123
37.8216 81.337
32.6873 85.56
78.8859 28.6589
31.4716 84.5882
91.0771 34.7232
90.7054 31.2035
32.8535 82.9704
36.1281 89.4315
85.3684 39.472
82.3911 28.9409
66.9084 23.0151
92.3822 32.3854
88.228 25.3111
86.9041 32.268
82.6993 33.4559
24.4839 80.6786
79.1374 35.7643
33.1305 81.9688
25.1943 78.64
33.0628 81.6196
89.6259 32.7201
82.7174 42.348
77.7913 26.953
40.1632 81.6854
27.0499 74.3358
32.4192 89.5407
75.2201 25.0254
90.7555 36.7629
39.1564 79.389
28.0979 94.3158
35.0256 81.9485
38.1397 79.4901
28.0216 79.8292
