//Name=305.Regular51.dat

J=50
MT=20
Vd=2
Vv=1

p: position coordinates = 
86.9933 57.6269
40.7158 85.7752
49.9759 64.8638
50.0912 83.8774
33.4271 89.6398
54.7581 29.5489
15.2249 98.2807
94.9948 97.9287
99.7881 99.996
49.7978 6.83219
62.6077 4.64238
28.7869 95.7679
33.2934 61.8071
60.6116 15.1343
46.1254 50.408
71.5754 81.892
58.7319 22.9924
39.2148 14.6689
21.8722 70.1398
39.8135 53.3564
94.4005 20.487
77.139 69.6984
18.1824 76.1187
75.7215 45.3554
77.9926 96.7443
5.57146 69.9679
9.74292 57.9586
61.048 8.41768
59.4481 66.622
7.66741 82.404
39.1547 23.0422
14.026 74.9963
22.3866 97.7086
89.6443 1.11896
68.0183 44.8958
99.5745 58.3823
82.5467 81.6888
9.51498 60.8089
28.4277 5.74056
58.9439 10.4685
20.013 34.1831
45.0319 52.3941
78.4483 0.14731
60.5376 41.8191
63.5699 31.9735
55.3192 10.3146
83.6565 77.7936
77.2773 7.41894
78.7915 24.8338
73.6854 41.5674
59.0191 69.7089
