//Name=478.Clustered31.dat

J=30
MT=20
Vd=2
Vv=1

p: position coordinates = 
0 0
84.8195 41.5819
26.9024 82.0971
28.5789 86.9549
23.7473 76.6167
16.0809 72.101
75.9595 34.4845
85.2472 41.2022
35.1517 88.0458
85.7849 39.6561
81.2833 41.185
44.7699 77.2717
88.7456 33.0076
25.906 94.9375
76.4542 32.2442
42.4333 76.1317
88.8615 35.0862
87.0558 29.9162
29.7935 91.6151
77.0615 35.1356
80.644 43.7236
27.1709 83.4788
75.8509 32.5952
25.265 93.75
29.1271 79.9671
20.5445 81.3546
32.4358 85.9059
23.5119 79.0915
67.0932 31.1271
75.5556 38.0229
26.6782 75.22
