//Name=173.LD31.dat

J=30
MT=1
Vd=5
Vv=1

p: position coordinates = 
0 0
-35.7631 2.4369
23.5984 -32.5587
20.1254 40.8231
-1.69225 49.6887
26.3268 47.2015
-47.1465 19.1031
-43.3866 27.6513
36.8282 -26.5496
28.0999 49.6399
41.4243 8.32087
-3.54778 -31.1579
-18.4988 -16.5151
19.3167 -48.529
-8.90377 48.8586
40.9543 32.7357
10.5304 -4.39619
1.37181 2.04932
-6.71865 48.1262
22.9331 -44.3541
10.6616 -37.5576
-22.335 7.17643
-17.4886 46.6704
-11.6535 -3.04727
11.9678 -30.8191
-33.4956 -9.55382
-47.5341 -29.9036
40.4538 6.66982
-14.8915 41.7234
-23.5038 -32.9371
34.4813 -6.45924
