//Name=523.Clustered101.dat

J=100
MT=20
Vd=2
Vv=1

p: position coordinates = 
0 0
85.6916 33.8475
17.8874 66.4694
71.4344 16.3844
16.7249 83.1189
28.1312 77.922
79.8625 32.0598
81.1488 31.5556
83.0077 15.0731
38.2132 76.9158
37.7912 79.1072
83.7558 40.6934
33.7017 80.2727
86.6879 39.4652
71.4082 32.2292
87.9542 29.142
68.516 29.8961
79.0406 40.3309
26.6091 89.4352
27.1751 78.006
32.5125 85.2728
37.6271 83.1729
80.4538 27.3683
86.9883 30.3151
91.562 27.4141
33.3964 67.1985
34.4398 77.7868
28.4817 79.6217
86.5389 35.1616
34.5495 80.9165
78.273 32.4359
43.7531 78.4923
27.4438 80.7093
81.8497 23.5406
39.8858 81.938
79.8317 28.4738
38.6369 81.2465
30.4337 73.9826
44.357 76.5442
76.2927 30.9615
85.3934 31.1459
81.4639 33.6481
80.1302 28.1304
34.2431 89.2185
72.1714 31.614
91.055 32.5904
84.7357 40.9678
31.8668 75.9959
39.1701 84.8403
92.024 25.9976
34.8188 83.9843
91.0389 35.9744
84.0243 39.7887
38.263 78.2028
37.3715 86.614
80.7955 32.9102
79.0071 31.6644
86.2452 31.8375
88.6779 36.8288
73.2848 15.4848
35.7575 76.1339
85.4485 38.6805
29.1937 88.3532
69.4605 33.3271
40.0268 80.9723
40.1497 87.1858
33.5879 81.6291
33.972 90.6025
42.3124 77.1931
87.0016 28.5978
37.4186 78.249
32.3886 88.145
85.1788 33.5939
27.511 87.0455
39.8541 83.6885
40.9563 84.2989
36.4328 76.4091
75.1724 39.9364
26.8519 74.1094
33.3309 82.007
17.0018 65.0785
30.9848 75.7889
75.5017 25.4686
43.3729 79.6292
39.902 80.3357
85.46 26.0516
31.4927 71.2686
36.299 87.0801
92.4407 25.6563
81.6915 33.9784
69.3832 26.7528
23.5818 79.6829
86.3755 25.1701
32.7541 77.7805
76.2398 31.1744
76.5013 37.613
90.6989 32.2599
87.6075 38.6072
29.886 84.5011
90.5304 29.3171
28.7834 84.4343
