//Name=503.Clustered51.dat

J=50
MT=20
Vd=2
Vv=1

p: position coordinates = 
0 0
81.1205 32.3432
34.0839 76.6474
69.2585 31.0841
21.1422 84.9093
29.7029 76.3305
37.4953 87.4759
75.3322 44.2841
16.4506 84.0498
28.3813 77.0952
82.307 30.6835
82.3716 27.9152
30.6443 86.502
26.2077 92.0297
88.3597 33.9557
84.4635 33.5034
73.1384 22.2991
19.3609 68.3571
42.9081 76.7216
87.2996 29.2495
93.334 30.2284
30.3749 76.3922
17.8942 80.959
28.4139 85.5491
29.0378 68.2391
90.5639 36.6997
31.5826 86.7168
29.031 94.4855
78.8235 31.9554
22.1654 74.8358
40.6157 79.5548
38.4162 84.1646
25.5343 88.3161
87.0432 37.2033
78.2751 43.0371
87.9854 31.6408
27.1974 87.9439
28.9523 76.8044
89.8356 36.7412
33.2346 72.7363
42.1601 84.0143
41.4707 76.8238
37.7221 75.6413
28.97 93.2691
34.3269 79.8378
29.7589 92.7885
87.4153 27.9256
34.8185 81.0955
75.4845 36.7585
80.7259 18.0982
68.0743 32.0595
