//Name=528.Clustered101.dat

J=100
MT=20
Vd=2
Vv=1

p: position coordinates = 
0 0
77.4242 32.1857
93.6512 27.7925
25.8497 70.4928
43.3619 80.282
92.3932 31.2138
35.8448 78.4297
25.4127 89.1188
92.6664 32.4909
80.3556 28.3386
28.6755 91.4135
43.8818 75.016
36.9074 76.5426
29.6093 75.2393
32.8651 85.473
72.0038 29.7455
90.4431 29.5224
32.4424 87.0425
32.7731 89.1236
38.4376 85.5287
26.759 94.0898
88.6322 26.6536
33.6835 87.5708
84.218 21.1525
36.2747 80.3629
79.7107 32.6055
82.9241 15.3134
84.0612 38.6292
86.6311 38.5254
27.5958 91.3538
25.8978 90.6186
77.1961 34.6001
75.0026 21.7639
75.7135 15.1935
83.1005 39.6873
25.5072 78.7868
80.5333 25.5702
33.5426 90.4444
81.5685 28.5301
77.7508 25.5084
74.8597 20.4904
68.9454 25.6767
29.3641 75.6135
39.7231 87.4753
89.5469 33.4859
77.7416 37.5439
67.1595 25.9734
36.2809 86.5407
36.1738 76.1938
40.8195 86.7964
87.2188 29.544
80.6969 15.4676
83.6875 31.7116
83.8573 32.3163
26.9727 82.97
43.0426 81.8269
78.899 39.5088
38.8743 88.3205
84.3785 33.8091
75.125 24.6843
90.0028 37.0687
82.8239 28.5194
31.791 81.8071
28.7488 70.3727
82.9589 40.0358
78.5661 34.2148
71.4195 30.9137
90.6211 28.4452
38.9813 80.5592
33.1223 84.0218
40.3774 78.2947
90.4994 30.5533
28.3405 84.2319
25.007 88.5224
26.1204 91.1354
67.1991 31.5916
27.0207 72.5236
84.2872 38.8363
78.2737 39.8011
82.3256 38.4356
75.6179 30.9153
75.4071 29.1493
74.8902 26.5123
74.2319 15.5137
28.9294 92.7773
79.3549 44.4746
38.0766 88.5417
37.7423 88.2581
39.2759 77.1835
80.789 42.1964
31.0791 83.3509
81.9194 37.4639
81.6951 41.9067
37.1141 80.2366
87.6248 29.4769
34.6334 75.4809
86.4398 32.4971
76.032 27.085
79.9448 25.8333
78.9818 39.9843
25.965 84.6265
