//Name=527.Clustered101.dat

J=100
MT=20
Vd=2
Vv=1

p: position coordinates = 
0 0
70.7665 21.8364
19.339 83.826
81.0615 25.9736
86.279 30.3357
29.3887 90.711
39.0462 80.1956
37.1316 88.4459
27.1171 90.2971
21.5326 69.6779
29.2375 82.7875
39.336 75.3412
84.6854 30.0602
20.8531 68.912
79.5661 28.0193
79.7585 35.231
29.0012 78.0977
31.7033 75.4097
37.4329 78.2582
81.6062 33.7656
25.1248 89.5828
82.7965 27.4499
92.1278 30.9329
28.8874 76.7944
83.1986 29.1071
84.4333 15.5603
76.3086 40.9707
27.797 78.1917
42.122 81.7383
77.7044 30.7839
29.0527 89.2289
36.8444 80.1454
30.5068 82.4269
29.6509 74.4608
90.3438 26.037
22.5763 67.8265
83.998 37.3393
77.6892 31.0228
78.1352 37.2273
84.4405 41.8241
36.0078 79.3634
76.2353 33.8884
89.0239 38.7248
66.1772 16.9388
77.0911 24.1607
36.4598 90.3857
75.741 28.3163
91.0612 33.6661
33.8326 75.633
91.1929 32.4949
29.3072 75.4531
77.7665 32.7227
25.6168 76.3535
30.5005 85.6864
29.0951 83.6587
80.4207 34.939
29.9954 83.332
84.9681 27.358
84.0782 25.4569
27.8253 75.4202
28.4234 80.8503
27.8191 82.476
28.6186 65.0255
87.0452 31.3065
32.4597 82.6174
34.8374 79.5741
72.8408 15.2839
38.8063 87.9726
76.1753 44.6203
89.3083 30.3746
84.213 28.2717
75.0948 28.3151
26.7382 87.4768
86.9981 38.5796
32.9008 82.7968
67.5272 30.6916
35.2701 83.6008
78.0694 33.1168
88.3308 35.1953
42.4481 78.9461
73.6674 20.8537
29.6625 73.4201
40.8567 81.3572
79.8973 23.4988
43.4382 80.4503
27.5827 94.1576
31.957 78.1314
37.2914 79.9183
94.0442 28.7287
82.6763 21.4199
28.5541 75.7417
37.1786 88.6129
92.084 30.4705
44.7527 77.9599
67.8207 26.6634
40.5152 75.9049
37.4926 88.6093
79.8001 40.1336
20.2609 80.1161
79.5254 42.5771
66.9165 26.7901
