//Name=186.LD51.dat

J=50
MT=1
Vd=5
Vv=1

p: position coordinates = 
0 0
-2.46437 -38.226
40.4813 -35.7295
40.6644 35.7356
25.2068 40.4935
-29.7601 24.0349
-26.101 19.4327
-39.111 -37.9269
-47.3052 35.7509
-40.5423 6.798
48.2238 7.17032
30.0256 -35.7387
-2.57118 7.42668
47.5097 -28.7164
-44.8393 26.165
30.5475 -40.6858
14.9922 -31.1701
-45.764 -21.3157
49.0478 -0.233467
33.4223 11.2873
-17.629 -18.4286
17.0675 49.9176
-32.4854 13.8874
-15.569 -27.7245
-25.0908 24.7124
-16.4022 -12.1113
-35.2779 17.3879
3.01065 -14.0553
-44.2473 26.3848
16.6738 -37.7224
-42.9563 -15.0319
-6.44093 -46.4568
-22.1946 -42.0438
11.9587 -43.2218
-18.7216 42.5748
-30.7184 -37.5912
-1.81738 -9.33714
28.0328 -21.1203
-34.6553 -44.7417
-11.4887 -23.0033
5.16526 14.7389
28.9392 32.1345
11.5009 -22.396
3.53862 -7.60979
-42.3521 21.0715
39.2941 -49.0997
-7.98212 -33.4162
21.9413 -49.6918
37.1059 45.3337
11.8458 -2.3545
-42.5779 -43.0265
