//Name=529.Clustered101.dat

J=100
MT=20
Vd=2
Vv=1

p: position coordinates = 
0 0
74.3908 31.2249
79.423 40.317
80.4644 29.3083
77.7301 26.3068
70.177 21.3291
79.3921 33.7385
71.7777 34.4259
84.6708 22.6639
80.9402 28.0458
67.5167 23.9766
84.0823 31.2203
78.9685 26.0362
79.1164 27.8045
39.0521 79.6937
42.446 79.8037
33.0844 78.6277
40.181 77.809
88.2915 35.3634
17.2847 77.8831
34.8487 80.0171
75.3437 36.1068
67.5966 21.7763
83.8703 31.5339
40.5667 85.3798
84.7652 25.3465
76.8462 34.721
28.8179 89.3923
26.2936 90.6062
76.292 26.5895
36.9721 79.593
20.4698 72.5521
40.1811 83.0508
41.9816 75.5695
75.0557 25.664
81.3734 20.2083
80.7524 34.9983
75.6383 28.7937
80.5548 36.4469
75.7717 34.0855
86.7952 40.9851
78.1563 28.988
31.8915 84.2711
84.635 28.7745
92.394 27.1746
92.6363 27.5578
85.5798 26.0316
86.9666 39.4728
28.3577 75.4256
78.6051 31.5237
27.3514 93.6972
26.7479 91.4713
84.2053 25.8835
40.5624 80.2209
84.6698 26.1113
90.0086 32.9531
75.1157 27.7563
42.5404 84.19
25.7129 67.2386
68.4034 22.984
75.5299 32.4671
75.7189 31.5205
34.8602 76.339
25.2175 84.3217
76.1277 26.7682
31.8925 89.9814
79.0342 18.7445
78.6737 38.7712
32.5987 84.967
90.2527 28.1622
92.6629 26.66
86.5957 27.1007
77.8335 27.5846
77.9566 38.0061
28.9798 80.45
39.1831 82.7994
91.1946 27.4992
29.6552 91.8776
35.7314 79.9186
76.4829 36.0828
79.8365 38.8127
84.1621 33.0198
30.2835 86.5268
90.3042 25.2178
67.1412 22.9687
65.184 25.3359
78.9621 30.2622
65.6151 34.9425
90.076 35.7856
75.0745 28.9419
90.6002 30.181
30.6461 86.9125
81.6245 35.2286
82.2303 41.1562
17.7429 80.3129
28.8353 81.3329
38.157 88.6958
87.2387 26.1712
16.1624 75.3148
83.4806 27.849
83.1212 27.8695
