//Name=285.Regular31.dat

J=30
MT=20
Vd=2
Vv=1

p: position coordinates = 
29.9917 47.3287
73.5009 94.026
88.284 0.98395
64.0534 21.8327
16.0972 83.9152
44.6585 22.5071
34.2687 7.46422
51.3266 90.4726
62.8295 39.8302
0.847421 24.2266
67.9726 78.6107
57.1131 54.1662
13.7458 26.9532
35.8074 43.3584
3.44811 6.14215
96.0328 63.036
56.5736 94.3398
50.6618 15.026
96.1662 5.28345
97.5747 29.503
28.1126 47.0152
23.6206 78.9271
7.63708 12.6874
26.2509 15.9703
92.4552 10.9357
8.57495 94.823
16.0619 97.9662
34.4037 0.521126
61.6888 80.3721
5.5864 8.0413
40.6175 70.2954
