//Name=525.Clustered101.dat

J=100
MT=20
Vd=2
Vv=1

p: position coordinates = 
0 0
43.081 79.8094
77.9577 35.6522
21.2651 65.8111
32.9265 77.6763
86.5121 33.9724
81.4048 33.4515
25.9756 76.8584
31.9687 71.9233
33.2891 83.3282
93.1901 26.3804
28.1112 70.8483
79.6282 25.9049
82.3923 31.6483
39.7012 86.2323
91.5381 26.1345
40.0102 77.6659
18.4155 79.445
25.9944 93.5329
30.8007 81.3374
27.0389 87.3194
80.1833 31.0478
42.9193 80.3469
26.8978 94.8756
88.2577 36.2512
31.842 92.2296
83.829 40.1483
76.8047 39.1134
87.6793 32.9014
79.9074 29.4004
34.7976 86.1578
31.2164 71.6531
28.1556 70.7916
31.0787 82.2891
84.1088 33.864
76.6309 29.5425
25.6638 90.5805
85.7651 30.5185
27.3679 93.6482
36.1262 76.8666
86.5666 38.9478
71.6221 23.4018
34.9585 76.7719
41.4308 75.5418
84.5238 29.5921
15.8977 65.1316
79.7585 25.0904
91.0488 29.804
76.9637 18.6492
78.463 44.1473
74.7901 24.6546
81.2993 39.2923
23.8574 69.8071
39.5359 88.4186
29.1181 76.4519
34.4172 86.7223
89.3108 37.1624
81.7027 38.3053
78.4858 31.5133
42.512 76.2166
37.9416 87.3063
80.0764 15.5467
82.4674 25.3874
81.9552 33.1192
86.1223 37.7925
35.2188 80.2083
82.7078 15.0708
79.8199 29.1644
87.9747 39.9712
30.7084 75.5873
34.0321 78.3981
16.2454 69.7728
75.1364 39.2391
76.1054 27.5634
75.6766 37.4593
82.7196 37.3982
70.0087 20.331
34.6337 83.8303
65.1662 23.7284
31.8657 86.1568
31.79 80.7613
42.6699 81.8804
94.3343 29.6245
16.4867 78.8807
87.1421 40.1135
32.5948 89.8636
87.5819 34.8593
39.4828 88.6913
79.9513 33.5796
26.2905 93.9124
26.6655 78.7966
30.8133 78.5768
36.9206 75.7813
81.6731 25.025
25.3108 77.9839
80.9096 37.0293
83.6983 39.4384
78.8517 35.6264
83.21 37.3066
33.1546 75.7694
21.6252 78.0607
