//Name=510.Clustered101.dat

J=100
MT=20
Vd=2
Vv=1

p: position coordinates = 
0 0
85.9519 27.3166
37.6205 88.4538
36.9596 78.0673
75.1964 35.577
81.0592 32.2218
88.1176 35.3743
76.9295 39.4554
31.7971 76.2777
21.7355 83.5086
28.7877 79.9704
74.0398 33.4788
25.7239 88.6617
88.1208 25.65
36.1911 82.6671
31.2063 90.6403
87.5717 38.7715
76.1654 26.5915
31.8733 93.4233
74.4847 19.7264
79.0669 36.8842
27.3606 78.5411
86.9036 28.4298
78.7709 27.5668
24.5423 77.0671
16.5284 73.8682
89.88 27.9361
31.9407 83.3657
34.2532 68.9145
76.851 38.6724
42.3784 84.1223
79.6892 37.5091
32.6655 79.1786
65.805 30.5217
27.59 80.186
92.0047 33.165
78.2996 44.4143
37.297 86.9991
42.8868 83.7475
32.2643 75.6792
38.3464 85.7735
83.8168 31.5363
91.5155 32.2308
82.1291 27.2755
26.0163 90.6837
35.9998 91.0628
90.8267 30.7492
34.6026 90.859
78.7769 35.6441
30.8771 69.1611
82.633 31.4678
88.4166 28.8048
80.2 42.703
37.3071 78.0829
43.0151 75.1243
75.6573 44.7126
30.3206 89.3577
31.457 71.262
21.1288 68.6076
75.5565 27.2572
34.7331 67.9412
72.2303 26.1373
76.9605 38.9667
92.7357 33.6606
30.3029 71.8282
41.4975 76.227
43.5523 76.0256
37.3915 82.2351
75.7705 44.346
79.197 27.0904
68.4331 24.5099
91.055 31.6399
80.2889 37.3425
80.7085 36.5581
38.2735 85.7251
42.1816 79.8326
27.4173 76.6822
93.2457 32.5425
25.4851 77.2694
27.8554 91.1396
33.2996 79.9438
26.8933 84.3326
32.4443 77.6837
78.4247 24.3285
36.4468 76.3332
33.3628 87.1116
40.0574 87.351
30.7965 85.3404
88.7126 33.4457
33.1745 93.0282
79.3668 41.2712
39.2299 83.9348
81.8876 37.5841
78.9176 42.8551
90.1265 28.5468
78.1704 33.4797
21.1418 79.0486
89.0702 31.7179
78.9571 31.5338
79.7244 32.3993
76.6146 35.1276
