//Name=518.Clustered101.dat

J=100
MT=20
Vd=2
Vv=1

p: position coordinates = 
0 0
81.9462 33.0937
30.1719 91.3112
27.532 77.3939
30.4277 75.1293
43.5707 81.7357
85.0117 34.4856
92.6307 32.6565
29.6849 77.0323
77.2535 33.7672
31.3602 76.3165
34.2385 87.5186
89.7766 30.2568
80.0627 30.1574
28.2947 80.3768
38.8891 76.1744
79.7345 25.9319
27.4088 93.9905
65.9957 16.0879
82.7027 19.7863
84.2104 34.0224
89.1528 31.9329
34.232 77.9894
26.0166 84.7782
25.0147 78.8598
40.7798 82.8235
42.9148 76.4612
79.8161 26.7772
16.1531 74.9589
81.7928 40.1782
25.7218 75.599
27.7809 91.5766
75.9129 41.7077
43.1947 78.5995
75.5196 25.0103
42.7781 78.7389
73.1811 20.0078
30.5894 85.3914
74.2985 30.419
84.7067 23.372
42.7397 83.4653
79.7098 26.8362
76.6033 28.6722
25.1481 87.1896
33.7681 85.9992
32.5355 80.1746
29.5635 82.5384
22.0477 77.2153
32.341 87.1165
42.2138 75.9044
79.1301 21.531
84.5493 28.6908
35.1835 75.5435
33.0184 93.0216
38.5124 75.1563
80.0312 42.4124
81.1537 42.2303
19.6028 68.8923
27.4816 75.3405
34.0966 88.1913
30.1455 75.446
35.7194 87.3531
26.2424 77.3226
81.4369 36.0575
83.7473 38.6419
81.5476 31.1939
30.1702 75.9792
84.5941 26.3117
39.1886 81.4719
28.0746 93.8125
41.463 77.5133
75.7316 39.3065
82.716 18.6497
89.4968 30.0154
81.1666 34.2368
28.4153 83.476
89.0036 25.7478
83.6753 37.6525
85.415 25.8673
28.6253 86.9949
79.8104 32.399
29.4792 83.275
79.9253 26.9213
80.4533 27.7112
38.4365 81.2718
90.9717 30.1664
79.561 30.6362
86.6454 40.1835
83.6584 42.9202
33.7065 92.3756
28.3317 81.533
34.8018 80.3227
83.6941 39.0782
91.9146 32.6029
30.5957 80.5705
30.9668 67.772
87.8269 37.6762
30.6471 84.9497
33.1771 82.3577
76.6238 33.6285
81.5873 26.4386
