//Name=202.VLD51.dat

J=50
MT=1
Vd=5
Vv=1

p: position coordinates = 
0 0
-43.9634 0.743126
-39.819 5.25986
37.6888 -26.1132
5.41246 18.7399
20.2322 45.7854
-34.286 6.1449
-35.7662 -38.2717
-25.8019 11.1499
-40.3867 39.1446
-32.87 9.37986
-23.7785 28.2739
-35.6868 -20.2445
12.3066 -20.6442
30.1386 33.8557
-31.0724 31.8323
-31.5943 43.9024
28.4967 -8.75118
-45.9014 -39.996
-34.4844 9.53246
-44.8454 -42.6939
-32.2932 34.1273
47.4273 3.61492
-4.42671 41.7844
-24.0837 -11.8336
-41.4212 22.4845
-34.5454 2.17139
36.0927 29.223
33.871 11.7145
21.1112 -40.7956
10.8631 13.6799
15.0227 -17.8426
15.6514 15.3035
-48.5626 -18.7277
-3.46538 27.9901
-22.7409 22.5394
-14.5039 15.9902
-30.9046 17.9647
-29.0307 -9.37376
13.1703 -1.59764
41.8882 -9.39207
26.7968 -38.4457
6.15711 39.1293
49.6155 10.8173
36.6756 18.3432
-17.333 -49.472
47.9858 -48.1475
3.44707 -46.6521
-43.2554 35.8211
35.049 -34.7255
29.1131 9.33409
