//Name=482.Clustered51.dat

J=50
MT=20
Vd=2
Vv=1

p: position coordinates = 
0 0
76.7819 26.2874
32.2846 67.9756
79.0828 42.1249
84.5597 40.3956
36.3424 81.2794
87.6127 29.4224
80.5215 39.8632
76.1325 41.0486
26.8699 91.1751
89.4614 28.3488
84.8385 35.6394
87.9593 36.1783
86.402 39.9062
33.6713 85.8479
81.2953 41.5847
43.8731 76.088
90.3558 32.4778
77.6413 36.4621
40.3018 79.3417
84.2983 30.8738
16.9082 77.5162
80.0808 31.5686
38.22 82.7092
33.6083 81.7674
19.5402 78.683
82.6798 27.6052
28.0482 80.9516
84.9268 41.762
77.8576 31.1416
76.6579 32.2384
86.0706 38.1127
83.7511 16.2219
82.7491 35.8638
81.1309 36.2563
31.1337 80.4719
28.512 81.0106
31.0125 85.5809
90.234 26.1994
75.4868 27.7707
35.0729 84.2939
79.8562 27.9564
31.4729 75.1756
79.7261 28.8736
34.6927 76.5572
79.8065 25.0993
36.6113 84.3527
79.0851 25.056
27.3196 86.1424
78.8114 31.9361
82.28 31.7331
