//Name=281.Regular31.dat

J=30
MT=20
Vd=2
Vv=1

p: position coordinates = 
1.37074 5.83719
92.8206 75.3442
96.0022 71.5318
81.9137 31.8611
24.6691 9.64297
3.64643 98.6912
68.9954 8.46409
1.30214 55.0506
71.5208 10.4949
51.4956 72.0415
21.0861 75.4554
19.7273 16.1544
65.9548 31.7169
7.07707 31.0893
23.0143 12.6364
47.3376 59.3432
51.0258 33.1929
19.8402 67.1798
42.6536 21.6953
59.7344 14.2973
12.022 17.7146
58.471 61.2905
77.8708 16.6058
88.416 11.7825
42.0265 73.8102
50.8312 97.2593
53.3378 89.2921
65.845 63.5781
64.8901 85.3064
4.01213 2.4514
42.3455 56.687
