//Name=508.Clustered101.dat

J=100
MT=20
Vd=2
Vv=1

p: position coordinates = 
0 0
76.7269 37.6912
36.2431 90.4768
81.2855 34.6253
92.5293 32.9408
85.0112 33.3029
18.8725 82.915
94.4896 29.0819
76.7976 44.632
75.7395 38.378
84.0278 26.201
82.5805 38.2648
90.1243 31.8784
93.886 30.6548
39.2056 84.7842
84.5166 29.3818
81.3548 39.2026
37.111 88.8897
78.7226 30.3643
33.6547 79.8802
28.5336 89.614
65.0882 27.3085
87.8606 32.4104
83.9039 41.4406
69.2832 20.2836
26.1019 76.8855
21.9672 73.4385
75.7336 31.305
86.8729 28.2617
25.6252 88.034
70.7235 32.695
37.6958 79.5835
35.7948 80.8061
29.1306 75.8417
86.6381 40.2911
25.9314 93.0633
27.932 80.9082
27.9027 76.6447
80.9006 31.5352
83.813 28.3431
36.5265 80.675
43.5685 80.4141
42.6606 76.8799
81.9971 27.0119
84.3754 35.6722
80.0298 36.9349
38.9799 79.5594
39.9349 87.8813
32.2881 78.5359
93.2864 28.335
78.2607 37.9972
90.6038 32.4808
68.4682 16.8288
31.8247 84.8738
34.194 84.9155
71.6901 32.6498
26.182 85.2365
27.4959 78.8353
78.1539 28.5371
88.9102 36.2939
79.0426 27.328
77.1994 28.5296
28.2954 78.5622
81.4883 30.2177
20.6319 68.3904
70.9401 27.5026
41.5189 78.7608
29.1215 74.3887
76.6407 42.3949
41.122 78.5058
19.4317 76.0139
19.6628 78.6286
83.8354 40.0617
91.0616 26.7421
82.7137 25.9795
37.615 85.9149
76.3341 26.3412
81.9333 31.7314
42.4931 83.1754
80.9622 40.6468
28.1266 80.6735
28.037 67.2049
80.264 26.0624
28.9768 92.1688
19.4763 81.1304
43.3958 81.2881
27.561 88.9171
92.4224 34.0962
86.2515 34.4688
17.9832 83.4897
40.5817 76.4349
66.3053 33.1518
87.8008 36.4002
34.4369 84.2631
26.8366 76.4785
84.7376 36.7505
16.1969 67.8118
27.3847 80.0054
26.8923 89.9673
40.0242 87.3039
87.9328 29.5184
