//Name=201.VLD46.dat

J=45
MT=1
Vd=5
Vv=1

p: position coordinates = 
0 0
5.75732 4.51827
-16.0787 47.3083
16.3717 -10.5152
5.35752 -26.2749
5.77258 -7.1337
47.8454 -13.7776
-45.1506 -33.4376
21.9382 4.35346
1.29551 -41.4884
-49.1241 7.28019
10.979 10.9851
38.168 43.5148
11.2751 -26.8517
-7.59148 -31.048
39.4162 -31.4875
-12.5477 -21.1173
9.00449 7.88446
-13.9485 49.5483
47.824 -11.5589
5.11338 -45.114
10.0391 -30.4132
-49.3439 -25.8446
15.9871 -33.8313
0.654622 -44.0916
22.5669 49.7131
-36.1782 -45.88
-22.5333 -1.71667
-7.47246 1.97913
-39.7031 -14.3818
-22.0847 38.9828
-36.2606 -49.8749
5.3972 -43.0021
17.8823 34.4081
-1.40843 -19.0878
10.8325 35.8882
29.9066 49.4263
8.76034 -40.7559
25.8019 11.7084
28.46 11.1713
44.9431 5.4857
-34.4142 28.1945
-42.6939 32.2047
31.6828 -21.923
2.40333 -5.12558
3.10526 25.5394
