//Name=494.Clustered51.dat

J=50
MT=20
Vd=2
Vv=1

p: position coordinates = 
0 0
87.0761 40.5449
80.6484 29.1922
93.8554 25.4119
80.8096 25.6208
79.0304 30.0546
29.4149 94.0083
89.4285 34.6643
40.9289 75.3039
82.3694 38.0181
38.3212 85.291
32.2024 74.2528
81.9465 25.01
93.2843 28.8673
77.4959 31.1455
76.6537 37.0582
84.2417 30.1449
70.6196 25.2099
19.5898 70.791
38.4384 79.2673
42.6408 75.271
29.7245 82.5222
38.0329 87.7623
28.6454 94.2037
28.9403 84.5525
29.1364 80.744
38.1956 83.2685
75.2608 21.513
86.8412 28.4044
28.8259 77.5067
73.8945 23.2717
25.7305 76.2733
42.0617 76.2617
31.5888 87.1626
34.0549 86.9773
16.4349 82.345
80.403 30.4083
76.3058 36.0472
28.1322 93.3301
87.0038 38.7099
70.1211 17.7665
25.5561 78.7657
77.1079 44.1039
81.31 16.5479
40.1688 76.6032
23.9005 79.9237
28.5363 84.4527
42.7162 76.2431
93.3068 32.3181
36.6064 80.5909
80.6297 38.5314
