//Name=356.Regular201.dat

J=200
MT=20
Vd=2
Vv=1

p: position coordinates = 
56.8277 17.6511
97.0879 98.8665
67.4292 42.4952
55.0729 48.8681
99.5782 29.8612
73.0142 26.7609
91.498 53.0171
77.4516 36.1908
99.4669 76.3002
93.6201 48.4673
34.6985 52.9378
68.9994 70.1325
83.4252 7.93469
15.3358 36.5283
46.6285 76.2689
44.5398 86.8066
50.3016 33.5775
45.3185 20.6132
79.8649 63.9716
93.7453 95.251
4.42767 51.775
79.446 0.0858681
80.006 50.9009
21.6034 24.378
98.2513 86.0544
96.787 53.1942
43.4924 59.5483
15.7178 55.1117
59.2752 75.8291
81.8239 67.9976
40.4519 9.23286
50.3309 17.0098
86.8949 49.4505
21.0287 55.2696
67.4409 24.855
48.3833 79.248
33.413 25.0251
34.6283 19.268
53.1151 51.3484
32.9986 89.9642
29.6153 37.3182
48.8896 64.8207
60.2337 6.14645
11.6372 73.3849
3.82508 87.4035
63.9359 29.8417
50.2299 2.32851
57.0998 3.25388
64.3445 21.9876
73.222 99.246
64.7957 18.8168
84.6525 48.7019
29.9369 30.221
36.7174 71.2679
44.4415 52.2396
42.7099 21.7724
61.4902 49.6585
86.63 48.5486
77.9074 51.0227
80.9639 10.4828
41.049 70.3328
46.0138 46.54
69.9149 49.6054
85.8767 25.3331
81.8009 40.4496
17.3462 14.6686
40.5928 35.6073
8.56264 38.756
96.4927 50.2321
39.836 33.2712
41.7307 30.3943
26.7253 27.1768
40.2033 13.0752
89.692 87.5737
42.061 54.3692
18.0915 59.1272
4.35162 75.6464
86.2625 60.4989
27.8132 22.999
2.66424 85.6256
94.5467 98.2105
40.4841 65.0523
43.9584 75.2494
5.37257 15.4669
82.9904 43.3735
18.014 66.2495
57.9939 32.9269
97.6045 80.3093
78.8164 79.4866
70.1768 29.4003
95.0798 67.5829
14.1736 77.859
42.9458 68.8071
21.7062 26.1977
87.136 26.1131
45.1553 85.339
17.7246 43.9997
22.5947 54.3725
81.9195 4.52741
9.03991 45.2196
75.075 26.2136
18.3677 60.0235
49.8523 20.7764
88.741 53.2641
38.7836 46.2725
14.1154 14.0532
0.247827 41.0817
58.6869 18.8708
97.6628 40.7879
58.7074 3.67669
69.9855 89.109
8.58889 62.5786
61.1092 63.7008
84.9935 68.6171
10.46 82.3084
57.953 34.6635
49.241 6.29303
44.0155 87.0028
11.8085 38.954
20.7922 8.0166
82.3551 82.4317
96.8186 85.27
0.17369 53.8147
42.2934 2.8854
66.6622 73.0519
11.1231 7.7447
54.8541 1.87069
99.2101 31.5274
65.2361 99.9224
33.9652 92.9312
39.2368 31.9897
39.8658 36.7006
33.3999 64.628
59.5854 25.5437
28.7747 91.5242
0.952633 37.2946
72.6477 63.5343
41.5086 90.2785
60.5159 96.6345
40.7575 77.7106
9.42651 23.9855
55.1231 38.8773
22.4319 70.388
7.43984 5.71888
41.6686 17.3302
49.1607 92.0344
84.1424 34.8669
82.0668 24.547
85.265 59.5076
72.2614 14.9183
39.9602 75.8371
75.2758 29.6156
41.8543 81.5025
80.5544 29.7547
42.8102 56.2532
56.157 26.5588
44.5098 88.1513
54.1704 57.2666
57.8544 31.3296
23.4892 37.3558
23.6008 28.4214
90.5285 56.8574
78.1634 13.0097
59.5551 9.43097
94.8272 27.3426
59.5057 21.4314
42.2082 6.49771
87.6489 60.273
29.5075 60.0581
91.8573 3.34063
61.8873 32.1065
22.9748 52.2215
61.9924 24.085
89.4367 6.80861
37.5382 26.7925
26.1594 27.7685
76.6901 7.06496
6.71872 31.5185
46.1046 15.1515
97.8814 13.1093
79.0067 43.7809
32.3293 0.34485
32.773 50.1695
16.2797 93.1164
2.10038 42.4012
43.6517 9.393
83.0886 60.8027
46.5682 22.2319
91.4629 58.669
29.6944 26.7929
81.7174 57.5826
92.665 70.8248
66.3969 19.8811
35.383 1.35332
36.7752 52.6551
29.6378 51.2517
55.2477 3.75446
10.5295 49.9204
45.8811 29.2688
8.16436 93.0877
33.8147 8.39942
