//Name=147.SD46.dat

J=45
MT=1
Vd=5
Vv=1

p: position coordinates = 
0 0
10.3748 -14.4032
29.5312 23.0583
14.1072 33.2392
27.4651 -45.4894
0.410474 -37.0144
-19.7653 46.1303
47.8332 37.7041
-46.2065 -13.564
-18.3493 -41.0764
-38.6502 32.3298
-8.41243 26.2963
47.5799 -31.0053
14.5192 1.88757
-41.8638 13.7745
-14.626 -29.9707
22.7195 -20.3879
9.31272 33.2636
29.6442 -36.3063
-41.6837 35.0551
20.2322 -23.1162
45.3307 49.9145
-19.0207 -20.3482
-20.9494 31.4753
-38.2412 40.0235
-47.4822 -40.7407
-1.92114 -20.7541
-31.3837 -25.3258
-34.4081 20.8029
-44.3876 46.8719
44.9583 8.30561
-24.1447 -40.8414
25.1732 8.034
-19.2221 -43.4843
23.4947 -38.403
15.2913 44.8759
-49.884 4.49385
24.7429 -17.2292
-4.31989 16.036
-32.4824 -43.9695
-30.2576 16.4022
-13.5487 -23.928
-31.6065 -23.6351
42.114 -7.5518
-0.938444 -44.6562
-38.8089 -39.6908
