//Name=502.Clustered51.dat

J=50
MT=20
Vd=2
Vv=1

p: position coordinates = 
0 0
38.9096 87.4698
76.6691 28.9216
82.9452 33.4715
27.5807 90.942
73.0487 30.0204
77.0218 42.118
87.326 33.8382
40.9771 79.0424
75.2552 38.2901
32.3767 91.7328
85.1171 40.3997
42.1302 84.908
86.669 37.2021
26.6926 88.8598
28.5904 81.3755
69.0246 32.9037
67.1528 21.5513
40.3309 82.1289
65.2045 24.1637
73.8521 28.7769
29.1457 90.8569
18.5115 79.4264
33.4539 77.17
85.3468 36.8266
76.104 43.9425
31.0681 87.9415
43.325 79.2949
28.1104 80.7347
76.0552 27.9949
82.0873 25.3227
77.5462 31.5742
20.1747 69.7292
86.802 36.7362
84.684 22.0545
34.8501 89.8823
92.3664 26.8245
44.1681 78.4213
15.5867 75.8608
34.895 85.762
81.8957 37.319
75.7744 27.5801
76.2264 42.3765
28.3339 92.7544
28.8542 82.0475
90.4872 34.9451
85.2319 25.0259
40.5603 85.6599
78.6497 43.6757
28.2913 86.1705
38.6861 82.5059
