//Name=340.Regular101.dat

J=100
MT=20
Vd=2
Vv=1

p: position coordinates = 
28.8851 15.6567
66.0063 80.2097
15.947 4.053
75.8235 29.6461
23.2844 76.9853
94.6601 13.7886
82.7614 75.0092
58.2192 52.5277
36.1591 27.0824
71.7247 44.4607
32.1169 51.1477
28.7422 94.2866
74.4156 21.4647
57.3717 24.994
68.2507 89.9118
79.1764 89.4694
8.96882 3.20509
19.0606 2.64329
36.8405 15.3882
36.0446 93.2864
70.1574 7.02817
41.057 81.9995
77.7674 12.1421
48.3132 3.74959
96.9827 27.3919
42.2425 60.8798
37.8093 82.1585
41.6371 68.732
33.1216 39.3836
0.694808 46.1223
77.8258 68.2976
3.41158 24.1104
88.2317 96.4296
65.7406 74.7355
73.1763 29.5199
28.3075 61.3444
56.5422 58.3493
27.6056 43.2077
91.2601 84.0064
7.34638 98.8464
66.8051 70.5117
93.6331 75.7099
86.7376 25.455
26.8516 77.5921
20.8384 6.71032
75.6168 8.88889
58.4505 94.3716
78.3693 39.6771
96.9382 85.3228
45.1877 73.0125
39.8509 45.9197
92.1869 22.9315
42.4362 15.9214
1.65136 58.6279
21.6991 81.9822
75.0173 46.8002
74.0589 89.4128
11.0987 13.5825
29.4918 31.203
46.6573 43.2771
65.4439 65.8746
5.93676 48.5492
64.4934 44.5202
65.4227 44.1464
46.2558 70.6823
7.11933 21.3956
20.4094 20.111
42.6589 14.8505
28.358 98.1052
32.996 42.4521
54.7376 44.0821
87.6734 36.0615
44.0049 5.13084
72.5841 57.1971
37.9949 31.3094
83.6105 39.0207
69.6883 56.6968
73.9901 66.7368
93.2279 23.2907
76.3891 24.3311
94.6106 52.768
13.8205 28.25
4.51398 1.7391
10.315 38.545
47.4534 75.2709
40.2535 68.4515
86.3836 63.9551
35.2733 40.383
44.7174 26.0159
77.4169 30.1463
23.7088 31.6768
59.1 47.2601
83.4341 85.345
22.7826 33.275
55.5935 95.1793
55.012 58.4428
35.9553 30.8744
29.5258 74.1619
21.1232 89.483
16.8757 78.1633
12.6952 8.27968
