//Name=367.Regular201.dat

J=200
MT=20
Vd=2
Vv=1

p: position coordinates = 
17.0493 70.9863
90.2727 20.0355
26.7359 95.5952
3.3344 14.3845
58.2283 71.7369
53.4875 77.658
14.3484 35.2944
5.06307 38.7087
38.9777 16.2447
93.7115 2.84824
58.9326 51.7671
54.4314 90.6014
21.6133 66.7906
49.0103 3.73924
97.8775 53.9908
28.134 77.9586
32.9232 62.7846
44.2715 47.4513
40.8539 32.6562
37.3718 35.9419
81.1392 41.2016
10.026 47.1862
23.4205 64.7719
73.4964 58.4864
63.3863 98.6288
83.0816 63.0004
24.6394 58.7619
20.7781 1.23679
5.49189 8.72894
94.0084 95.3652
54.6786 63.4264
94.1663 38.2834
27.4609 36.2258
17.124 82.2245
86.5122 69.6857
81.1368 14.3779
5.31092 64.1085
36.8463 2.33323
22.6564 74.9947
78.5741 15.2542
57.5701 58.4993
70.2122 13.5318
99.302 21.7857
12.5372 15.5689
90.5029 28.9474
8.64603 1.53922
70.7926 0.580121
6.80144 67.8243
43.0787 61.4431
24.5082 44.5214
70.203 74.9522
73.8118 35.4807
58.6473 81.6375
88.7522 39.4456
89.9506 28.7998
0.893393 16.3672
37.5236 86.8888
72.8613 0.224624
23.5896 31.8402
9.80393 11.136
81.1049 12.5088
51.8141 7.21024
25.0282 9.59207
61.9825 53.5991
93.251 89.957
76.7779 4.46563
18.126 65.6444
89.2755 11.1948
31.1992 76.2711
23.5393 16.4867
5.17041 58.2262
34.7811 47.5889
3.71747 92.1491
78.2345 79.1727
34.5459 58.731
35.6065 77.3439
14.515 36.3305
88.3867 99.7647
7.53137 67.0306
4.68638 86.2677
1.11494 94.1178
40.1614 87.6793
75.2924 64.6656
63.7613 9.42429
72.8935 68.4582
79.3629 66.843
57.2008 49.8483
43.9947 66.9933
59.278 79.8694
38.0519 25.3053
71.8947 34.8926
85.4245 69.625
92.0286 94.4511
22.7403 82.9238
42.0128 7.87818
67.3458 88.071
17.2585 53.2857
65.3277 85.4611
92.3021 84.9711
76.9061 2.42329
99.9989 92.4653
19.4952 23.7976
10.3148 7.76889
19.0787 28.6352
1.50362 18.5088
41.1464 32.1068
99.486 53.7463
96.7215 71.7862
61.9847 1.18929
59.6961 71.5207
17.0173 51.203
12.6452 40.7358
87.2972 58.4547
6.6061 83.6822
44.1466 77.1021
79.603 66.3744
16.9224 86.8263
5.35476 16.1434
14.5884 93.6958
60.9781 86.5832
26.0867 91.859
69.2817 25.979
6.73869 24.9083
96.4315 55.4212
27.4989 59.4323
77.0432 76.1949
87.436 58.3663
42.9362 3.45972
25.7355 94.7724
61.1039 5.82355
50.093 71.3364
87.8473 99.3851
33.6233 37.6967
51.6436 74.3484
11.4063 30.2792
16.194 96.5448
86.2689 95.0838
56.8889 34.5199
80.081 18.5023
37.7587 8.84033
46.2529 45.932
90.7003 57.3263
25.3264 91.0934
18.0939 47.2537
61.6196 42.066
21.2464 17.497
18.646 36.8199
18.5718 1.32665
59.8729 83.0382
87.0079 70.891
13.9833 33.5357
17.6346 75.5792
56.6399 58.2304
42.1431 57.1464
4.92869 12.2393
50.0981 68.2084
22.7694 33.2368
50.4611 28.9417
23.4668 74.3547
68.6427 29.346
72.9357 15.6577
75.0088 27.5641
17.8984 37.8874
68.7894 31.2359
10.548 77.256
45.432 99.7858
74.0265 8.19428
94.8045 72.8157
99.0693 3.13614
87.8137 99.7712
27.1523 34.9731
95.8797 85.0331
69.0155 90.0591
14.5339 51.8498
49.8154 54.7615
65.7769 43.5153
6.22466 7.1969
78.4938 75.6854
77.8345 84.783
78.7269 87.9163
98.2143 74.2638
21.4567 21.9742
36.4875 76.6459
69.9547 50.6227
7.0093 3.35179
11.6609 69.0475
92.764 12.8571
9.40612 31.4294
52.567 9.9706
24.8398 21.648
1.0063 72.6937
68.8937 11.3812
73.5927 1.88394
37.8059 58.6355
38.3783 59.5943
5.63322 90.1978
92.2471 78.8205
92.7177 38.359
36.5826 7.5995
83.6336 77.1725
67.0331 47.4408
