//Name=468.Clustered31.dat

J=30
MT=20
Vd=2
Vv=1

p: position coordinates = 
0 0
75.7977 34.0943
73.4612 17.8193
80.8706 27.4631
37.988 90.0132
17.4271 81.3004
81.6472 39.4165
38.0185 82.6393
28.1127 92.6503
43.8605 77.2674
87.6291 36.6272
82.9991 33.3395
42.4458 80.2317
79.1627 16.789
34.4978 76.8317
78.7184 26.7992
86.1149 34.1218
78.6105 43.9197
88.5523 27.5025
87.6954 28.4342
34.1854 82.9143
83.2928 32.5155
35.7936 86.0695
35.9423 90.8474
79.0497 42.1234
80.692 20.0069
30.0874 81.6284
72.6799 26.0101
23.3657 77.5334
26.603 94.6504
77.8013 28.8799
