//Name=350.Regular101.dat

J=100
MT=20
Vd=2
Vv=1

p: position coordinates = 
1.0304 90.8874
66.1645 45.6086
59.5883 24.2219
88.106 5.07332
38.9658 85.8204
46.2623 47.7889
4.99325 45.5179
36.1827 76.5022
9.12466 0.260795
33.6304 21.8897
27.7611 72.4209
19.6167 47.1995
35.3075 33.2679
51.1154 77.5059
13.2362 7.83806
15.4256 84.8054
0.236357 5.02474
34.0886 78.4431
79.812 91.0052
18.451 56.8126
41.112 81.522
34.4544 4.76615
20.073 85.408
97.6689 33.0719
68.0126 66.8251
89.1376 40.8731
13.514 3.39508
38.7403 34.0672
94.8757 27.7472
82.0212 83.8831
76.2732 55.1393
32.5428 95.1493
31.5627 43.3998
37.0171 43.9051
15.2704 99.9808
93.9824 97.0812
76.4618 2.37129
61.0568 20.21
24.6586 7.25219
42.6308 54.9875
87.1543 40.408
13.5097 4.07358
68.8681 97.0165
3.77305 51.7776
92.4307 78.2837
92.6593 46.6185
60.9781 78.5618
45.1747 71.4367
86.5802 87.2197
44.7107 2.16846
5.23731 76.1898
85.7343 29.1814
69.2763 43.5781
37.3011 0.631597
66.6108 70.8308
26.8886 75.5283
9.57413 71.1035
66.4689 75.8505
20.518 99.1749
95.3367 1.71112
18.3669 73.1
30.6136 32.5585
1.30723 17.2645
68.8328 10.0605
45.7986 16.1572
18.1863 2.559
44.6396 36.9459
80.5746 85.1699
56.6873 26.2684
43.4232 29.2666
41.7126 70.0916
82.3754 61.0582
29.3158 94.0726
98.1682 9.17317
91.3726 98.5511
52.5661 84.9148
15.252 78.2636
12.1783 91.6802
20.1247 94.0602
21.4752 92.8106
69.2664 67.2959
97.0862 9.95735
29.6447 61.1534
64.7208 58.4204
36.4148 86.3441
81.1754 5.9147
92.738 72.8652
50.311 37.9939
57.7679 70.6971
75.8895 57.5853
81.8519 85.4055
20.2572 22.6371
31.4757 21.6391
86.0088 53.001
44.2046 21.3665
12.9806 97.7304
29.1573 10.5094
74.3458 8.18365
34.4886 83.8662
96.7472 9.8821
53.9293 73.1264
