//Name=334.Regular101.dat

J=100
MT=20
Vd=2
Vv=1

p: position coordinates = 
47.4361 34.3891
17.6903 94.4962
9.7897 13.4305
54.2406 25.8335
10.9945 82.2719
63.799 28.4986
77.9737 82.1128
47.138 55.2312
53.5823 24.8329
26.6175 98.9493
98.9481 46.0731
8.74226 93.8201
40.7565 60.1462
27.8561 53.0476
95.5108 17.7238
57.0033 97.4897
42.7923 41.6326
30.1134 75.5786
29.0808 12.5717
74.279 21.5862
95.0798 89.2056
63.1963 8.86553
79.517 25.9001
50.9899 31.6836
81.1995 45.3941
99.1605 85.1925
81.1534 89.8502
1.96801 30.0109
15.0716 84.1445
70.6154 14.9938
33.5332 82.5363
14.6454 42.8038
55.9228 82.3209
91.305 36.9352
40.0808 92.3008
74.6589 93.3651
18.4182 6.54169
51.3829 3.66358
2.51419 5.64852
18.1605 7.67994
45.9164 14.2536
43.4009 95.4323
99.9188 52.4924
18.8747 89.276
66.623 3.99436
68.8461 33.7856
82.8347 94.9028
21.4419 29.2994
35.0688 35.2313
33.6183 4.28874
48.5276 42.1346
29.6849 1.36373
95.5572 7.99603
68.6419 68.3023
76.8862 70.1346
54.5002 6.84821
62.1463 21.2669
84.8411 22.9328
23.4649 71.9385
4.57253 38.2846
24.5174 31.2406
53.8403 64.4324
85.1114 38.0172
42.3885 49.1125
83.337 46.303
30.0339 56.0554
61.9324 76.6039
48.9492 91.5614
77.6855 43.3019
10.5553 82.7766
45.1275 49.1259
57.4632 12.2504
88.7592 44.8122
74.4603 18.2914
55.6355 7.32044
47.7585 65.4695
18.2699 48.8366
71.4134 18.1051
30.2271 68.4041
93.7287 96.5196
25.6882 81.3328
41.0062 19.1162
27.6941 54.2329
6.9262 0.654029
55.1166 46.627
17.818 41.0463
56.4742 51.0294
20.2984 1.2026
39.8146 63.0309
64.1312 88.0424
66.0696 59.0596
89.8241 92.1688
74.8038 19.5497
9.00127 21.821
23.8935 63.0714
23.36 16.7628
94.6019 63.3978
30.7419 63.217
56.4563 16.3768
85.649 77.9724
57.0269 57.364
